-0.06
-0.059
-0.058
-0.057
-0.057
-0.057
-0.057
-0.057
-0.056
-0.055
-0.055
-0.054
-0.055
-0.054
-0.054
-0.053
-0.052
-0.051
-0.051
-0.051
-0.051
-0.05
-0.043
-0.037
-0.031
-0.021
-0.011
-0.006
0.002
0.009
0.013
0.016
0.015
0.013
-0.001
-0.013
-0.026
-0.038
-0.048
-0.048
-0.048
-0.047
-0.047
-0.046
-0.045
-0.044
-0.047
-0.046
-0.049
-0.051
-0.046
-0.025
0.052
0.143
0.244
0.339
0.413
0.415
0.34
0.24
0.137
0.043
-0.041
-0.057
-0.057
-0.058
-0.058
-0.057
-0.057
-0.057
-0.057
-0.056
-0.045
-0.031
-0.015
0.001
0.019
0.03
0.046
0.062
0.076
0.087
0.096
0.098
0.098
0.098
0.097
0.094
0.09
0.085
0.071
0.056
0.041
0.023
0.005
-0.004
-0.018
-0.031
-0.042
-0.051
-0.06
-0.06
-0.059
-0.057
-0.056
-0.054
-0.054
-0.055
-0.054
-0.053
-0.052
-0.051
-0.05
-0.049
-0.047
-0.045
-0.044
-0.043
-0.043
-0.044
-0.044
-0.043
-0.044
-0.044
-0.043
-0.044
-0.043
-0.042
-0.042
-0.042
-0.041
-0.04
-0.033
-0.023
-0.013
-0.002
0.01
0.016
0.021
0.024
0.023
0.019
0.012
0.005
-0.007
-0.017
-0.026
-0.033
-0.039
-0.04
-0.04
-0.038
-0.038
-0.037
-0.037
-0.036
-0.039
-0.043
-0.038
-0.023
0.005
0.048
0.144
0.217
0.265
0.289
0.288
0.22
0.128
0.049
-0.015
-0.061
-0.089
-0.076
-0.064
-0.054
-0.05
-0.048
-0.048
-0.048
-0.047
-0.046
-0.045
-0.043
-0.039
-0.034
-0.02
-0.004
0.013
0.029
0.044
0.054
0.068
0.08
0.089
0.096
0.1
0.1
0.095
0.09
0.084
0.076
0.066
0.058
0.046
0.032
0.018
0.003
-0.011
-0.021
-0.033
-0.042
-0.05
-0.057
-0.062
-0.062
-0.062
-0.061
-0.06
-0.059
-0.059
-0.059
-0.06
-0.059
-0.058
-0.057
-0.056
-0.055
-0.055
-0.054
-0.053
-0.053
-0.054
-0.055
-0.056
-0.057
-0.057
-0.056
-0.055
-0.054
-0.054
-0.054
-0.053
-0.051
-0.041
-0.028
-0.015
-0.001
0.011
0.015
