0.073
0.065
0.057
0.048
0.038
0.027
0.017
0.007
-0.003
-0.011
-0.019
-0.028
-0.036
-0.045
-0.052
-0.057
-0.061
-0.062
-0.062
-0.061
-0.062
-0.062
-0.061
-0.061
-0.061
-0.06
-0.059
-0.057
-0.056
-0.055
-0.055
-0.055
-0.055
-0.055
-0.053
-0.051
-0.049
-0.047
-0.045
-0.045
-0.045
-0.045
-0.045
-0.045
-0.045
-0.044
-0.043
-0.042
-0.041
-0.04
-0.04
-0.039
-0.038
-0.038
-0.038
-0.038
-0.038
-0.038
-0.038
-0.038
-0.037
-0.037
-0.037
-0.036
-0.035
-0.035
-0.034
-0.033
-0.033
-0.033
-0.032
-0.03
-0.026
-0.02
-0.013
-0.003
0.006
0.015
0.023
0.029
0.034
0.037
0.04
0.041
0.04
0.038
0.035
0.029
0.021
0.014
0.006
-0.004
-0.012
-0.019
-0.027
-0.031
-0.033
-0.034
-0.035
-0.032
-0.031
-0.03
-0.028
-0.028
-0.028
-0.028
-0.028
-0.029
-0.028
-0.027
-0.027
-0.027
-0.03
-0.031
-0.036
-0.039
-0.032
-0.01
0.022
0.068
0.124
0.181
0.238
0.294
0.337
0.382
0.403
0.4
0.371
0.331
0.265
0.197
0.13
0.062
-0.002
-0.05
-0.081
-0.096
-0.094
-0.08
-0.069
-0.061
-0.056
-0.054
-0.054
-0.053
-0.052
-0.052
-0.053
-0.052
-0.051
-0.051
-0.051
-0.05
-0.049
-0.049
-0.049
-0.047
-0.043
-0.037
-0.03
-0.02
-0.011
-0.002
0.007
0.015
0.023
0.031
0.04
0.05
0.06
0.069
0.077
0.082
0.087
0.091
0.093
0.095
0.096
0.096
0.095
0.094
0.092
0.09
0.088
0.085
0.082
0.079
0.069
0.062
0.053
0.043
0.032
0.025
0.015
0.006
-0.003
-0.011
-0.019
-0.026
-0.035
-0.043
-0.05
-0.057
-0.062
-0.064
-0.063
-0.064
-0.064
-0.063
-0.063
-0.063
-0.063
-0.062
-0.062
-0.062
-0.062
-0.061
-0.059
-0.059
-0.057
-0.056
-0.055
-0.056
-0.056
-0.056
-0.057
-0.057
-0.056
-0.055
-0.055
-0.054
-0.053
-0.053
-0.053
-0.052
-0.052
-0.052
-0.052
-0.051
-0.051
-0.05
-0.05
-0.049
-0.048
-0.047
-0.047
-0.047
-0.046
-0.045
-0.045
-0.045
-0.044
-0.044
-0.045
-0.044
-0.043
-0.043
-0.044
-0.042
-0.039
-0.035
-0.028
-0.019
-0.009
-0
0.008
0.015
0.02
0.023
0.025
0.024
0.023
0.02
0.017
0.011
0.004
-0.003
-0.01
-0.019
-0.026
-0.032
-0.035
-0.039
-0.041
-0.041
-0.041
-0.042
-0.041
-0.041
-0.04
-0.039
-0.039
-0.039
-0.039
-0.039
-0.039
-0.039
-0.039
-0.039
-0.038
-0.039
-0.043
-0.047
-0.04
-0.022
0.009
0.054
0.112
0.171
0.227
0.283
0.339
0.384
0.405
0.401
0.372
0.319
0.251
0.182
0.115
0.048
-0.016
-0.065
-0.098
-0.114
-0.112
-0.099
-0.086
-0.077
-0.071
-0.068
-0.068
-0.067
-0.066
-0.066
-0.065
-0.065
-0.064
-0.063
-0.063
-0.063
-0.062
-0.062
-0.062
-0.059
-0.054
-0.048
-0.04
-0.031
-0.022
-0.014
-0.006
0.003
0.013
0.022
0.033
0.043
0.053
0.061
0.068
0.073
0.077
0.08
0.082
0.083
0.084
0.084
0.085
0.085
0.085
0.082
0.08
0.076
0.072
0.067
0.058
0.052
0.044
0.036
0.02
0.013
0.003
-0.007
-0.017
-0.02
-0.028
-0.037
-0.047
-0.056
-0.064
-0.069
-0.074
-0.075
-0.075
-0.074
-0.074
-0.072
-0.07
-0.069
-0.069
-0.068
-0.067
-0.067
-0.067
-0.065
-0.064
-0.063
-0.064
-0.064
-0.064
-0.064
-0.063
-0.062
-0.06
-0.059
-0.058
-0.057
-0.056
-0.056
-0.056
-0.055
-0.055
-0.055
-0.055
-0.055
-0.055
-0.054
-0.053
-0.053
-0.052
-0.052
-0.052
-0.052
-0.052
-0.051
-0.05
-0.048
-0.047
-0.046
-0.047
-0.047
-0.046
-0.045
-0.043
-0.041
-0.041
-0.039
-0.037
-0.032
-0.024
-0.015
-0.006
0.002
0.01
0.016
0.02
0.023
0.025
0.025
0.024
0.023
0.021
0.017
0.011
0.005
-0.002
-0.01
-0.018
-0.025
-0.032
-0.036
-0.038
-0.038
-0.037
-0.035
-0.035
-0.035
-0.035
-0.035
-0.035
-0.034
-0.033
-0.033
-0.032
-0.031
-0.031
-0.031
-0.03
-0.031
-0.035
-0.039
-0.032
-0.014
0.016
0.061
0.117
0.174
0.23
0.288
0.343
0.388
0.411
0.41
0.384
0.333
0.267
0.2
0.133
0.065
0
-0.05
-0.083
-0.099
-0.099
-0.087
-0.075
-0.066
-0.061
-0.059
-0.058
-0.058
-0.056
-0.056
-0.056
-0.056
-0.055
-0.055
-0.055
-0.054
-0.053
-0.053
-0.052
-0.049
-0.04
-0.035
-0.027
-0.018
-0.009
-0.004
0.005
0.015
0.023
0.033
0.043
0.052
0.062
0.071
0.079
0.086
0.091
0.094
0.096
0.097
0.098
0.099
0.099
0.099
0.097
0.095
0.093
0.091
0.087
0.083
0.077
0.07
0.062
0.052
0.043
0.033
0.022
0.012
0.003
-0.006
-0.015
-0.024
-0.032
-0.041
-0.048
-0.054
-0.057
-0.06
-0.06
-0.059
-0.06
-0.061
-0.06
-0.059
-0.059
-0.057
-0.056
-0.056
-0.055
-0.054
-0.052
-0.051
-0.05
-0.05
-0.048
-0.048
-0.049
-0.049
-0.048
-0.049
-0.047
-0.046
-0.045
-0.044
-0.044
-0.043
-0.042
-0.041
-0.04
-0.04
-0.041
-0.041
-0.041
-0.042
-0.041
-0.041
-0.04
-0.04
-0.039
-0.039
-0.037
-0.036
-0.035
-0.035
-0.032
-0.032
-0.032
-0.032
-0.031
-0.033
-0.032
-0.03
-0.026
-0.021
-0.014
-0.006
0.002
0.01
0.017
0.023
0.028
0.031
0.033
0.034
0.033
0.032
0.029
0.024
0.018
0.012
0.004
-0.004
-0.012
-0.018
-0.024
-0.029
-0.032
-0.034
-0.034
-0.034
-0.033
-0.033
-0.031
-0.031
-0.03
-0.029
-0.029
-0.029
-0.03
-0.03
-0.03
-0.03
-0.029
-0.03
-0.034
-0.039
-0.033
-0.016
0.014
0.058
0.115
0.172
0.228
0.284
0.339
0.386
0.41
0.409
0.355
0.304
0.236
0.167
0.101
0.062
-0.001
-0.051
-0.085
-0.101
-0.1
-0.087
-0.075
-0.066
-0.061
-0.06
-0.059
-0.058
-0.057
-0.058
-0.058
-0.057
-0.057
-0.056
-0.056
-0.056
-0.055
-0.054
-0.052
-0.048
-0.041
-0.036
-0.028
-0.018
-0.01
-0.003
0.005
0.013
0.021
0.03
0.04
0.051
0.061
0.07
0.078
0.084
0.087
0.089
0.091
0.091
0.09
0.091
0.091
0.089
0.088
0.086
0.084
0.08
