-0.053
-0.053
-0.053
-0.053
-0.054
-0.053
-0.053
-0.057
0.012
0.068
0.135
0.217
0.313
0.34
0.305
0.267
0.206
0.122
0.015
-0.021
-0.055
-0.078
-0.088
-0.081
-0.066
-0.066
-0.065
-0.066
-0.066
-0.065
-0.062
-0.061
-0.05
-0.043
-0.034
-0.021
-0.006
-0.002
0.019
0.034
0.049
0.064
0.079
0.079
0.083
0.083
0.083
0.084
0.085
0.082
0.074
0.063
0.049
0.035
0.022
0.012
-0.004
-0.021
-0.038
-0.051
-0.062
-0.066
-0.066
-0.067
-0.067
-0.066
-0.064
-0.063
-0.061
-0.061
-0.061
-0.061
-0.06
-0.06
-0.058
-0.058
-0.058
-0.058
-0.055
-0.055
-0.053
-0.053
-0.052
-0.051
-0.049
-0.049
-0.047
-0.047
-0.047
-0.047
-0.045
-0.044
-0.039
-0.035
-0.03
-0.022
-0.011
-0.002
0.009
0.015
0.02
0.022
0.024
0.019
0.008
-0.006
-0.019
-0.03
-0.038
-0.038
-0.037
-0.037
-0.037
-0.036
-0.034
-0.035
-0.033
-0.035
-0.039
-0.045
-0.043
-0.031
0.039
0.122
0.219
0.321
0.407
0.418
0.355
0.265
0.15
0.036
-0.058
-0.084
-0.089
-0.081
-0.068
-0.057
-0.049
-0.048
-0.046
-0.045
-0.046
-0.046
-0.044
-0.043
-0.031
-0.02
-0.008
0.006
0.033
0.053
0.073
0.09
0.104
0.106
0.105
0.101
0.099
0.098
0.096
0.092
0.082
0.067
0.049
0.031
0.015
0.005
-0.007
-0.021
-0.034
-0.045
-0.052
-0.052
-0.051
-0.051
-0.052
-0.052
-0.051
-0.051
-0.049
-0.048
-0.048
-0.048
-0.046
-0.046
-0.044
-0.043
-0.044
-0.044
-0.044
-0.045
-0.045
-0.043
-0.042
-0.041
-0.039
-0.038
-0.039
-0.04
-0.039
-0.039
-0.032
-0.026
-0.02
-0.01
0.002
0.009
0.017
0.022
0.021
0.02
0.006
-0.009
-0.022
-0.033
-0.044
-0.042
-0.041
-0.041
-0.043
-0.042
-0.041
-0.04
-0.043
-0.046
-0.051
-0.047
-0.03
0.006
0.11
0.211
0.305
0.377
0.425
0.385
0.272
0.154
0.046
-0.044
-0.114
-0.101
-0.088
-0.076
-0.068
-0.064
-0.062
-0.059
-0.059
-0.058
