0.053
0.061
0.066
0.066
0.066
0.063
0.058
0.049
0.037
0.023
0.009
-0.008
-0.024
-0.04
-0.051
-0.059
-0.063
-0.065
-0.067
-0.068
-0.069
-0.07
-0.069
-0.068
-0.068
-0.067
-0.066
-0.066
-0.065
-0.064
-0.064
-0.065
-0.064
-0.064
-0.069
-0.078
-0.072
-0.045
0.009
0.091
0.195
0.306
0.42
0.538
0.651
0.749
0.809
0.82
0.781
0.692
0.569
0.438
0.303
0.164
0.029
-0.079
-0.154
-0.196
-0.205
-0.184
-0.158
-0.139
-0.121
-0.116
-0.115
-0.114
-0.112
-0.117
-0.115
-0.113
-0.112
-0.111
-0.111
-0.11
-0.11
-0.109
-0.108
-0.104
-0.097
-0.086
-0.071
-0.053
-0.035
-0.017
0
0.016
0.031
0.05
0.07
0.09
0.109
0.127
0.152
0.164
0.174
0.181
0.186
0.178
0.181
0.184
0.184
0.183
0.181
0.177
0.171
0.164
0.158
0.15
0.139
0.126
0.112
0.095
0.074
0.052
0.031
0.011
-0.009
-0.028
-0.046
-0.065
-0.083
-0.1
-0.115
-0.128
-0.138
-0.142
-0.142
-0.141
-0.14
-0.138
-0.136
-0.134
-0.133
-0.13
-0.129
-0.128
-0.127
-0.125
-0.124
-0.122
-0.121
-0.119
-0.118
-0.117
-0.116
-0.116
-0.116
-0.116
-0.116
-0.115
-0.114
-0.113
-0.111
-0.11
-0.11
-0.11
-0.111
-0.11
-0.11
-0.108
-0.106
-0.102
-0.101
-0.1
-0.099
-0.099
-0.098
-0.097
-0.096
-0.095
-0.093
-0.092
-0.093
-0.093
-0.092
-0.092
-0.092
-0.091
-0.09
-0.086
-0.08
-0.07
-0.056
-0.04
-0.022
-0.005
0.012
0.025
0.035
0.044
0.048
0.048
0.047
0.044
0.038
0.029
0.018
0.005
-0.01
-0.027
-0.043
-0.056
-0.067
-0.076
-0.082
-0.084
-0.086
-0.086
-0.085
-0.084
-0.084
-0.083
-0.082
-0.082
-0.081
-0.079
-0.077
-0.076
-0.075
-0.074
-0.073
-0.074
-0.08
-0.091
-0.085
-0.058
-0.007
0.073
0.185
0.304
0.416
0.525
0.634
0.737
0.8
0.811
0.773
0.686
0.554
0.414
0.28
0.151
0.022
-0.091
-0.17
-0.212
-0.218
-0.196
-0.168
-0.149
