-0.055
-0.054
-0.054
-0.055
-0.055
-0.053
-0.051
-0.051
-0.051
-0.051
-0.05
-0.048
-0.046
-0.047
-0.047
-0.049
-0.049
-0.048
-0.046
-0.044
-0.034
-0.023
-0.01
0.004
0.016
0.019
0.016
0.01
0.004
-0.002
-0.01
-0.019
-0.028
-0.037
-0.044
-0.047
-0.047
-0.047
-0.047
-0.048
-0.049
-0.048
-0.046
-0.047
-0.042
-0.025
0.004
0.045
0.098
0.156
0.227
0.273
0.295
0.294
0.268
0.2
0.112
0.038
-0.017
-0.056
-0.081
-0.072
-0.066
-0.066
-0.066
-0.065
-0.063
-0.064
-0.063
-0.063
-0.06
-0.053
-0.042
-0.033
-0.017
-0.001
0.015
0.032
0.051
0.058
0.068
0.074
0.079
0.083
0.088
0.086
0.082
0.076
0.069
0.062
0.055
0.047
0.03
0.011
-0.008
-0.024
-0.044
-0.054
-0.062
-0.067
-0.072
-0.071
-0.07
-0.07
-0.071
-0.07
-0.067
-0.067
-0.066
-0.066
-0.067
-0.066
-0.063
-0.063
-0.061
-0.061
-0.061
-0.06
-0.058
-0.057
-0.056
-0.057
-0.057
-0.056
-0.054
-0.053
-0.051
-0.052
-0.053
-0.05
-0.045
-0.039
-0.023
-0.007
0.006
0.015
0.023
0.021
0.013
0.004
-0.004
-0.012
-0.022
-0.029
-0.035
-0.041
-0.046
-0.047
-0.046
-0.047
-0.045
-0.045
-0.045
-0.045
-0.043
-0.043
-0.013
0.025
0.076
0.139
0.215
0.271
0.272
0.27
0.244
0.195
0.123
0.081
0.028
-0.014
-0.044
-0.058
-0.058
-0.057
-0.056
-0.054
-0.053
-0.052
-0.043
-0.037
-0.031
-0.022
-0.01
-0.006
0.016
0.038
0.058
0.074
0.09
0.093
0.094
0.093
0.094
0.098
0.099
0.097
0.088
0.079
0.068
0.057
0.046
0.04
0.019
-0
-0.019
-0.036
-0.052
-0.054
-0.055
-0.056
-0.056
-0.054
-0.051
-0.05
-0.05
-0.05
-0.051
-0.051
-0.05
-0.048
-0.047
-0.046
-0.047
-0.047
-0.045
-0.043
-0.043
-0.041
-0.039
-0.04
-0.041
-0.041
-0.042
-0.043
-0.041
-0.039
-0.03
-0.023
-0.015
-0.007
0.002
0.006
0.013
0.019
0.025
0.028
0.027
0.022
0.008
-0.006
