-0.207
-0.182
-0.157
-0.14
-0.129
-0.125
-0.123
-0.123
-0.122
-0.121
-0.121
-0.119
-0.118
-0.117
-0.117
-0.116
-0.115
-0.115
-0.114
-0.109
-0.1
-0.089
-0.074
-0.056
-0.037
-0.018
0.001
0.018
0.035
0.054
0.073
0.093
0.11
0.128
0.143
0.157
0.166
0.174
0.178
0.18
0.182
0.184
0.185
0.183
0.18
0.176
0.17
0.164
0.158
0.15
0.14
0.127
0.112
0.095
0.075
0.053
0.033
0.014
-0.003
-0.019
-0.036
-0.054
-0.07
-0.086
-0.102
-0.114
-0.122
-0.127
-0.128
-0.128
-0.128
-0.128
-0.127
-0.125
-0.124
-0.122
-0.123
-0.122
-0.121
-0.119
-0.118
-0.114
-0.113
-0.111
-0.11
-0.109
-0.107
-0.106
-0.104
-0.102
-0.101
-0.1
-0.098
-0.097
-0.096
-0.095
-0.094
-0.092
-0.091
-0.09
-0.088
-0.087
-0.087
-0.087
-0.087
-0.087
-0.086
-0.085
-0.085
-0.083
-0.082
-0.081
-0.079
-0.078
-0.076
-0.075
-0.074
-0.073
-0.072
-0.072
-0.071
-0.067
-0.06
-0.05
-0.037
-0.019
-0
0.016
0.03
0.043
0.053
0.061
0.065
0.066
0.065
0.062
0.055
0.045
0.034
0.02
0.004
-0.013
-0.029
-0.042
-0.052
-0.059
-0.064
-0.065
-0.066
-0.066
-0.067
-0.066
-0.073
-0.072
-0.071
-0.07
-0.069
-0.061
-0.061
-0.061
-0.061
-0.061
-0.06
-0.06
-0.067
-0.076
-0.065
-0.033
0.022
0.108
0.224
0.343
0.455
0.563
0.671
0.768
0.819
0.819
0.771
0.674
0.537
0.396
0.208
0.08
-0.047
-0.151
-0.222
-0.197
-0.197
-0.171
-0.139
-0.121
-0.111
-0.107
-0.106
-0.111
-0.109
-0.108
-0.108
-0.106
-0.104
-0.104
-0.103
-0.102
-0.1
-0.099
-0.097
-0.093
-0.086
-0.075
-0.061
-0.042
-0.024
-0.006
0.01
0.028
0.047
0.065
0.083
0.101
0.121
0.139
0.153
0.164
0.173
0.178
0.182
0.184
0.186
0.187
0.187
0.185
0.183
0.179
0.174
0.169
0.162
0.155
0.145
0.132
0.116
0.096
0.076
0.057
0.036
0.015
-0.003
-0.02
-0.037
-0.054
