-0.05
-0.048
-0.046
-0.048
-0.048
-0.048
-0.045
-0.04
-0.033
-0.026
-0.015
-0.004
0.006
0.016
0.024
0.024
0.015
0.004
-0.008
-0.019
-0.031
-0.036
-0.041
-0.044
-0.044
-0.043
-0.041
-0.039
-0.039
-0.04
-0.039
-0.038
-0.038
-0.042
0.025
0.078
0.144
0.224
0.317
0.346
0.338
0.305
0.248
0.169
0.064
0.001
-0.035
-0.059
-0.07
-0.064
-0.05
-0.052
-0.05
-0.051
-0.05
-0.047
-0.045
-0.047
-0.036
-0.029
-0.021
-0.008
0.007
0.01
0.032
0.048
0.065
0.082
0.097
0.095
0.099
0.1
0.1
0.102
0.102
0.098
0.088
0.076
0.063
0.051
0.037
0.027
0.009
-0.008
-0.024
-0.037
-0.049
-0.052
-0.054
-0.055
-0.055
-0.054
-0.052
-0.052
-0.052
-0.052
-0.051
-0.05
-0.048
-0.048
-0.046
-0.047
-0.046
-0.043
-0.041
-0.042
-0.04
-0.039
-0.04
-0.04
-0.039
-0.039
-0.039
-0.036
-0.034
-0.034
-0.032
-0.03
-0.026
-0.018
-0.008
-0.001
0.01
0.017
0.023
0.028
0.032
0.029
0.017
0.003
-0.01
-0.021
-0.029
-0.031
-0.031
-0.033
-0.034
-0.035
-0.033
-0.033
-0.033
-0.034
-0.035
-0.039
-0.04
-0.034
0.03
0.105
0.195
0.297
0.391
0.412
0.359
0.277
0.172
0.057
-0.044
-0.077
-0.09
-0.089
-0.077
-0.065
-0.055
-0.054
-0.052
-0.052
-0.053
-0.052
-0.05
-0.05
-0.041
-0.031
-0.019
-0.004
0.014
0.023
0.04
0.053
0.065
0.078
0.09
0.092
0.094
0.092
0.091
0.09
0.089
0.085
0.074
0.059
0.042
0.026
0.01
0
-0.015
-0.031
-0.046
-0.057
-0.065
-0.065
-0.062
-0.061
-0.061
-0.06
-0.059
-0.06
-0.059
-0.061
-0.062
-0.062
-0.059
-0.058
-0.056
-0.056
-0.057
-0.056
-0.054
-0.055
-0.054
-0.056
-0.058
-0.059
-0.057
-0.057
-0.054
-0.055
-0.056
-0.056
-0.054
-0.054
-0.047
-0.039
-0.032
-0.023
-0.009
-0.002
0.005
0.009
0.009
0.008
0.006
0
-0.01
-0.023
-0.035
-0.044
-0.051
-0.05
-0.049
-0.047
