-0.049
-0.05
-0.04
-0.026
-0.009
0.008
0.026
0.034
0.05
0.061
0.072
0.082
0.093
0.096
0.095
0.096
0.094
0.091
0.089
0.091
0.076
0.067
0.053
0.037
0.021
0.019
-0.003
-0.018
-0.034
-0.05
-0.062
-0.06
-0.059
-0.057
-0.057
-0.058
-0.059
-0.061
-0.06
-0.057
-0.058
-0.058
-0.058
-0.059
-0.059
-0.056
-0.057
-0.054
-0.054
-0.055
-0.054
-0.052
-0.053
-0.051
-0.05
-0.051
-0.052
-0.049
-0.045
-0.037
-0.026
-0.014
-0.003
0.004
0.009
0.011
0.011
0.008
0.004
-0.002
-0.014
-0.025
-0.036
-0.044
-0.05
-0.048
-0.05
-0.051
-0.05
-0.049
-0.049
-0.05
-0.054
-0.061
-0.059
-0.044
-0.016
0.028
0.128
0.225
0.302
0.354
0.382
0.337
0.223
0.112
0.02
-0.054
-0.109
-0.098
-0.084
-0.075
-0.07
-0.067
-0.065
-0.065
-0.064
-0.066
-0.066
-0.064
-0.059
-0.053
-0.038
-0.023
-0.007
0.01
0.028
0.037
0.05
0.061
0.07
0.079
0.087
0.089
0.089
0.085
0.082
0.078
0.074
0.068
0.053
0.034
0.015
-0.003
-0.019
-0.028
-0.038
-0.049
-0.058
-0.064
-0.067
-0.067
-0.066
-0.068
-0.069
-0.069
-0.067
-0.066
-0.065
-0.066
-0.067
-0.067
-0.065
-0.064
-0.063
-0.063
-0.064
-0.063
-0.061
-0.059
-0.058
-0.059
-0.061
-0.061
-0.06
-0.058
-0.057
-0.057
-0.058
-0.058
-0.057
-0.055
-0.04
-0.029
-0.017
-0.003
0.011
0.012
0.01
0.006
-0
-0.006
-0.013
-0.017
-0.026
-0.035
-0.042
-0.048
-0.052
-0.05
-0.046
-0.045
-0.04
-0.026
-0.002
0.036
0.086
0.143
0.224
0.278
0.306
0.309
0.29
0.222
0.131
0.055
-0.006
-0.05
-0.079
-0.069
-0.062
-0.059
-0.059
-0.059
-0.057
-0.057
-0.055
-0.053
-0.051
-0.047
-0.039
-0.029
-0.012
0.006
0.022
0.039
0.057
0.066
0.076
0.083
0.088
0.093
0.097
0.098
0.097
0.092
0.084
0.075
0.067
0.057
0.041
0.023
0.004
-0.015
-0.03
-0.039
-0.045
-0.05
-0.056
-0.06
-0.059
-0.059
-0.057
-0.056
-0.057
-0.057
-0.056
-0.055
-0.052
-0.051
-0.052
-0.052
-0.051
-0.051
-0.049
-0.047
-0.048
-0.048
-0.046
-0.045
-0.042
-0.041
-0.041
-0.042
-0.042
-0.042
-0.04
-0.04
-0.041
-0.04
-0.035
-0.03
-0.016
-0.002
0.01
0.02
0.03
0.032
0.028
0.022
0.011
-0.001
-0.013
-0.02
-0.025
-0.03
-0.035
-0.038
-0.038
-0.037
-0.036
-0.035
-0.036
-0.037
-0.036
-0.036
-0.01
0.026
0.073
0.131
0.203
0.26
0.293
0.3
0.28
0.235
0.166
0.098
0.04
-0.004
-0.036
-0.054
-0.057
-0.054
-0.052
-0.051
-0.052
-0.053
-0.053
-0.053
-0.047
-0.041
-0.035
-0.028
-0.017
-0.009
0.01
0.028
0.043
0.058
0.073
0.079
0.086
0.091
0.093
0.093
0.094
0.092
0.081
0.071
0.058
0.041
0.023
0.014
0.002
-0.012
-0.027
-0.04
-0.05
-0.058
-0.062
-0.063
-0.065
-0.066
-0.065
-0.065
-0.063
-0.061
-0.061
-0.062
-0.062
-0.062
-0.06
-0.059
-0.059
-0.06
-0.059
-0.059
-0.059
-0.057
-0.058
-0.058
-0.058
-0.055
-0.056
-0.054
-0.054
-0.056
-0.055
-0.053
-0.051
-0.049
-0.046
-0.043
-0.037
-0.03
-0.019
-0.007
0.001
0.006
0.011
0.012
-0.002
-0.015
-0.029
-0.041
-0.054
-0.055
-0.053
-0.05
-0.051
-0.052
-0.052
-0.054
-0.058
-0.061
0.008
0.068
0.139
0.224
0.324
0.355
0.311
0.271
0.203
0.108
-0.008
-0.037
-0.07
-0.086
-0.09
-0.081
-0.068
-0.067
-0.069
-0.067
-0.067
-0.067
-0.067
-0.065
-0.056
-0.045
-0.03
-0.019
-0.005
0.003
0.022
0.035
0.052
0.065
0.078
0.081
0.082
0.082
0.083
0.082
0.078
0.074
0.061
0.045
0.029
0.014
-0.002
-0.011
-0.026
-0.041
-0.053
-0.065
-0.072
-0.068
-0.066
-0.065
-0.063
-0.063
-0.064
-0.063
-0.061
-0.06
-0.059
-0.06
-0.061
-0.06
-0.057
-0.055
-0.053
-0.054
-0.054
-0.054
-0.053
-0.052
-0.051
-0.05
-0.05
-0.049
-0.047
-0.046
-0.039
-0.033
-0.025
-0.014
