-0.064
-0.063
-0.061
-0.061
-0.057
-0.053
-0.046
-0.036
-0.024
-0.014
0.003
0.019
0.036
0.054
0.07
0.077
0.083
0.086
0.089
0.092
0.094
0.092
0.086
0.077
0.067
0.057
0.047
0.036
0.019
0.001
-0.016
-0.032
-0.045
-0.053
-0.057
-0.061
-0.062
-0.059
-0.056
-0.055
-0.053
-0.054
-0.054
-0.054
-0.051
-0.05
-0.049
-0.05
-0.049
-0.049
-0.046
-0.046
-0.045
-0.045
-0.045
-0.045
-0.043
-0.042
-0.042
-0.041
-0.039
-0.034
-0.026
-0.018
-0.005
0.006
0.015
0.023
0.031
0.03
0.021
0.009
-0.004
-0.017
-0.028
-0.032
-0.034
-0.035
-0.036
-0.035
-0.033
-0.033
-0.033
-0.034
-0.036
-0.036
-0.037
-0.042
0.006
0.064
0.135
0.22
0.32
0.371
0.354
0.31
0.241
0.149
0.038
-0.02
-0.051
-0.07
-0.076
-0.066
-0.052
-0.052
-0.049
-0.05
-0.051
-0.05
-0.048
-0.049
-0.04
-0.031
-0.022
-0.01
0.006
0.013
0.033
0.049
0.064
0.079
0.093
0.093
0.096
0.096
0.095
0.095
0.096
0.092
0.084
0.072
0.058
0.043
0.03
0.02
0.004
-0.013
-0.03
-0.044
-0.056
-0.059
-0.06
-0.061
-0.061
-0.061
-0.06
-0.059
-0.058
-0.058
-0.058
-0.057
-0.055
-0.055
-0.054
-0.055
-0.057
-0.057
-0.055
-0.053
-0.052
-0.051
-0.052
-0.051
-0.049
-0.048
-0.048
-0.048
-0.049
-0.051
-0.053
-0.052
-0.047
-0.043
-0.037
-0.028
-0.017
-0.011
-0.001
0.006
0.01
0.013
0.014
0.011
-0.003
-0.016
-0.031
-0.043
-0.052
-0.052
-0.052
-0.052
-0.054
-0.054
-0.053
-0.05
-0.053
-0.053
-0.056
-0.061
-0.058
-0.04
0.056
0.142
0.241
0.342
0.425
0.408
0.313
0.203
0.087
-0.019
-0.106
-0.095
-0.084
-0.077
-0.073
-0.07
-0.068
-0.066
-0.065
-0.062
-0.061
-0.061
-0.06
-0.054
-0.042
-0.027
-0.009
0.008
0.026
0.036
0.048
0.06
0.071
0.08
0.087
0.088
0.085
0.082
0.08
0.077
0.072
0.065
0.048
0.03
0.013
-0.003
-0.019
-0.028
-0.041
-0.052
-0.06
-0.066
-0.07
-0.069
-0.069
-0.07
-0.069
-0.067
-0.066
-0.066
-0.065
-0.064
-0.063
-0.062
-0.06
-0.06
-0.061
-0.062
-0.061
-0.059
-0.056
-0.055
-0.055
-0.056
-0.058
-0.058
-0.057
-0.056
-0.058
-0.057
-0.056
-0.055
-0.054
-0.052
-0.042
-0.032
-0.018
-0.003
0.011
0.016
0.016
0.013
0.008
0.001
-0.007
-0.015
-0.025
-0.034
-0.041
-0.044
-0.046
-0.045
-0.044
-0.044
-0.043
-0.042
-0.04
-0.04
-0.016
-0.006
0.018
0.053
0.099
0.13
0.192
0.252
0.288
0.301
0.289
0.245
0.146
0.064
0
-0.046
-0.078
-0.067
-0.058
-0.056
-0.055
-0.052
-0.05
-0.051
-0.05
-0.049
-0.034
-0.015
0.008
0.033
0.057
0.067
0.077
0.084
0.091
0.097
0.102
0.102
0.099
0.094
0.088
0.082
0.074
0.065
0.048
0.028
0.011
-0.005
-0.021
-0.03
-0.039
-0.049
-0.055
-0.057
-0.056
-0.055
-0.053
-0.052
-0.052
-0.05
-0.047
-0.047
-0.046
-0.048
-0.049
-0.047
-0.045
-0.044
-0.043
-0.043
-0.043
-0.043
-0.042
-0.043
-0.043
-0.044
-0.044
-0.042
-0.038
-0.038
-0.036
-0.037
-0.037
-0.036
-0.032
-0.028
-0.016
-0.004
0.008
0.02
0.032
0.033
0.029
0.021
0.011
0.001
-0.009
-0.016
-0.022
-0.029
-0.033
-0.034
-0.033
-0.032
-0.032
-0.032
-0.032
-0.032
-0.031
-0.032
-0.01
0.022
0.067
0.123
0.192
0.248
0.285
0.296
0.283
0.247
0.188
0.121
0.057
0.007
-0.029
-0.051
-0.057
-0.053
-0.052
-0.053
-0.052
-0.052
-0.051
-0.052
-0.047
-0.044
-0.038
-0.029
-0.017
-0.008
0.009
0.024
0.039
0.056
0.073
0.079
0.086
0.09
0.092
0.094
0.096
0.095
0.09
0.081
0.072
0.062
0.051
0.039
0.022
0.002
-0.018
-0.036
-0.051
-0.058
-0.062
-0.066
-0.068
-0.069
-0.067
-0.067
-0.065
-0.065
-0.066
-0.065
-0.063
-0.062
-0.06
-0.06
-0.06
-0.06
-0.058
-0.058
-0.058
-0.057
-0.057
-0.058
-0.057
-0.056
-0.056
-0.058
