0.089
0.086
0.083
0.078
0.071
0.064
0.045
0.027
0.011
-0.004
-0.021
-0.028
-0.04
-0.05
-0.057
-0.062
-0.067
-0.066
-0.066
-0.066
-0.063
-0.061
-0.059
-0.058
-0.058
-0.058
-0.056
-0.054
-0.053
-0.052
-0.051
-0.051
-0.05
-0.047
-0.045
-0.047
-0.045
-0.045
-0.044
-0.042
-0.04
-0.042
-0.04
-0.04
-0.04
-0.038
-0.036
-0.036
-0.022
-0.011
0.002
0.017
0.03
0.029
0.027
0.022
0.007
-0.006
-0.019
-0.028
-0.037
-0.036
-0.036
-0.036
-0.035
-0.035
-0.034
-0.034
-0.024
-0.003
0.031
0.077
0.134
0.191
0.254
0.291
0.306
0.296
0.259
0.192
0.109
0.043
-0.006
-0.039
-0.058
-0.05
-0.048
-0.047
-0.047
-0.046
-0.044
-0.044
-0.043
-0.041
-0.036
-0.029
-0.019
-0.01
0.006
0.021
0.037
0.055
0.073
0.082
0.09
0.095
0.1
0.103
0.105
0.103
0.099
0.092
0.084
0.076
0.066
0.056
0.038
0.02
0.005
-0.01
-0.023
-0.032
-0.04
-0.048
-0.054
-0.056
-0.055
-0.054
-0.054
-0.054
-0.056
-0.056
-0.055
-0.054
-0.053
-0.053
-0.052
-0.051
-0.05
-0.049
-0.048
-0.049
-0.049
-0.048
-0.047
-0.047
-0.047
-0.048
-0.048
-0.048
-0.046
-0.046
-0.046
-0.047
-0.046
-0.044
-0.039
-0.033
-0.02
-0.008
0.003
0.013
0.023
0.024
0.018
0.009
-0.003
-0.015
-0.027
-0.034
-0.039
-0.043
-0.045
-0.045
-0.043
-0.043
-0.043
-0.045
-0.046
-0.047
-0.045
-0.046
-0.013
0.031
0.087
0.155
0.236
0.292
0.306
0.293
0.257
0.197
0.114
0.047
-0.002
-0.039
-0.062
-0.071
-0.064
-0.063
-0.061
-0.062
-0.062
-0.062
-0.06
-0.061
-0.056
-0.051
-0.044
-0.034
-0.006
0.019
0.043
0.063
0.08
0.082
0.082
0.081
0.083
0.085
0.084
0.082
0.076
0.067
0.056
0.045
0.033
0.021
0.003
-0.015
-0.033
-0.048
-0.061
-0.066
-0.068
-0.071
-0.073
-0.072
-0.071
-0.071
-0.07
-0.069
-0.069
-0.068
-0.065
-0.065
-0.063
-0.064
-0.065
-0.064
