-0.062
-0.061
-0.06
-0.06
-0.061
-0.059
-0.047
-0.033
-0.016
-0
0.015
0.024
0.039
0.054
0.067
0.078
0.086
0.087
0.087
0.088
0.088
0.085
0.079
0.075
0.061
0.047
0.033
0.017
-0.002
-0.011
-0.026
-0.038
-0.048
-0.058
-0.067
-0.067
-0.068
-0.067
-0.066
-0.065
-0.066
-0.066
-0.066
-0.065
-0.063
-0.061
-0.061
-0.061
-0.063
-0.063
-0.062
-0.061
-0.062
-0.062
-0.062
-0.061
-0.059
-0.058
-0.059
-0.058
-0.058
-0.057
-0.055
-0.054
-0.055
-0.056
-0.047
-0.039
-0.028
-0.015
-0.003
0
0.005
0.005
0.002
-0.003
-0.009
-0.018
-0.027
-0.033
-0.039
-0.045
-0.051
-0.051
-0.051
-0.05
-0.047
-0.045
-0.045
-0.046
-0.044
-0.049
-0.047
-0.033
-0.009
0.026
0.126
0.229
0.312
0.368
0.397
0.353
0.237
0.126
0.033
-0.043
-0.104
-0.095
-0.082
-0.072
-0.065
-0.062
-0.062
-0.063
-0.062
-0.061
-0.059
-0.056
-0.046
-0.041
-0.022
-0.002
0.018
0.034
0.056
0.066
0.076
0.085
0.09
0.092
0.094
0.094
0.092
0.089
0.083
0.074
0.065
0.057
0.036
0.02
0.002
-0.016
-0.033
-0.036
-0.042
-0.047
-0.051
-0.055
-0.055
-0.055
-0.054
-0.053
-0.054
-0.055
-0.055
-0.054
-0.052
-0.05
-0.049
-0.049
-0.049
-0.048
-0.047
-0.045
-0.045
-0.046
-0.047
-0.047
-0.046
-0.045
-0.044
-0.044
-0.044
-0.043
-0.041
-0.038
-0.037
-0.036
-0.032
-0.027
-0.015
-0.002
0.01
0.019
0.028
0.03
0.026
0.021
0.012
0
-0.013
-0.018
-0.024
-0.027
-0.029
-0.032
-0.034
-0.033
-0.032
-0.031
-0.03
-0.03
-0.03
-0.029
-0.004
0.033
0.08
0.136
0.206
0.263
0.297
0.307
0.291
0.247
0.179
0.112
0.052
0.007
-0.024
-0.045
-0.05
-0.047
-0.046
-0.046
-0.045
-0.046
-0.047
-0.045
-0.039
-0.033
-0.025
-0.018
-0.009
-0.002
0.016
0.034
0.05
0.066
0.082
0.087
0.092
0.098
0.101
0.101
0.099
0.099
0.093
0.086
0.076
0.064
