0.018
0.051
0.096
0.131
0.189
0.251
0.287
0.295
0.28
0.24
0.149
0.075
0.016
-0.03
-0.063
-0.059
-0.058
-0.058
-0.059
-0.06
-0.058
-0.058
-0.055
-0.051
-0.046
-0.038
-0.026
-0.017
0.001
0.016
0.03
0.046
0.063
0.07
0.079
0.083
0.085
0.087
0.089
0.087
0.083
0.074
0.062
0.051
0.04
0.029
0.014
-0.005
-0.024
-0.042
-0.056
-0.063
-0.067
-0.071
-0.073
-0.074
-0.073
-0.072
-0.07
-0.07
-0.071
-0.07
-0.069
-0.067
-0.064
-0.063
-0.063
-0.063
-0.061
-0.06
-0.058
-0.058
-0.059
-0.06
-0.059
-0.058
-0.057
-0.057
-0.058
-0.059
-0.057
-0.057
-0.055
-0.053
-0.051
-0.048
-0.04
-0.032
-0.018
-0.007
0.001
0.007
0.013
0.013
0.006
-0.004
-0.017
-0.03
-0.041
-0.045
-0.047
-0.048
-0.049
-0.049
-0.047
-0.046
-0.046
-0.045
-0.046
-0.047
-0.049
-0.052
0.015
0.071
0.137
0.219
0.317
0.348
0.337
0.301
0.218
0.12
0.014
-0.035
-0.067
-0.067
-0.067
-0.064
-0.064
-0.064
-0.064
-0.062
-0.054
-0.045
-0.036
-0.026
-0.012
-0.003
0.016
0.035
0.05
0.065
0.081
0.085
0.089
0.092
0.092
0.09
0.09
0.087
0.08
0.071
0.058
0.043
0.028
0.017
0.002
-0.013
-0.03
-0.045
-0.056
-0.06
-0.059
-0.058
-0.059
-0.059
-0.058
-0.057
-0.054
-0.052
-0.052
-0.053
-0.053
-0.052
-0.051
-0.05
-0.05
-0.051
-0.049
-0.048
-0.045
-0.043
-0.043
-0.044
-0.044
-0.045
-0.044
-0.043
-0.044
-0.045
-0.045
-0.045
-0.04
-0.033
-0.027
-0.021
-0.012
-0.004
0.007
0.016
0.022
0.024
0.025
0.022
0.012
0.001
-0.012
-0.026
-0.036
-0.038
-0.037
-0.036
-0.036
-0.037
-0.036
-0.035
-0.033
-0.031
-0.032
-0.039
-0.041
-0.032
0.036
0.117
0.212
0.313
0.404
0.421
0.362
0.278
0.167
0.048
-0.053
-0.082
-0.088
-0.08
-0.067
-0.056
-0.049
-0.049
-0.048
-0.046
-0.046
-0.047
-0.047
-0.047
-0.036
-0.024
-0.011
0.001
