-0.06
-0.057
-0.057
-0.056
-0.052
-0.049
-0.043
-0.034
-0.022
-0.013
0.005
0.021
0.036
0.053
0.072
0.078
0.087
0.092
0.095
0.097
0.1
0.098
0.093
0.084
0.074
0.063
0.052
0.041
0.024
0.006
-0.013
-0.03
-0.044
-0.051
-0.055
-0.059
-0.061
-0.061
-0.058
-0.057
-0.055
-0.054
-0.055
-0.055
-0.053
-0.052
-0.05
-0.05
-0.05
-0.051
-0.049
-0.049
-0.047
-0.047
-0.047
-0.046
-0.044
-0.045
-0.043
-0.044
-0.045
-0.046
-0.044
-0.043
-0.041
-0.041
-0.04
-0.035
-0.028
-0.021
-0.007
0.005
0.014
0.022
0.029
0.029
0.022
0.01
-0.004
-0.017
-0.028
-0.033
-0.034
-0.036
-0.038
-0.039
-0.038
-0.038
-0.036
-0.036
-0.037
-0.038
-0.038
-0.042
0.026
0.081
0.147
0.228
0.325
0.356
0.347
0.31
0.246
0.159
0.05
-0.011
-0.045
-0.066
-0.076
-0.071
-0.056
-0.055
-0.055
-0.054
-0.055
-0.055
-0.054
-0.052
-0.041
-0.033
-0.024
-0.013
0
0.006
0.026
0.042
0.057
0.072
0.087
0.089
0.091
0.093
0.092
0.091
0.092
0.091
0.078
0.064
0.048
0.03
0.011
0.001
-0.016
-0.031
-0.045
-0.055
-0.062
-0.06
-0.062
-0.061
-0.062
-0.063
-0.062
-0.06
-0.06
-0.06
-0.062
-0.063
-0.063
-0.06
-0.06
-0.06
-0.061
-0.061
-0.06
-0.057
-0.056
-0.055
-0.055
-0.055
-0.054
-0.052
-0.053
-0.052
-0.053
-0.054
-0.053
-0.05
-0.046
-0.04
-0.035
-0.029
-0.02
-0.013
-0.006
0.003
0.008
0.01
0.006
0.001
-0.013
-0.026
-0.036
-0.043
-0.049
-0.048
-0.05
-0.051
-0.05
-0.048
-0.047
-0.045
-0.048
-0.054
-0.056
-0.047
-0.026
0.008
0.102
0.203
0.294
0.361
0.403
0.37
0.259
0.141
0.039
-0.043
-0.107
-0.101
-0.086
-0.076
-0.068
-0.064
-0.062
-0.064
-0.064
-0.065
-0.064
-0.061
-0.056
-0.051
-0.037
-0.024
-0.008
0.009
0.027
0.036
0.048
0.059
0.069
0.078
0.087
0.088
0.086
0.082
0.08
0.078
0.075
0.071
