-0.111
-0.11
-0.101
-0.099
-0.098
-0.097
-0.095
-0.103
-0.102
-0.101
-0.101
-0.101
-0.099
-0.098
-0.097
-0.095
-0.093
-0.092
-0.091
-0.09
-0.089
-0.089
-0.088
-0.087
-0.086
-0.085
-0.084
-0.083
-0.082
-0.081
-0.08
-0.08
-0.079
-0.078
-0.077
-0.076
-0.075
-0.074
-0.073
-0.072
-0.07
-0.069
-0.064
-0.056
-0.045
-0.031
-0.015
0.002
0.018
0.031
0.043
0.052
0.058
0.061
0.062
0.06
0.056
0.049
0.04
0.028
0.014
-0.002
-0.018
-0.033
-0.046
-0.055
-0.058
-0.061
-0.063
-0.063
-0.062
-0.065
-0.064
-0.063
-0.063
-0.063
-0.062
-0.061
-0.061
-0.06
-0.059
-0.058
-0.058
-0.058
-0.06
-0.069
-0.072
-0.054
-0.013
0.053
0.146
0.256
0.365
0.473
0.58
0.684
0.715
0.745
0.727
0.663
0.554
0.472
0.342
0.214
0.086
-0.03
-0.117
-0.171
-0.192
-0.182
-0.155
-0.133
-0.119
-0.112
-0.11
-0.108
-0.108
-0.107
-0.106
-0.105
-0.104
-0.102
-0.1
-0.099
-0.099
-0.098
-0.097
-0.095
-0.09
-0.081
-0.068
-0.053
-0.035
-0.017
0.001
0.017
0.033
0.05
0.069
0.086
0.104
0.123
0.139
0.152
0.162
0.17
0.175
0.178
0.18
0.182
0.182
0.181
0.179
0.176
0.171
0.166
0.161
0.154
0.146
0.135
0.106
0.09
0.07
0.05
0.031
0.027
0.008
-0.009
-0.026
-0.042
-0.059
-0.075
-0.091
-0.105
-0.114
-0.12
-0.123
-0.123
-0.122
-0.121
-0.12
-0.119
-0.118
-0.116
-0.116
-0.115
-0.113
-0.112
-0.112
-0.11
-0.117
-0.116
-0.115
-0.113
-0.112
-0.103
-0.102
-0.101
-0.101
-0.1
-0.099
-0.098
-0.097
-0.097
-0.095
-0.094
-0.094
-0.092
-0.091
-0.091
-0.091
-0.09
-0.089
-0.088
-0.087
-0.086
-0.085
-0.084
-0.084
-0.083
-0.082
-0.081
-0.081
-0.08
-0.08
-0.08
-0.079
-0.078
-0.077
-0.075
-0.071
-0.062
-0.051
-0.038
-0.021
-0.005
0.01
0.024
0.036
0.044
0.05
0.053
0.053
0.052
0.047
0.04
0.03
0.018
0.004
-0.012
