0.463
0.33
0.19
0.054
-0.062
-0.146
-0.197
-0.215
-0.2
-0.172
-0.151
-0.138
-0.13
-0.128
-0.127
-0.126
-0.125
-0.125
-0.125
-0.123
-0.122
-0.12
-0.119
-0.117
-0.115
-0.113
-0.111
-0.104
-0.093
-0.079
-0.063
-0.044
-0.025
-0.007
0.009
0.025
0.06
0.08
0.099
0.118
0.137
0.136
0.151
0.163
0.17
0.174
0.177
0.18
0.181
0.183
0.182
0.18
0.175
0.17
0.165
0.16
0.154
0.146
0.135
0.121
0.105
0.085
0.059
0.037
0.018
0
-0.017
-0.031
-0.049
-0.066
-0.083
-0.1
-0.114
-0.123
-0.129
-0.132
-0.131
-0.129
-0.128
-0.127
-0.125
-0.124
-0.123
-0.121
-0.12
-0.119
-0.118
-0.117
-0.115
-0.114
-0.112
-0.11
-0.108
-0.107
-0.106
-0.104
-0.102
-0.1
-0.099
-0.097
-0.095
-0.095
-0.096
-0.095
-0.094
-0.092
-0.09
-0.087
-0.086
-0.085
-0.084
-0.085
-0.086
-0.086
-0.085
-0.085
-0.084
-0.084
-0.083
-0.082
-0.081
-0.079
-0.077
-0.075
-0.075
-0.074
-0.073
-0.072
-0.07
-0.064
-0.055
-0.043
-0.028
-0.009
0.009
0.023
0.036
0.048
0.057
0.063
0.066
0.067
0.066
0.061
0.055
0.045
0.033
0.017
-0.001
-0.02
-0.036
-0.048
-0.058
-0.065
-0.067
-0.067
-0.06
-0.059
-0.058
-0.056
-0.055
-0.062
-0.061
-0.06
-0.059
-0.058
-0.058
-0.057
-0.057
-0.058
-0.059
-0.062
-0.072
-0.073
-0.051
-0.008
0.062
0.165
0.285
0.397
0.504
0.612
0.721
0.8
0.825
0.802
0.731
0.608
0.467
0.333
0.206
0.076
-0.045
-0.135
-0.187
-0.204
-0.19
-0.161
-0.139
-0.126
-0.12
-0.118
-0.117
-0.116
-0.114
-0.113
-0.111
-0.109
-0.108
-0.107
-0.106
-0.106
-0.105
-0.103
-0.1
-0.094
-0.083
-0.069
-0.051
-0.033
-0.014
0.002
0.019
0.036
0.054
0.07
0.089
0.109
0.128
0.144
0.157
0.167
0.173
0.177
0.18
0.181
0.183
0.184
0.184
0.182
0.179
0.174
0.168
0.162
0.155
0.147
0.136
0.122
0.104
0.084
