-0.116
-0.115
-0.114
-0.113
-0.111
-0.108
-0.107
-0.107
-0.106
-0.105
-0.105
-0.104
-0.103
-0.103
-0.101
-0.1
-0.099
-0.097
-0.095
-0.093
-0.092
-0.091
-0.091
-0.09
-0.086
-0.085
-0.084
-0.082
-0.072
-0.075
-0.075
-0.074
-0.073
-0.081
-0.08
-0.08
-0.079
-0.077
-0.076
-0.075
-0.074
-0.074
-0.074
-0.073
-0.07
-0.063
-0.053
-0.04
-0.023
-0.005
0.012
0.026
0.038
0.048
0.056
0.061
0.063
0.062
0.058
0.051
0.041
0.029
0.016
0.001
-0.018
-0.035
-0.049
-0.06
-0.067
-0.072
-0.073
-0.074
-0.074
-0.074
-0.074
-0.073
-0.072
-0.072
-0.071
-0.07
-0.069
-0.067
-0.067
-0.067
-0.067
-0.067
-0.069
-0.077
-0.082
-0.068
-0.031
0.029
0.117
0.226
0.345
0.461
0.57
0.674
0.762
0.807
0.801
0.747
0.647
0.516
0.375
0.237
0.106
-0.016
-0.113
-0.18
-0.211
-0.208
-0.183
-0.159
-0.142
-0.133
-0.13
-0.129
-0.12
-0.118
-0.116
-0.114
-0.113
-0.12
-0.119
-0.118
-0.117
-0.117
-0.116
-0.114
-0.11
-0.103
-0.092
-0.077
-0.058
-0.039
-0.019
-0.002
0.015
0.034
0.054
0.072
0.09
0.11
0.129
0.143
0.154
0.161
0.167
0.17
0.172
0.174
0.176
0.177
0.175
0.171
0.167
0.161
0.155
0.148
0.14
0.129
0.117
0.102
0.082
0.061
0.041
0.021
0.001
-0.017
-0.034
-0.05
-0.066
-0.083
-0.102
-0.118
-0.131
-0.138
-0.142
-0.142
-0.142
-0.141
-0.139
-0.138
-0.137
-0.135
-0.133
-0.131
-0.13
-0.128
-0.127
-0.127
-0.127
-0.125
-0.125
-0.125
-0.124
-0.123
-0.123
-0.121
-0.119
-0.117
-0.116
-0.115
-0.114
-0.113
-0.113
-0.112
-0.11
-0.108
-0.107
-0.106
-0.11
-0.109
-0.108
-0.105
-0.104
-0.097
-0.097
-0.096
-0.096
-0.096
-0.095
-0.093
-0.092
-0.092
-0.091
-0.09
-0.089
-0.088
-0.087
-0.086
-0.083
-0.075
-0.063
-0.047
-0.031
-0.014
0.002
0.017
0.03
0.04
0.048
0.05
0.05
0.049
0.046
0.039
0.03
0.018
