-0.052
-0.052
-0.053
-0.054
-0.056
-0.056
-0.054
-0.053
-0.045
-0.038
-0.031
-0.021
-0.008
-0.002
0.005
0.009
0.011
0.011
0.01
0.004
-0.006
-0.02
-0.032
-0.041
-0.046
-0.046
-0.045
-0.045
-0.046
-0.052
-0.057
-0.05
-0.032
-0.003
0.087
0.188
0.285
0.361
0.412
0.389
0.291
0.172
0.063
-0.027
-0.097
-0.099
-0.086
-0.074
-0.065
-0.061
-0.057
-0.057
-0.055
-0.055
-0.055
-0.055
-0.053
-0.049
-0.034
-0.02
-0.005
0.013
0.032
0.042
0.058
0.071
0.082
0.091
0.099
0.099
0.098
0.096
0.091
0.085
0.071
0.054
0.036
0.018
0.002
-0.007
-0.02
-0.031
-0.043
-0.051
-0.054
-0.053
-0.052
-0.052
-0.053
-0.054
-0.055
-0.052
-0.052
-0.05
-0.048
-0.047
-0.048
-0.045
-0.043
-0.042
-0.04
-0.04
-0.041
-0.042
-0.041
-0.04
-0.039
-0.038
-0.039
-0.039
-0.038
-0.037
-0.027
-0.016
-0.005
0.007
0.021
0.026
0.029
0.028
0.023
0.016
0.009
0.002
-0.008
-0.017
-0.026
-0.033
-0.037
-0.037
-0.035
-0.034
-0.035
-0.036
-0.035
-0.034
-0.037
-0.032
-0.018
0.008
0.048
0.102
0.2
0.276
0.326
0.352
0.356
0.292
0.186
0.096
0.019
-0.04
-0.083
-0.07
-0.06
-0.053
-0.051
-0.05
-0.049
-0.048
-0.046
-0.045
-0.046
-0.044
-0.039
-0.032
-0.014
0.003
0.018
0.034
0.052
0.059
0.07
0.079
0.085
0.09
0.094
0.094
0.09
0.087
0.081
0.074
0.067
0.063
0.042
0.025
0.005
-0.014
-0.03
-0.033
-0.044
-0.051
-0.059
-0.065
-0.068
-0.065
-0.066
-0.065
-0.066
-0.067
-0.066
-0.064
-0.063
-0.061
-0.061
-0.062
-0.061
-0.059
-0.06
-0.059
-0.06
-0.061
-0.06
-0.057
-0.057
-0.056
-0.056
-0.058
-0.057
-0.054
-0.054
-0.052
-0.052
-0.053
-0.053
-0.048
-0.035
-0.02
-0.004
0.01
0.02
0.02
0.01
0.002
-0.009
-0.019
-0.028
-0.03
-0.037
-0.041
-0.047
-0.051
-0.052
-0.051
-0.05
-0.053
-0.017
0.031
0.091
0.163
