-0.127
-0.126
-0.124
-0.122
-0.121
-0.119
-0.117
-0.116
-0.115
-0.114
-0.113
-0.111
-0.11
-0.108
-0.107
-0.105
-0.105
-0.104
-0.102
-0.101
-0.1
-0.099
-0.098
-0.097
-0.097
-0.095
-0.093
-0.093
-0.092
-0.091
-0.091
-0.092
-0.092
-0.091
-0.091
-0.09
-0.088
-0.087
-0.087
-0.086
-0.085
-0.084
-0.083
-0.082
-0.082
-0.082
-0.082
-0.08
-0.076
-0.068
-0.057
-0.042
-0.025
-0.008
0.007
0.022
0.035
0.044
0.05
0.053
0.053
0.051
0.047
0.041
0.031
0.018
0.003
-0.013
-0.03
-0.045
-0.058
-0.068
-0.076
-0.08
-0.081
-0.081
-0.081
-0.081
-0.079
-0.078
-0.078
-0.077
-0.08
-0.08
-0.08
-0.078
-0.077
-0.072
-0.071
-0.071
-0.073
-0.084
-0.088
-0.071
-0.031
0.036
0.137
0.254
0.364
0.473
0.584
0.696
0.78
0.812
0.796
0.73
0.611
0.473
0.343
0.214
0.08
-0.048
-0.141
-0.196
-0.218
-0.208
-0.179
-0.156
-0.142
-0.134
-0.132
-0.131
-0.129
-0.128
-0.126
-0.125
-0.123
-0.123
-0.122
-0.121
-0.119
-0.118
-0.117
-0.114
-0.108
-0.1
-0.086
-0.069
-0.051
-0.033
-0.016
0.002
0.018
0.035
0.052
0.071
0.097
0.117
0.133
0.147
0.157
0.159
0.164
0.168
0.169
0.171
0.173
0.173
0.172
0.169
0.164
0.158
0.151
0.144
0.131
0.12
0.106
0.09
0.071
0.056
0.035
0.014
-0.006
-0.023
-0.039
-0.056
-0.077
-0.096
-0.114
-0.127
-0.138
-0.141
-0.144
-0.142
-0.143
-0.141
-0.14
-0.138
-0.136
-0.132
-0.131
-0.129
-0.128
-0.127
-0.129
-0.128
-0.127
-0.126
-0.126
-0.122
-0.121
-0.12
-0.118
-0.116
-0.116
-0.115
-0.113
-0.112
-0.112
-0.111
-0.109
-0.108
-0.107
-0.105
-0.103
-0.102
-0.101
-0.1
-0.098
-0.097
-0.097
-0.096
-0.096
-0.096
-0.095
-0.094
-0.093
-0.092
-0.09
-0.089
-0.088
-0.087
-0.085
-0.084
-0.083
-0.081
-0.075
-0.068
-0.057
-0.041
-0.009
0.01
0.027
0.042
0.054
0.048
0.054
0.058
0.058
0.056
