-0.055
-0.054
-0.053
-0.052
-0.048
-0.043
-0.036
-0.026
-0.014
-0.007
0.002
0.007
0.011
0.014
0.015
0.01
-0.002
-0.015
-0.026
-0.036
-0.043
-0.044
-0.045
-0.047
-0.048
-0.047
-0.045
-0.045
-0.044
-0.045
-0.049
-0.052
-0.043
-0.026
0.051
0.143
0.247
0.342
0.413
0.408
0.327
0.22
0.102
-0.001
-0.085
-0.099
-0.095
-0.082
-0.07
-0.063
-0.058
-0.056
-0.054
-0.053
-0.042
-0.029
-0.015
0.002
0.02
0.03
0.046
0.059
0.071
0.084
0.094
0.096
0.096
0.094
0.091
0.09
0.088
0.084
0.07
0.054
0.035
0.019
0.004
-0.002
-0.016
-0.027
-0.038
-0.048
-0.054
-0.054
-0.053
-0.053
-0.053
-0.053
-0.052
-0.052
-0.051
-0.052
-0.053
-0.052
-0.05
-0.05
-0.049
-0.048
-0.049
-0.048
-0.046
-0.045
-0.043
-0.041
-0.04
-0.041
-0.032
-0.024
-0.011
0.001
0.015
0.018
0.022
0.02
0.018
0.014
0.009
0.003
-0.008
-0.019
-0.029
-0.036
-0.04
-0.039
-0.038
-0.038
-0.038
-0.036
-0.034
-0.033
-0.027
-0.009
0.02
0.058
0.108
0.167
0.239
0.287
0.31
0.308
0.279
0.21
0.12
0.049
-0.003
-0.041
-0.068
-0.059
-0.056
-0.055
-0.055
-0.053
-0.052
-0.051
-0.052
-0.05
-0.046
-0.041
-0.034
-0.024
-0.008
0.009
0.026
0.044
0.06
0.068
0.076
0.083
0.09
0.095
0.096
0.096
0.089
0.083
0.078
0.07
0.06
0.052
0.033
0.015
-0.001
-0.017
-0.034
-0.043
-0.052
-0.06
-0.063
-0.064
-0.065
-0.064
-0.065
-0.064
-0.063
-0.061
-0.061
-0.06
-0.061
-0.062
-0.061
-0.06
-0.059
-0.057
-0.059
-0.06
-0.06
-0.059
-0.058
-0.057
-0.057
-0.058
-0.057
-0.056
-0.055
-0.054
-0.055
-0.055
-0.053
-0.051
-0.047
-0.041
-0.03
-0.018
-0.004
0.007
0.016
0.017
0.01
0.001
-0.008
-0.019
-0.03
-0.037
-0.042
-0.047
-0.049
-0.048
-0.047
-0.05
-0.049
-0.05
-0.051
-0.049
-0.048
-0.05
0.004
0.044
0.095
0.159
0.234
0.264
