0.02
0.011
0.001
-0.012
-0.025
-0.029
-0.031
-0.03
-0.029
-0.03
-0.032
-0.032
-0.032
-0.029
-0.027
-0.028
0.039
0.099
0.166
0.247
0.34
0.366
0.343
0.3
0.231
0.136
0.024
-0.028
-0.056
-0.069
-0.068
-0.055
-0.044
-0.045
-0.046
-0.045
-0.036
-0.025
-0.013
-0.002
0.009
0.016
0.032
0.05
0.067
0.08
0.09
0.092
0.092
0.095
0.097
0.097
0.093
0.092
0.077
0.068
0.057
0.043
0.026
0.021
0
-0.013
-0.026
-0.039
-0.052
-0.052
-0.053
-0.051
-0.049
-0.049
-0.05
-0.05
-0.051
-0.048
-0.045
-0.046
-0.047
-0.048
-0.049
-0.047
-0.045
-0.044
-0.044
-0.041
-0.042
-0.044
-0.044
-0.044
-0.045
-0.043
-0.041
-0.041
-0.042
-0.042
-0.037
-0.031
-0.022
-0.014
-0.001
0.007
0.013
0.017
0.02
0.015
0.002
-0.009
-0.018
-0.028
-0.04
-0.041
-0.043
-0.042
-0.04
-0.04
-0.041
-0.041
-0.042
-0.042
-0.042
-0.047
-0.046
-0.033
0.034
0.117
0.215
0.31
0.384
0.389
0.319
0.227
0.12
0.015
-0.075
-0.095
-0.099
-0.088
-0.073
-0.063
-0.059
-0.058
-0.06
-0.059
-0.057
-0.056
-0.057
-0.056
-0.047
-0.035
-0.019
-0.004
0.01
0.019
0.032
0.046
0.061
0.073
0.081
0.081
0.079
0.079
0.08
0.078
0.074
0.07
0.054
0.035
0.016
-0.001
-0.019
-0.027
-0.038
-0.045
-0.051
-0.06
-0.068
-0.068
-0.069
-0.069
-0.066
-0.064
-0.065
-0.064
-0.065
-0.065
-0.063
-0.06
-0.061
-0.061
-0.062
-0.062
-0.06
-0.058
-0.058
-0.058
-0.059
-0.059
-0.056
-0.054
-0.054
-0.053
-0.055
-0.055
-0.053
-0.051
-0.051
-0.051
-0.047
-0.04
-0.029
-0.017
-0.005
0.002
0.005
0.007
0.009
0.008
0.003
-0.004
-0.015
-0.026
-0.034
-0.039
-0.046
-0.049
-0.048
-0.048
-0.046
-0.044
-0.044
-0.046
-0.044
-0.049
-0.045
-0.03
-0.007
0.024
0.12
0.215
0.294
0.35
0.381
0.337
0.228
0.121
0.032
-0.04
-0.097
-0.091
-0.077
-0.068
