-0.048
-0.048
-0.048
-0.049
-0.05
-0.049
-0.047
-0.046
-0.047
-0.047
-0.041
-0.032
-0.018
-0.008
-0.001
-0.002
-0.005
-0.013
-0.02
-0.024
-0.03
-0.035
-0.039
-0.04
-0.042
-0.042
-0.04
-0.041
-0.041
-0.04
-0.044
-0.047
-0.039
-0.02
0.008
0.053
0.156
0.253
0.327
0.374
0.395
0.344
0.224
0.119
0.034
-0.036
-0.091
-0.078
-0.067
-0.058
-0.052
-0.049
-0.05
-0.049
-0.05
-0.049
-0.047
-0.043
-0.04
-0.033
-0.019
-0.003
0.016
0.034
0.05
0.059
0.073
0.085
0.095
0.103
0.108
0.108
0.104
0.102
0.099
0.095
0.087
0.08
0.06
0.044
0.028
0.012
-0.006
-0.013
-0.025
-0.035
-0.042
-0.048
-0.053
-0.053
-0.053
-0.051
-0.049
-0.048
-0.048
-0.049
-0.05
-0.05
-0.048
-0.046
-0.046
-0.046
-0.045
-0.045
-0.045
-0.044
-0.041
-0.041
-0.04
-0.037
-0.036
-0.036
-0.038
-0.041
-0.041
-0.042
-0.042
-0.04
-0.039
-0.04
-0.026
-0.015
-0.001
0.013
0.026
0.025
0.021
0.016
0.011
0.005
-0.006
-0.013
-0.022
-0.03
-0.036
-0.039
-0.041
-0.042
-0.041
-0.041
-0.042
-0.041
-0.039
-0.039
-0.012
0.028
0.077
0.137
0.209
0.266
0.294
0.299
0.276
0.226
0.152
0.084
0.027
-0.015
-0.044
-0.063
-0.066
-0.064
-0.064
-0.062
-0.061
-0.061
-0.061
-0.06
-0.055
-0.048
-0.042
-0.035
-0.025
-0.015
0.002
0.02
0.036
0.051
0.067
0.074
0.082
0.089
0.092
0.09
0.088
0.085
0.08
0.073
0.064
0.051
0.036
0.024
0.008
-0.008
-0.023
-0.04
-0.056
-0.062
-0.067
-0.07
-0.07
-0.072
-0.072
-0.071
-0.069
-0.066
-0.064
-0.065
-0.066
-0.065
-0.066
-0.065
-0.064
-0.064
-0.065
-0.064
-0.062
-0.059
-0.058
-0.059
-0.06
-0.06
-0.06
-0.058
-0.056
-0.056
-0.057
-0.056
-0.055
-0.052
-0.048
-0.043
-0.038
-0.029
-0.016
-0.003
0.007
0.014
0.018
0.016
0.001
-0.009
-0.021
-0.036
-0.05
-0.049
-0.052
-0.05
-0.049
-0.049
