0.088
0.079
0.068
0.055
0.042
0.036
0.015
-0.001
-0.019
-0.036
-0.05
-0.05
-0.054
-0.054
-0.053
-0.053
-0.052
-0.051
-0.052
-0.053
-0.053
-0.053
-0.053
-0.052
-0.053
-0.053
-0.053
-0.051
-0.05
-0.049
-0.05
-0.051
-0.051
-0.051
-0.052
-0.051
-0.051
-0.052
-0.051
-0.049
-0.049
-0.049
-0.045
-0.04
-0.032
-0.022
-0.009
-0.001
0.006
0.011
0.014
0.015
0.013
0.007
-0.007
-0.02
-0.032
-0.04
-0.048
-0.048
-0.049
-0.05
-0.049
-0.047
-0.047
-0.047
-0.049
-0.053
-0.058
-0.058
-0.046
-0.024
0.057
0.155
0.258
0.346
0.407
0.396
0.305
0.191
0.077
-0.019
-0.097
-0.106
-0.099
-0.087
-0.075
-0.068
-0.064
-0.062
-0.063
-0.065
-0.065
-0.063
-0.062
-0.058
-0.047
-0.034
-0.019
-0.002
0.016
0.026
0.04
0.052
0.064
0.075
0.084
0.087
0.088
0.086
0.084
0.082
0.079
0.074
0.058
0.041
0.023
0.007
-0.01
-0.018
-0.03
-0.044
-0.055
-0.062
-0.067
-0.069
-0.067
-0.067
-0.068
-0.066
-0.064
-0.064
-0.064
-0.064
-0.064
-0.063
-0.061
-0.06
-0.06
-0.061
-0.061
-0.062
-0.061
-0.061
-0.061
-0.061
-0.061
-0.06
-0.058
-0.058
-0.058
-0.059
-0.059
-0.058
-0.056
-0.055
-0.047
-0.039
-0.028
-0.014
0
0.007
0.012
0.012
0.009
0.006
0.001
-0.007
-0.019
-0.029
-0.038
-0.045
-0.048
-0.048
-0.048
-0.048
-0.048
-0.046
-0.044
-0.043
-0.047
-0.048
-0.039
-0.016
0.018
0.067
0.169
0.255
0.318
0.357
0.371
0.313
0.2
0.099
0.015
-0.049
-0.095
-0.082
-0.07
-0.063
-0.06
-0.059
-0.057
-0.057
-0.056
-0.056
-0.055
-0.052
-0.046
-0.039
-0.024
-0.009
0.006
0.024
0.043
0.053
0.067
0.077
0.085
0.093
0.099
0.1
0.099
0.094
0.089
0.084
0.079
0.072
0.057
0.039
0.021
0.004
-0.011
-0.019
-0.029
-0.039
-0.048
-0.053
-0.055
-0.055
-0.054
-0.054
-0.055
-0.055
-0.053
-0.053
-0.051
-0.051
-0.051
-0.049
-0.047
-0.046
-0.044
-0.044
-0.044
-0.044
-0.043
-0.043
-0.042
-0.043
-0.043
-0.042
-0.04
-0.039
-0.037
-0.037
-0.027
-0.017
-0.005
0.01
0.025
0.028
0.027
0.022
0.015
0.007
-0.001
-0.009
-0.017
-0.025
-0.033
-0.037
-0.038
-0.037
-0.035
-0.035
-0.035
-0.035
-0.034
-0.035
-0.026
-0.006
0.025
0.069
0.126
0.182
0.249
0.288
0.302
0.292
0.26
0.192
0.111
0.045
-0.007
-0.044
-0.065
-0.059
-0.056
-0.054
-0.053
-0.053
-0.053
-0.051
-0.047
-0.046
-0.042
-0.034
-0.025
-0.02
0.001
0.017
0.032
0.048
0.066
0.071
0.082
0.088
0.085
0.081
0.073
0.065
0.056
0.051
0.03
0.012
-0.009
-0.031
-0.051
-0.056
-0.061
-0.065
-0.065
-0.064
-0.062
-0.061
-0.06
-0.06
-0.06
-0.06
-0.059
-0.058
-0.058
-0.058
-0.059
-0.059
-0.058
-0.057
-0.055
-0.054
-0.055
-0.055
-0.053
-0.052
-0.051
-0.051
-0.052
-0.052
-0.047
-0.04
-0.033
-0.023
-0.012
-0.005
0.001
0.009
0.016
0.017
0.007
-0.001
-0.013
-0.027
-0.039
-0.04
-0.046
-0.048
-0.049
-0.049
-0.05
-0.048
-0.05
-0.051
-0.05
-0.05
-0.054
-0.056
-0.002
0.064
0.144
0.239
0.342
0.386
0.351
0.292
0.21
0.104
-0.012
-0.059
-0.085
-0.096
-0.092
-0.078
-0.065
-0.064
-0.064
-0.063
-0.061
-0.059
-0.058
-0.057
-0.051
-0.043
-0.031
-0.017
-0.001
0.009
0.025
0.041
0.056
0.07
0.083
0.086
0.086
0.086
0.086
0.086
0.085
0.083
0.072
0.059
0.045
0.031
0.015
0.005
-0.011
-0.028
-0.043
-0.054
-0.064
-0.066
-0.067
-0.066
-0.065
-0.063
-0.061
-0.059
-0.06
-0.061
-0.06
-0.059
-0.059
-0.059
-0.059
-0.061
-0.061
-0.059
-0.056
-0.056
-0.053
-0.053
-0.053
-0.051
-0.048
-0.049
-0.05
-0.05
-0.05
-0.049
-0.045
-0.038
-0.03
-0.021
-0.011
-0.002
0.007
0.013
0.018
0.021
0.022
0.016
0.005
-0.008
-0.02
-0.028
-0.036
-0.039
-0.039
-0.041
-0.042
-0.04
