-0.002
-0.004
-0.017
-0.026
-0.032
-0.036
-0.04
-0.039
-0.038
-0.036
-0.037
-0.039
-0.038
-0.036
-0.026
-0.023
-0.011
0.012
0.047
0.084
0.164
0.221
0.255
0.263
0.245
0.178
0.101
0.033
-0.014
-0.049
-0.066
-0.057
-0.048
-0.046
-0.043
-0.044
-0.046
-0.044
-0.044
-0.041
-0.035
-0.026
-0.017
-0.007
0.01
0.026
0.041
0.059
0.078
0.087
0.096
0.101
0.104
0.106
0.109
0.108
0.105
0.099
0.09
0.082
0.073
0.062
0.045
0.027
0.008
-0.01
-0.024
-0.031
-0.037
-0.042
-0.045
-0.047
-0.046
-0.046
-0.045
-0.045
-0.046
-0.045
-0.043
-0.042
-0.04
-0.041
-0.042
-0.042
-0.041
-0.039
-0.039
-0.04
-0.042
-0.043
-0.042
-0.04
-0.039
-0.039
-0.039
-0.036
-0.03
-0.023
-0.008
0.004
0.013
0.022
0.031
0.031
0.025
0.014
0.001
-0.012
-0.023
-0.029
-0.032
-0.036
-0.039
-0.039
-0.038
-0.037
-0.035
-0.036
-0.037
-0.038
-0.036
-0.037
-0.001
0.044
0.1
0.167
0.25
0.306
0.316
0.301
0.259
0.193
0.107
0.041
-0.005
-0.039
-0.06
-0.067
-0.059
-0.057
-0.056
-0.055
-0.057
-0.057
-0.055
-0.053
-0.046
-0.039
-0.016
0.007
0.033
0.056
0.082
0.085
0.091
0.094
0.093
0.092
0.093
0.09
0.084
0.074
0.061
0.046
0.033
0.023
0.008
-0.009
-0.026
-0.043
-0.058
-0.064
-0.066
-0.067
-0.068
-0.069
-0.067
-0.067
-0.066
-0.065
-0.066
-0.067
-0.066
-0.065
-0.062
-0.061
-0.062
-0.062
-0.061
-0.06
-0.058
-0.057
-0.058
-0.059
-0.058
-0.057
-0.054
-0.053
-0.051
-0.051
-0.05
-0.046
-0.036
-0.028
-0.013
-0.002
0.006
0.009
0.014
0.012
0.003
-0.009
-0.022
-0.036
-0.047
-0.049
-0.048
-0.046
-0.046
-0.048
-0.047
-0.047
-0.046
-0.047
-0.049
-0.054
-0.059
-0.06
-0.002
0.068
0.148
0.243
0.346
0.384
0.349
0.288
0.2
0.086
-0.027
-0.072
-0.09
-0.095
-0.089
-0.078
-0.067
-0.067
-0.065
-0.062
-0.062
-0.063
