-0.07
-0.071
-0.07
-0.069
-0.067
-0.067
-0.066
-0.066
-0.065
-0.065
-0.064
-0.063
-0.063
-0.062
-0.063
-0.067
-0.077
-0.077
-0.055
-0.012
0.06
0.164
0.284
0.397
0.506
0.614
0.723
0.798
0.821
0.796
0.722
0.598
0.457
0.324
0.195
0.066
-0.056
-0.145
-0.197
-0.213
-0.198
-0.17
-0.148
-0.134
-0.128
-0.126
-0.124
-0.122
-0.121
-0.12
-0.113
-0.112
-0.111
-0.109
-0.107
-0.111
-0.11
-0.109
-0.106
-0.1
-0.09
-0.077
-0.059
-0.041
-0.023
-0.006
0.012
0.029
0.048
0.065
0.083
0.103
0.122
0.138
0.151
0.161
0.168
0.174
0.176
0.178
0.18
0.18
0.178
0.176
0.173
0.168
0.162
0.156
0.15
0.14
0.129
0.115
0.097
0.077
0.057
0.036
0.015
-0.007
-0.025
-0.042
-0.059
-0.077
-0.094
-0.11
-0.123
-0.132
-0.138
-0.139
-0.138
-0.137
-0.135
-0.134
-0.134
-0.134
-0.141
-0.14
-0.139
-0.137
-0.135
-0.125
-0.125
-0.123
-0.123
-0.122
-0.121
-0.12
-0.118
-0.118
-0.116
-0.114
-0.114
-0.113
-0.112
-0.111
-0.111
-0.11
-0.109
-0.108
-0.107
-0.106
-0.104
-0.104
-0.103
-0.102
-0.109
-0.109
-0.108
-0.106
-0.105
-0.095
-0.094
-0.092
-0.092
-0.092
-0.092
-0.091
-0.091
-0.09
-0.089
-0.087
-0.085
-0.08
-0.07
-0.059
-0.044
-0.028
-0.011
0.006
0.021
0.033
0.043
0.048
0.051
0.051
0.049
0.044
0.037
0.025
0.011
-0.003
-0.019
-0.035
-0.05
-0.062
-0.072
-0.077
-0.08
-0.081
-0.081
-0.081
-0.081
-0.08
-0.078
-0.078
-0.078
-0.078
-0.077
-0.076
-0.076
-0.075
-0.073
-0.072
-0.072
-0.076
-0.085
-0.084
-0.06
-0.011
0.1
0.199
0.309
0.424
0.542
0.616
0.718
0.787
0.807
0.777
0.7
0.583
0.451
0.315
0.176
0.041
-0.072
-0.153
-0.2
-0.216
-0.2
-0.174
-0.153
-0.139
-0.132
-0.13
-0.129
-0.127
-0.127
-0.126
-0.129
-0.128
-0.126
-0.125
-0.123
-0.118
-0.118
-0.116
-0.113
-0.106
-0.095
-0.081
