-0.055
-0.054
-0.052
-0.052
-0.052
-0.051
-0.05
-0.05
-0.049
-0.046
-0.043
-0.039
-0.031
-0.022
-0.013
-0.005
0.003
0.009
0.014
0.017
0.019
0.019
0.019
0.017
0.01
0.005
-0
-0.007
-0.014
-0.019
-0.028
-0.035
-0.041
-0.044
-0.046
-0.045
-0.045
-0.046
-0.046
-0.045
-0.045
-0.044
-0.044
-0.043
-0.044
-0.044
-0.043
-0.042
-0.042
-0.041
-0.04
-0.04
-0.043
-0.048
-0.043
-0.028
-0
0.042
0.099
0.157
0.214
0.27
0.327
0.375
0.401
0.403
0.38
0.331
0.265
0.197
0.131
0.065
0
-0.053
-0.089
-0.107
-0.108
-0.096
-0.083
-0.074
-0.069
-0.068
-0.067
-0.066
-0.065
-0.064
-0.063
-0.063
-0.062
-0.061
-0.061
-0.059
-0.058
-0.057
-0.056
-0.054
-0.051
-0.045
-0.037
-0.027
-0.018
-0.01
-0.001
0.008
0.016
0.025
0.035
0.044
0.054
0.062
0.07
0.076
0.08
0.083
0.085
0.086
0.086
0.086
0.087
0.086
0.086
0.085
0.083
0.08
0.077
0.073
0.068
0.061
0.052
0.043
0.033
0.022
0.012
0.002
-0.008
-0.016
-0.023
-0.032
-0.04
-0.048
-0.057
-0.064
-0.068
-0.07
-0.071
-0.07
-0.069
-0.068
-0.066
-0.065
-0.065
-0.064
-0.062
-0.062
-0.061
-0.059
-0.057
-0.058
-0.057
-0.058
-0.058
-0.058
-0.058
-0.057
-0.056
-0.055
-0.053
-0.052
-0.051
-0.05
-0.049
-0.047
-0.047
-0.047
-0.046
-0.046
-0.046
-0.046
-0.045
-0.044
-0.043
-0.043
-0.04
-0.039
-0.038
-0.037
-0.036
-0.037
-0.037
-0.036
-0.038
-0.037
-0.037
-0.037
-0.036
-0.034
-0.032
-0.03
-0.027
-0.022
-0.015
-0.007
0.002
0.01
0.019
0.025
0.03
0.033
0.035
0.035
0.035
0.033
0.031
0.026
0.02
0.013
0.005
-0.003
-0.011
-0.017
-0.022
-0.025
-0.027
-0.028
-0.029
-0.03
-0.03
-0.03
-0.03
-0.029
-0.029
-0.028
-0.028
-0.028
-0.027
-0.027
-0.027
-0.028
-0.028
-0.028
-0.032
-0.036
-0.031
-0.014
0.014
0.057
0.136
0.193
0.25
0.308
