-0.063
-0.062
-0.062
-0.062
-0.068
-0.078
-0.073
-0.044
0.01
0.088
0.191
0.307
0.461
0.574
0.681
0.777
0.837
0.811
0.773
0.688
0.565
0.43
0.289
0.154
0.026
-0.081
-0.156
-0.2
-0.209
-0.188
-0.162
-0.143
-0.131
-0.127
-0.125
-0.123
-0.122
-0.121
-0.12
-0.119
-0.118
-0.116
-0.114
-0.113
-0.112
-0.11
-0.108
-0.105
-0.098
-0.087
-0.073
-0.054
-0.035
-0.016
0
0.016
0.033
0.052
0.071
0.089
0.108
0.126
0.142
0.155
0.165
0.171
0.174
0.177
0.179
0.18
0.18
0.179
0.176
0.172
0.168
0.163
0.162
0.154
0.143
0.13
0.116
0.094
0.072
0.051
0.031
0.011
-0.008
-0.026
-0.043
-0.059
-0.076
-0.093
-0.11
-0.124
-0.132
-0.138
-0.139
-0.138
-0.137
-0.135
-0.134
-0.132
-0.131
-0.131
-0.131
-0.129
-0.12
-0.119
-0.117
-0.115
-0.114
-0.121
-0.12
-0.118
-0.118
-0.117
-0.116
-0.116
-0.115
-0.114
-0.113
-0.112
-0.111
-0.109
-0.117
-0.117
-0.116
-0.115
-0.114
-0.104
-0.102
-0.102
-0.101
-0.101
-0.101
-0.101
-0.099
-0.098
-0.097
-0.096
-0.094
-0.094
-0.094
-0.094
-0.093
-0.093
-0.091
-0.089
-0.087
-0.085
-0.078
-0.068
-0.054
-0.038
-0.02
-0.003
0.012
0.025
0.036
0.044
0.048
0.049
0.048
0.046
0.041
0.032
0.021
0.007
-0.009
-0.024
-0.045
-0.059
-0.071
-0.079
-0.085
-0.083
-0.084
-0.085
-0.086
-0.086
-0.084
-0.083
-0.082
-0.08
-0.079
-0.077
-0.077
-0.076
-0.076
-0.076
-0.076
-0.076
-0.082
-0.091
-0.086
-0.058
-0.005
0.08
0.192
0.306
0.47
0.581
0.696
0.8
0.857
0.809
0.768
0.674
0.542
0.409
0.28
0.149
0.013
-0.1
-0.173
-0.212
-0.218
-0.195
-0.167
-0.148
-0.136
-0.132
-0.13
-0.129
-0.128
-0.128
-0.126
-0.124
-0.124
-0.124
-0.123
-0.122
-0.121
-0.119
-0.117
-0.113
-0.106
-0.094
-0.079
-0.062
-0.044
-0.027
-0.009
0.008
0.026
0.045
0.065
0.086
0.107
0.125
