-0.035
-0.034
-0.032
-0.03
-0.026
-0.019
-0.01
-0.001
0.008
0.017
0.025
0.03
0.035
0.037
0.037
0.037
0.036
0.034
0.03
0.025
0.019
0.012
0.003
-0.007
-0.014
-0.021
-0.027
-0.031
-0.032
-0.033
-0.034
-0.034
-0.033
-0.034
-0.034
-0.034
-0.035
-0.035
-0.034
-0.033
-0.033
-0.031
-0.031
-0.03
-0.03
-0.032
-0.037
-0.036
-0.024
-0
0.038
0.09
0.147
0.205
0.262
0.319
0.372
0.408
0.418
0.404
0.364
0.303
0.235
0.168
0.101
0.033
-0.027
-0.069
-0.094
-0.102
-0.093
-0.079
-0.068
-0.062
-0.059
-0.059
-0.06
-0.06
-0.059
-0.059
-0.057
-0.056
-0.055
-0.054
-0.053
-0.052
-0.052
-0.052
-0.051
-0.049
-0.045
-0.038
-0.029
-0.019
-0.01
-0
0.009
0.017
0.026
0.035
0.048
0.058
0.068
0.076
0.085
0.087
0.09
0.093
0.095
0.093
0.094
0.094
0.092
0.09
0.088
0.086
0.084
0.082
0.079
0.075
0.069
0.061
0.053
0.043
0.031
0.02
0.01
-0.001
-0.01
-0.019
-0.031
-0.04
-0.049
-0.057
-0.063
-0.064
-0.067
-0.068
-0.068
-0.068
-0.067
-0.066
-0.065
-0.065
-0.064
-0.064
-0.064
-0.063
-0.062
-0.061
-0.06
-0.059
-0.058
-0.057
-0.057
-0.057
-0.057
-0.057
-0.058
-0.059
-0.058
-0.058
-0.058
-0.057
-0.056
-0.055
-0.054
-0.054
-0.052
-0.052
-0.051
-0.05
-0.05
-0.05
-0.049
-0.049
-0.049
-0.049
-0.049
-0.049
-0.049
-0.049
-0.048
-0.047
-0.047
-0.047
-0.046
-0.046
-0.046
-0.046
-0.045
-0.042
-0.038
-0.032
-0.024
-0.015
-0.007
0.001
0.009
0.015
0.02
0.023
0.025
0.025
0.024
0.021
0.016
0.01
0.004
-0.003
-0.012
-0.021
-0.031
-0.038
-0.044
-0.047
-0.048
-0.047
-0.048
-0.048
-0.047
-0.047
-0.047
-0.046
-0.044
-0.044
-0.044
-0.042
-0.041
-0.042
-0.042
-0.042
-0.042
-0.044
-0.049
-0.049
-0.037
-0.014
0.022
0.073
0.131
0.189
0.247
0.303
0.356
0.394
0.406
0.394
0.357
0.298
