-0.09
-0.089
-0.083
-0.082
-0.081
-0.079
-0.078
-0.082
-0.08
-0.073
-0.063
-0.05
-0.033
-0.015
0.001
0.015
0.028
0.04
0.048
0.052
0.055
0.054
0.051
0.045
0.036
0.025
0.011
-0.005
-0.021
-0.037
-0.051
-0.062
-0.07
-0.075
-0.077
-0.078
-0.077
-0.077
-0.077
-0.077
-0.075
-0.075
-0.074
-0.072
-0.072
-0.071
-0.071
-0.069
-0.068
-0.067
-0.067
-0.073
-0.083
-0.079
-0.015
0.034
0.113
0.224
0.341
0.412
0.52
0.629
0.733
0.795
0.807
0.77
0.642
0.511
0.372
0.242
0.113
0.028
-0.083
-0.161
-0.202
-0.209
-0.187
-0.16
-0.139
-0.127
-0.122
-0.12
-0.118
-0.117
-0.115
-0.114
-0.113
-0.113
-0.111
-0.11
-0.109
-0.108
-0.105
-0.103
-0.101
-0.094
-0.07
-0.055
-0.036
-0.016
0.002
0.005
0.022
0.041
0.058
0.076
0.095
0.115
0.133
0.148
0.161
0.17
0.176
0.18
0.183
0.185
0.187
0.188
0.187
0.185
0.182
0.177
0.172
0.166
0.158
0.148
0.137
0.122
0.104
0.084
0.064
0.044
0.023
0.003
-0.013
-0.03
-0.047
-0.066
-0.084
-0.1
-0.111
-0.119
-0.124
-0.126
-0.125
-0.125
-0.124
-0.123
-0.121
-0.12
-0.118
-0.117
-0.115
-0.115
-0.115
-0.114
-0.113
-0.111
-0.109
-0.108
-0.112
-0.112
-0.112
-0.11
-0.108
-0.101
-0.099
-0.098
-0.097
-0.096
-0.094
-0.093
-0.092
-0.091
-0.09
-0.09
-0.09
-0.089
-0.088
-0.087
-0.087
-0.086
-0.085
-0.084
-0.084
-0.082
-0.081
-0.08
-0.08
-0.08
-0.085
-0.085
-0.084
-0.083
-0.082
-0.074
-0.071
-0.064
-0.052
-0.039
-0.023
-0.006
0.012
0.027
0.04
0.051
0.059
0.063
0.065
0.064
0.062
0.056
0.048
0.037
0.023
0.008
-0.008
-0.025
-0.041
-0.053
-0.061
-0.066
-0.068
-0.068
-0.068
-0.068
-0.068
-0.067
-0.066
-0.066
-0.065
-0.064
-0.064
-0.063
-0.063
-0.062
-0.061
-0.06
-0.06
-0.065
-0.074
-0.069
-0.039
0.017
0.098
0.203
0.314
0.429
0.546
0.657
