-0.094
-0.093
-0.093
-0.092
-0.09
-0.089
-0.088
-0.087
-0.086
-0.086
-0.085
-0.083
-0.082
-0.081
-0.08
-0.079
-0.073
-0.064
-0.052
-0.038
-0.02
-0.002
0.015
0.028
0.039
0.049
0.055
0.057
0.058
0.057
0.054
0.044
0.032
0.02
0.006
-0.009
-0.027
-0.042
-0.056
-0.066
-0.074
-0.078
-0.079
-0.078
-0.077
-0.075
-0.075
-0.075
-0.074
-0.073
-0.072
-0.07
-0.067
-0.066
-0.066
-0.065
-0.064
-0.063
-0.066
-0.074
-0.075
-0.056
-0.015
0.051
0.145
0.255
0.371
0.486
0.594
0.698
0.774
0.806
0.789
0.723
0.613
0.483
0.346
0.21
0.064
-0.054
-0.142
-0.199
-0.221
-0.193
-0.167
-0.145
-0.129
-0.121
-0.119
-0.117
-0.115
-0.113
-0.111
-0.11
-0.108
-0.108
-0.107
-0.105
-0.104
-0.103
-0.102
-0.1
-0.094
-0.086
-0.074
-0.058
-0.039
-0.019
-0
0.017
0.033
0.052
0.072
0.09
0.109
0.127
0.144
0.158
0.169
0.176
0.181
0.185
0.188
0.19
0.189
0.188
0.186
0.182
0.177
0.174
0.168
0.16
0.15
0.139
0.125
0.109
0.09
0.068
0.047
0.028
0.008
-0.01
-0.026
-0.043
-0.059
-0.077
-0.094
-0.109
-0.119
-0.124
-0.126
-0.126
-0.125
-0.124
-0.127
-0.125
-0.124
-0.121
-0.119
-0.113
-0.112
-0.111
-0.11
-0.109
-0.108
-0.107
-0.105
-0.104
-0.103
-0.101
-0.1
-0.1
-0.1
-0.099
-0.099
-0.098
-0.096
-0.094
-0.092
-0.091
-0.09
-0.089
-0.089
-0.088
-0.086
-0.085
-0.084
-0.084
-0.083
-0.084
-0.084
-0.084
-0.082
-0.082
-0.08
-0.079
-0.078
-0.078
-0.078
-0.078
-0.078
-0.078
-0.077
-0.077
-0.073
-0.064
-0.05
-0.034
-0.016
0.001
0.017
0.031
0.043
0.052
0.058
0.061
0.06
0.058
0.041
0.034
0.024
0.011
-0.003
-0.007
-0.025
-0.04
-0.053
-0.063
-0.069
-0.071
-0.072
-0.072
-0.072
-0.073
-0.073
-0.073
-0.072
-0.072
-0.071
-0.07
-0.069
-0.068
-0.069
-0.068
-0.068
-0.068
-0.072
-0.082
-0.044
-0.025
