-0.069
-0.069
-0.068
-0.068
-0.068
-0.069
-0.076
-0.085
-0.075
-0.043
0.013
0.101
0.218
0.335
0.446
0.554
0.663
0.761
0.814
0.815
0.768
0.671
0.534
0.395
0.264
0.136
0.009
-0.099
-0.171
-0.205
-0.205
-0.181
-0.154
-0.136
-0.125
-0.122
-0.121
-0.119
-0.118
-0.117
-0.116
-0.115
-0.113
-0.112
-0.111
-0.109
-0.108
-0.107
-0.107
-0.104
-0.097
-0.086
-0.069
-0.05
-0.032
-0.014
0.003
0.02
0.038
0.057
0.075
0.094
0.114
0.132
0.147
0.159
0.166
0.172
0.172
0.174
0.176
0.178
0.179
0.182
0.179
0.174
0.168
0.161
0.155
0.147
0.138
0.126
0.111
0.093
0.074
0.054
0.035
0.015
-0.005
-0.022
-0.038
-0.055
-0.074
-0.092
-0.107
-0.117
-0.125
-0.128
-0.129
-0.128
-0.127
-0.125
-0.123
-0.121
-0.12
-0.118
-0.117
-0.115
-0.114
-0.113
-0.113
-0.112
-0.112
-0.111
-0.11
-0.108
-0.107
-0.106
-0.105
-0.104
-0.102
-0.101
-0.101
-0.099
-0.098
-0.097
-0.096
-0.095
-0.094
-0.093
-0.093
-0.092
-0.09
-0.089
-0.088
-0.087
-0.085
-0.084
-0.083
-0.083
-0.082
-0.082
-0.081
-0.08
-0.079
-0.077
-0.076
-0.075
-0.075
-0.074
-0.073
-0.068
-0.06
-0.048
-0.034
-0.018
-0.002
0.015
0.031
0.044
0.054
0.061
0.068
0.068
0.067
0.064
0.058
0.044
0.031
0.017
-0.01
-0.027
-0.044
-0.058
-0.068
-0.064
-0.067
-0.068
-0.069
-0.069
-0.068
-0.067
-0.066
-0.065
-0.065
-0.064
-0.064
-0.064
-0.063
-0.063
-0.062
-0.062
-0.062
-0.063
-0.07
-0.076
-0.063
-0.025
0.039
0.13
0.238
0.349
0.466
0.583
0.691
0.776
0.816
0.806
0.747
0.643
0.515
0.383
0.246
0.106
-0.021
-0.114
-0.176
-0.205
-0.2
-0.173
-0.151
-0.135
-0.125
-0.123
-0.122
-0.12
-0.118
-0.116
-0.114
-0.112
-0.111
-0.111
-0.11
-0.109
-0.109
-0.108
-0.107
-0.102
-0.093
-0.081
-0.066
-0.047
-0.029
-0.01
0.008
0.024
0.041
0.06
0.08
0.1
