-0.056
-0.057
-0.055
-0.054
-0.056
-0.057
-0.054
-0.054
-0.053
-0.053
-0.054
-0.054
-0.053
-0.052
-0.05
-0.048
-0.046
-0.041
-0.033
-0.025
-0.01
0.001
0.009
0.014
0.02
0.017
0.007
-0.006
-0.021
-0.036
-0.046
-0.05
-0.051
-0.053
-0.054
-0.055
-0.054
-0.053
-0.052
-0.051
0.003
0.065
0.141
0.232
0.334
0.377
0.347
0.291
0.207
0.1
-0.013
-0.061
-0.083
-0.093
-0.089
-0.079
-0.066
-0.065
-0.063
-0.062
-0.062
-0.062
-0.06
-0.06
-0.051
-0.042
-0.032
-0.019
-0.004
0.005
0.024
0.041
0.055
0.068
0.082
0.084
0.087
0.088
0.087
0.085
0.084
0.08
0.072
0.06
0.045
0.029
0.014
0.003
-0.012
-0.026
-0.041
-0.055
-0.065
-0.066
-0.064
-0.064
-0.064
-0.065
-0.064
-0.064
-0.061
-0.059
-0.059
-0.059
-0.057
-0.057
-0.057
-0.056
-0.057
-0.058
-0.057
-0.055
-0.054
-0.053
-0.053
-0.053
-0.051
-0.05
-0.048
-0.046
-0.047
-0.048
-0.047
-0.047
-0.04
-0.032
-0.025
-0.017
-0.006
0.002
0.008
0.015
0.019
0.019
0.017
0.015
0.001
-0.01
-0.023
-0.035
-0.044
-0.042
-0.042
-0.041
-0.04
-0.04
-0.039
-0.038
-0.042
-0.043
-0.047
-0.051
-0.043
-0.018
0.08
0.186
0.28
0.349
0.392
0.341
0.223
0.126
0.032
-0.045
-0.104
-0.092
-0.09
-0.076
-0.065
-0.058
-0.055
-0.052
-0.051
-0.048
-0.046
-0.046
-0.045
-0.041
-0.028
-0.014
0.001
0.016
0.033
0.041
0.057
0.073
0.085
0.095
0.104
0.107
0.105
0.106
0.103
0.099
0.096
0.095
0.077
0.063
0.046
0.026
-0.004
-0.015
-0.029
-0.041
-0.051
-0.048
-0.049
-0.05
-0.048
-0.047
-0.048
-0.048
-0.048
-0.05
-0.05
-0.049
-0.046
-0.045
-0.045
-0.046
-0.046
-0.045
-0.043
-0.042
-0.042
-0.043
-0.044
-0.044
-0.042
-0.041
-0.041
-0.042
-0.042
-0.041
-0.038
-0.036
-0.025
-0.015
-0.003
0.011
0.024
0.028
0.027
0.022
0.016
0.008
0
-0.008
-0.017
-0.026
