-0.068
-0.065
-0.064
-0.062
-0.062
-0.063
-0.063
-0.063
-0.062
-0.058
-0.054
-0.053
-0.054
-0.056
-0.058
-0.058
-0.057
-0.055
-0.054
-0.054
-0.055
-0.055
-0.055
-0.052
-0.049
-0.045
-0.04
-0.032
-0.018
-0.004
0.006
0.013
0.018
0.017
0.008
-0.001
-0.012
-0.026
-0.04
-0.045
-0.048
-0.047
-0.047
-0.049
-0.05
-0.05
-0.05
-0.048
-0.047
-0.048
-0.052
-0.056
-0.006
0.056
0.128
0.211
0.311
0.365
0.348
0.309
0.243
0.147
0.029
-0.031
-0.062
-0.078
-0.08
-0.071
-0.058
-0.058
-0.058
-0.056
-0.054
-0.055
-0.056
-0.057
-0.05
-0.039
-0.026
-0.015
-0.003
0.005
0.022
0.041
0.058
0.072
0.084
0.086
0.09
0.094
0.097
0.096
0.094
0.091
0.08
0.07
0.058
0.042
0.023
0.013
-0.005
-0.019
-0.033
-0.047
-0.06
-0.062
-0.062
-0.06
-0.057
-0.057
-0.058
-0.058
-0.058
-0.056
-0.054
-0.054
-0.055
-0.054
-0.054
-0.052
-0.049
-0.049
-0.051
-0.051
-0.051
-0.049
-0.047
-0.046
-0.046
-0.045
-0.044
-0.042
-0.039
-0.038
-0.04
-0.041
-0.039
-0.033
-0.025
-0.017
-0.009
-0
0.009
0.017
0.015
0.01
-0
-0.016
-0.033
-0.036
-0.038
-0.038
-0.036
-0.035
-0.036
-0.035
-0.035
-0.034
-0.035
-0.04
-0.042
-0.031
0.039
0.126
0.226
0.329
0.412
0.423
0.356
0.266
0.156
0.042
-0.057
-0.083
-0.09
-0.081
-0.066
-0.054
-0.05
-0.051
-0.052
-0.051
-0.048
-0.046
-0.046
-0.046
-0.033
-0.02
-0.004
0.011
0.026
0.03
0.047
0.063
0.079
0.092
0.101
0.1
0.099
0.099
0.099
0.098
0.093
0.089
0.071
0.057
0.043
0.028
0.009
0.002
-0.014
-0.029
-0.04
-0.05
-0.06
-0.061
-0.059
-0.057
-0.054
-0.051
-0.051
-0.053
-0.053
-0.055
-0.058
-0.057
-0.055
-0.054
-0.052
-0.05
-0.051
-0.053
-0.053
-0.052
-0.051
-0.048
-0.047
-0.048
-0.051
-0.053
-0.053
-0.053
-0.052
-0.051
-0.051
-0.053
-0.043
-0.033
-0.023
-0.008
0.008
0.013
0.015
0.014
0.009
-0.001
-0.01
-0.017
-0.025
-0.032
-0.04
-0.048
-0.053
-0.052
-0.05
-0.048
-0.048
-0.049
-0.049
-0.049
-0.048
-0.036
-0.014
0.017
0.063
0.121
0.21
0.274
0.31
0.319
0.305
0.237
0.14
0.062
-0.002
-0.053
-0.089
-0.078
-0.07
-0.065
-0.064
-0.064
-0.064
-0.064
-0.063
-0.061
-0.04
-0.022
-0.003
0.018
0.043
0.051
0.062
0.073
0.081
0.085
0.088
0.087
0.085
0.082
0.077
0.068
0.059
0.051
0.034
0.019
0.002
-0.019
-0.037
-0.046
-0.055
-0.06
-0.064
-0.069
-0.071
-0.071
-0.072
-0.07
-0.069
-0.07
-0.071
-0.067
-0.068
-0.065
-0.064
-0.065
-0.066
-0.064
-0.064
-0.062
-0.06
-0.06
-0.061
-0.059
-0.061
-0.061
-0.06
-0.061
-0.063
-0.06
-0.059
-0.056
-0.054
-0.054
-0.052
-0.048
-0.036
-0.021
-0.006
0.004
0.013
0.014
0.011
0.007
0
-0.011
-0.024
-0.032
-0.039
-0.042
-0.044
-0.046
-0.046
-0.045
-0.045
-0.042
-0.04
-0.041
-0.042
-0.041
-0.02
0.014
0.061
0.116
0.182
0.24
0.28
0.295
0.285
0.247
0.184
0.115
0.05
0.003
-0.031
-0.054
-0.064
-0.06
-0.059
-0.057
-0.054
-0.054
-0.054
-0.054
-0.052
-0.046
-0.037
-0.029
-0.02
-0.01
0.009
0.028
0.045
0.061
0.076
0.082
0.089
0.097
0.103
0.103
0.102
0.1
0.095
0.09
0.083
0.073
0.06
0.049
0.03
0.015
-0.001
-0.018
-0.037
-0.044
-0.049
-0.051
-0.051
-0.052
-0.052
-0.053
-0.054
-0.052
-0.05
-0.049
-0.05
-0.049
-0.049
-0.047
-0.045
-0.044
-0.046
-0.046
-0.046
-0.045
-0.043
-0.041
-0.041
-0.043
-0.046
-0.045
-0.045
-0.043
-0.038
-0.033
-0.028
-0.02
-0.007
0.005
0.017
0.025
0.029
0.029
0.02
0.011
0.001
-0.011
-0.026
-0.031
-0.036
-0.038
-0.036
-0.036
-0.037
-0.037
-0.038
-0.037
-0.035
-0.034
-0.037
-0.042
-0
0.056
0.124
0.203
0.296
0.351
0.34
0.308
0.252
0.17
