-0.041
-0.038
-0.037
-0.039
-0.039
-0.038
-0.029
-0.017
-0.007
0.002
0.013
0.018
0.023
0.026
0.023
0.016
0.009
0.001
-0.008
-0.015
-0.023
-0.032
-0.04
-0.041
-0.043
-0.042
-0.039
-0.034
-0.037
-0.034
-0.023
-0.003
0.032
0.083
0.162
0.248
0.306
0.337
0.346
0.308
0.202
0.109
0.031
-0.035
-0.083
-0.074
-0.067
-0.059
-0.056
-0.058
-0.06
-0.056
-0.056
-0.053
-0.05
-0.049
-0.046
-0.036
-0.019
-0.001
0.016
0.031
0.046
0.055
0.066
0.079
0.088
0.091
0.094
0.097
0.09
0.089
0.085
0.075
0.065
0.063
0.041
0.025
0.009
-0.011
-0.031
-0.033
-0.045
-0.052
-0.058
-0.065
-0.07
-0.066
-0.067
-0.064
-0.061
-0.063
-0.065
-0.062
-0.063
-0.065
-0.062
-0.061
-0.06
-0.059
-0.058
-0.056
-0.057
-0.061
-0.06
-0.056
-0.058
-0.06
-0.058
-0.055
-0.056
-0.055
-0.052
-0.053
-0.055
-0.052
-0.046
-0.04
-0.025
-0.014
-0.004
0.006
0.015
0.015
0.01
-0.001
-0.014
-0.025
-0.035
-0.04
-0.043
-0.047
-0.051
-0.051
-0.05
-0.049
-0.047
-0.047
-0.049
-0.05
-0.048
-0.05
-0.015
0.029
0.084
0.153
0.236
0.291
0.304
0.289
0.248
0.185
0.101
0.034
-0.011
-0.046
-0.07
-0.077
-0.067
-0.065
-0.062
-0.062
-0.062
-0.061
-0.058
-0.058
-0.051
-0.046
-0.041
-0.032
-0.019
-0.009
0.009
0.025
0.04
0.056
0.073
0.078
0.085
0.087
0.086
0.087
0.09
0.088
0.083
0.073
0.061
0.048
0.036
0.027
0.007
-0.011
-0.03
-0.046
-0.058
-0.057
-0.058
-0.061
-0.064
-0.066
-0.064
-0.063
-0.059
-0.058
-0.059
-0.059
-0.057
-0.056
-0.055
-0.054
-0.056
-0.056
-0.055
-0.053
-0.052
-0.052
-0.054
-0.053
-0.051
-0.049
-0.048
-0.047
-0.049
-0.049
-0.046
-0.044
-0.039
-0.036
-0.034
-0.028
-0.02
-0.012
0.003
0.013
0.019
0.024
0.03
0.028
0.016
0.004
-0.01
-0.024
-0.036
-0.036
-0.038
-0.036
-0.035
-0.035
-0.032
-0.032
