0.075
0.07
0.057
0.044
0.027
0.007
-0.011
-0.02
-0.034
-0.045
-0.056
-0.068
-0.076
-0.076
-0.074
-0.072
-0.072
-0.073
-0.074
-0.073
-0.071
-0.069
-0.068
-0.069
-0.069
-0.068
-0.065
-0.062
-0.061
-0.062
-0.062
-0.063
-0.062
-0.06
-0.06
-0.061
-0.061
-0.06
-0.059
-0.057
-0.056
-0.057
-0.058
-0.058
-0.049
-0.038
-0.027
-0.016
-0.003
0.002
0.007
0.009
0.008
0.002
-0.004
-0.012
-0.022
-0.031
-0.038
-0.047
-0.053
-0.054
-0.055
-0.055
-0.052
-0.049
-0.048
-0.048
-0.05
-0.053
-0.048
-0.031
-0
0.047
0.152
0.246
0.315
0.357
0.374
0.319
0.203
0.102
0.017
-0.053
-0.104
-0.09
-0.078
-0.071
-0.065
-0.065
-0.064
-0.061
-0.058
-0.056
-0.052
-0.046
-0.031
-0.014
0.002
0.017
0.032
0.041
0.055
0.069
0.08
0.086
0.09
0.09
0.088
0.087
0.085
0.08
0.071
0.064
0.044
0.028
0.011
-0.006
-0.025
-0.028
-0.04
-0.048
-0.054
-0.061
-0.065
-0.064
-0.065
-0.063
-0.061
-0.061
-0.062
-0.06
-0.06
-0.057
-0.055
-0.054
-0.055
-0.054
-0.055
-0.055
-0.054
-0.052
-0.051
-0.049
-0.048
-0.045
-0.046
-0.048
-0.05
-0.048
-0.05
-0.05
-0.048
-0.044
-0.039
-0.032
-0.017
-0.003
0.008
0.016
0.024
0.026
0.02
0.012
0.004
-0.006
-0.018
-0.025
-0.028
-0.03
-0.032
-0.034
-0.035
-0.036
-0.036
-0.036
-0.036
-0.037
-0.038
-0.037
-0.008
0.012
0.044
0.085
0.136
0.17
0.214
0.262
0.284
0.279
0.248
0.208
0.126
0.059
0.007
-0.031
-0.056
-0.054
-0.052
-0.051
-0.052
-0.052
-0.05
-0.048
-0.043
-0.038
-0.032
-0.023
-0.012
-0.002
0.016
0.034
0.049
0.064
0.081
0.086
0.093
0.097
0.097
0.097
0.098
0.096
0.091
0.084
0.073
0.059
0.046
0.036
0.021
0.004
-0.014
-0.031
-0.045
-0.05
-0.052
-0.053
-0.056
-0.059
-0.062
-0.062
-0.06
-0.057
-0.055
-0.054
-0.054
-0.055
-0.054
-0.053
-0.051
-0.05
