-0.075
-0.074
-0.073
-0.072
-0.071
-0.071
-0.069
-0.067
-0.066
-0.065
-0.08
-0.083
-0.094
-0.099
-0.083
-0.029
0.037
0.137
0.255
0.368
0.478
0.587
0.698
0.783
0.817
0.801
0.737
0.621
0.424
0.29
0.161
0.031
-0.095
-0.133
-0.19
-0.212
-0.201
-0.173
-0.149
-0.134
-0.132
-0.131
-0.13
-0.129
-0.128
-0.121
-0.12
-0.119
-0.118
-0.117
-0.116
-0.115
-0.114
-0.114
-0.111
-0.106
-0.098
-0.083
-0.065
-0.046
-0.029
-0.012
0.006
0.022
0.04
0.058
0.077
0.096
0.116
0.133
0.146
0.156
0.164
0.17
0.173
0.176
0.178
0.179
0.179
0.178
0.176
0.172
0.165
0.158
0.15
0.142
0.131
0.117
0.1
0.08
0.058
0.037
0.016
-0.005
-0.022
-0.038
-0.053
-0.071
-0.089
-0.106
-0.12
-0.13
-0.137
-0.139
-0.145
-0.143
-0.141
-0.139
-0.138
-0.13
-0.13
-0.13
-0.13
-0.129
-0.128
-0.126
-0.125
-0.123
-0.121
-0.119
-0.118
-0.117
-0.114
-0.113
-0.113
-0.112
-0.111
-0.111
-0.111
-0.109
-0.107
-0.107
-0.106
-0.104
-0.109
-0.109
-0.108
-0.106
-0.106
-0.099
-0.099
-0.098
-0.097
-0.095
-0.093
-0.091
-0.091
-0.091
-0.09
-0.09
-0.089
-0.088
-0.086
-0.086
-0.085
-0.085
-0.084
-0.079
-0.072
-0.061
-0.045
-0.028
-0.01
0.008
0.024
0.036
0.045
0.052
0.056
0.056
0.053
0.049
0.041
0.03
0.018
0.004
-0.012
-0.029
-0.045
-0.058
-0.067
-0.074
-0.077
-0.078
-0.078
-0.078
-0.078
-0.078
-0.077
-0.077
-0.076
-0.075
-0.074
-0.073
-0.072
-0.071
-0.07
-0.069
-0.076
-0.079
-0.089
-0.092
-0.074
-0.024
0.044
0.138
0.248
0.363
0.481
0.595
0.699
0.777
0.81
0.792
0.725
0.615
0.486
0.35
0.21
0.077
-0.04
-0.128
-0.185
-0.21
-0.2
-0.174
-0.152
-0.136
-0.127
-0.126
-0.126
-0.126
-0.124
-0.124
-0.123
-0.121
-0.119
-0.118
-0.117
-0.116
-0.114
-0.114
-0.112
-0.105
-0.096
-0.084
-0.068
-0.049
-0.03
-0.012
