0.043
0.029
0.014
-0.003
-0.019
-0.034
-0.047
-0.057
-0.063
-0.066
-0.067
-0.066
-0.066
-0.066
-0.065
-0.065
-0.065
-0.065
-0.065
-0.065
-0.065
-0.065
-0.063
-0.062
-0.062
-0.062
-0.066
-0.076
-0.076
-0.053
-0.007
0.069
0.176
0.29
0.4
0.509
0.621
0.73
0.739
0.758
0.729
0.649
0.468
0.396
0.265
0.137
0.003
-0.06
-0.142
-0.188
-0.203
-0.186
-0.157
-0.137
-0.124
-0.119
-0.117
-0.116
-0.115
-0.114
-0.112
-0.111
-0.11
-0.109
-0.107
-0.105
-0.104
-0.103
-0.101
-0.099
-0.094
-0.084
-0.07
-0.054
-0.037
-0.02
-0.002
0.015
0.032
0.05
0.068
0.087
0.108
0.127
0.143
0.155
0.165
0.171
0.175
0.178
0.18
0.182
0.183
0.183
0.181
0.178
0.173
0.167
0.162
0.154
0.146
0.135
0.121
0.104
0.084
0.063
0.043
0.021
0.002
-0.015
-0.031
-0.049
-0.068
-0.086
-0.103
-0.116
-0.124
-0.129
-0.13
-0.129
-0.128
-0.127
-0.126
-0.125
-0.124
-0.123
-0.121
-0.12
-0.117
-0.115
-0.114
-0.112
-0.107
-0.106
-0.106
-0.105
-0.097
-0.1
-0.099
-0.098
-0.097
-0.104
-0.103
-0.102
-0.102
-0.101
-0.099
-0.098
-0.097
-0.097
-0.095
-0.094
-0.095
-0.094
-0.093
-0.092
-0.091
-0.089
-0.087
-0.087
-0.086
-0.085
-0.08
-0.08
-0.08
-0.079
-0.076
-0.08
-0.079
-0.078
-0.077
-0.075
-0.07
-0.06
-0.048
-0.034
-0.017
0.001
0.016
0.029
0.041
0.05
0.055
0.058
0.059
0.057
0.052
0.043
0.032
0.019
0.004
-0.013
-0.031
-0.048
-0.06
-0.069
-0.074
-0.076
-0.076
-0.076
-0.077
-0.077
-0.076
-0.075
-0.075
-0.074
-0.072
-0.071
-0.071
-0.07
-0.07
-0.069
-0.068
-0.067
-0.07
-0.078
-0.076
-0.05
-0.002
0.072
0.172
0.285
0.405
0.521
0.629
0.729
0.796
0.815
0.784
0.706
0.588
0.454
0.313
0.176
0.046
-0.065
-0.145
-0.193
-0.207
-0.189
-0.161
-0.14
-0.128
-0.123
-0.122
-0.122
-0.121
-0.119
-0.117
-0.115
