-0.057
-0.054
-0.054
-0.055
-0.055
-0.054
-0.052
-0.05
-0.05
-0.051
-0.051
-0.05
-0.048
-0.047
-0.047
-0.048
-0.048
-0.048
-0.046
-0.043
-0.043
-0.044
-0.043
-0.042
-0.032
-0.021
-0.009
0.002
0.015
0.02
0.025
0.026
0.023
0.016
0.009
0.001
-0.008
-0.016
-0.025
-0.033
-0.038
-0.038
-0.037
-0.035
-0.035
-0.036
-0.037
-0.036
-0.039
-0.036
-0.022
0.002
0.038
0.092
0.195
0.278
0.333
0.362
0.368
0.305
0.195
0.103
0.025
-0.038
-0.083
-0.07
-0.059
-0.051
-0.049
-0.05
-0.05
-0.05
-0.048
-0.046
-0.044
-0.042
-0.037
-0.03
-0.014
0.004
0.021
0.036
0.052
0.063
0.075
0.087
0.095
0.098
0.096
0.088
0.082
0.075
0.06
0.044
0.018
-0.008
-0.032
-0.044
-0.054
-0.053
-0.05
-0.049
-0.051
-0.053
-0.051
-0.051
-0.049
-0.047
-0.045
-0.046
-0.047
-0.047
-0.045
-0.044
-0.042
-0.043
-0.044
-0.045
-0.044
-0.042
-0.041
-0.042
-0.043
-0.043
-0.042
-0.041
-0.041
-0.042
-0.043
-0.042
-0.029
-0.014
0
0.012
0.023
0.025
0.023
0.019
0.013
0.002
-0.011
-0.021
-0.031
-0.036
-0.04
-0.045
-0.048
-0.047
-0.048
-0.048
-0.046
-0.043
-0.042
-0.044
-0.009
0.016
0.049
0.092
0.153
0.189
0.219
0.254
0.263
0.245
0.202
0.163
0.089
0.03
-0.015
-0.049
-0.07
-0.069
-0.068
-0.067
-0.065
-0.065
-0.066
-0.064
-0.061
-0.055
-0.045
-0.034
-0.022
-0.012
0.006
0.021
0.033
0.043
0.056
0.061
0.067
0.075
0.081
0.084
0.084
0.084
0.075
0.071
0.065
0.056
0.043
0.038
0.015
-0.001
-0.017
-0.034
-0.052
-0.057
-0.065
-0.068
-0.07
-0.072
-0.072
-0.07
-0.071
-0.072
-0.071
-0.07
-0.069
-0.068
-0.065
-0.061
-0.06
-0.061
-0.062
-0.061
-0.063
-0.064
-0.064
-0.063
-0.061
-0.059
-0.057
-0.056
-0.057
-0.059
-0.058
-0.057
-0.054
-0.052
-0.048
-0.042
-0.033
-0.024
-0.011
-0
0.006
0.01
0.014
0.013
