-0.124
-0.123
-0.122
-0.121
-0.12
-0.118
-0.116
-0.115
-0.114
-0.113
-0.112
-0.111
-0.109
-0.108
-0.107
-0.106
-0.099
-0.099
-0.098
-0.096
-0.094
-0.099
-0.097
-0.096
-0.095
-0.094
-0.092
-0.091
-0.09
-0.089
-0.089
-0.088
-0.087
-0.086
-0.086
-0.086
-0.085
-0.084
-0.083
-0.082
-0.081
-0.079
-0.075
-0.068
-0.058
-0.045
-0.028
-0.01
0.006
0.021
0.036
0.047
0.055
0.059
0.061
0.06
0.055
0.049
0.041
0.029
0.015
-0
-0.018
-0.035
-0.048
-0.058
-0.066
-0.071
-0.08
-0.081
-0.082
-0.082
-0.081
-0.071
-0.07
-0.069
-0.067
-0.066
-0.066
-0.065
-0.063
-0.062
-0.062
-0.061
-0.061
-0.068
-0.078
-0.068
-0.036
0.018
0.103
0.218
0.337
0.449
0.558
0.666
0.764
0.818
0.821
0.775
0.679
0.543
0.402
0.27
0.141
0.015
-0.091
-0.164
-0.2
-0.201
-0.169
-0.143
-0.125
-0.113
-0.11
-0.116
-0.114
-0.113
-0.114
-0.113
-0.111
-0.11
-0.108
-0.106
-0.104
-0.102
-0.102
-0.101
-0.097
-0.091
-0.08
-0.064
-0.044
-0.026
-0.009
0.008
0.025
0.044
0.063
0.082
0.101
0.122
0.14
0.155
0.166
0.175
0.181
0.185
0.188
0.19
0.191
0.191
0.189
0.186
0.181
0.176
0.169
0.163
0.156
0.147
0.134
0.117
0.097
0.076
0.055
0.035
0.016
-0.003
-0.02
-0.037
-0.053
-0.071
-0.09
-0.105
-0.115
-0.121
-0.124
-0.124
-0.122
-0.12
-0.12
-0.12
-0.119
-0.119
-0.119
-0.117
-0.116
-0.116
-0.115
-0.114
-0.114
-0.113
-0.11
-0.109
-0.108
-0.107
-0.104
-0.103
-0.102
-0.1
-0.098
-0.097
-0.097
-0.097
-0.103
-0.103
-0.103
-0.102
-0.107
-0.1
-0.099
-0.098
-0.097
-0.088
-0.087
-0.085
-0.085
-0.084
-0.084
-0.083
-0.083
-0.082
-0.081
-0.08
-0.079
-0.078
-0.077
-0.077
-0.078
-0.077
-0.074
-0.067
-0.056
-0.042
-0.026
-0.01
0.006
0.022
0.035
0.046
0.053
0.059
0.061
0.061
0.058
0.053
0.043
0.03
0.017
0.003
