-0.061
-0.061
-0.06
-0.06
-0.059
-0.058
-0.059
-0.06
-0.06
-0.06
-0.058
-0.057
-0.054
-0.055
-0.056
-0.057
-0.054
-0.055
-0.05
-0.044
-0.039
-0.031
-0.021
-0.012
-0
0.008
0.013
0.015
0.016
0.013
0.003
-0.008
-0.021
-0.033
-0.044
-0.045
-0.044
-0.042
-0.043
-0.044
-0.044
-0.045
-0.043
-0.04
-0.042
-0.048
-0.047
-0.036
0.035
0.12
0.217
0.317
0.403
0.415
0.352
0.264
0.151
0.036
-0.061
-0.087
-0.091
-0.082
-0.068
-0.059
-0.053
-0.053
-0.051
-0.049
-0.048
-0.049
-0.047
-0.046
-0.034
-0.02
-0.007
0.007
0.033
0.05
0.067
0.084
0.1
0.103
0.105
0.107
0.105
0.101
0.098
0.094
0.082
0.069
0.053
0.036
0.018
0.009
-0.005
-0.017
-0.03
-0.043
-0.052
-0.052
-0.051
-0.048
-0.048
-0.048
-0.048
-0.048
-0.047
-0.045
-0.045
-0.047
-0.049
-0.049
-0.05
-0.049
-0.046
-0.044
-0.043
-0.041
-0.04
-0.041
-0.041
-0.042
-0.04
-0.038
-0.036
-0.037
-0.038
-0.037
-0.03
-0.022
-0.012
-0.002
0.009
0.015
0.018
0.024
0.024
0.021
0.015
0.013
-0.002
-0.011
-0.021
-0.031
-0.039
-0.038
-0.04
-0.039
-0.038
-0.039
-0.04
-0.038
-0.04
-0.044
-0.044
-0.035
-0.014
0.023
0.123
0.225
0.311
0.371
0.408
0.369
0.254
0.143
0.046
-0.036
-0.102
-0.091
-0.079
-0.067
-0.059
-0.057
-0.057
-0.054
-0.056
-0.055
-0.055
-0.056
-0.056
-0.049
-0.034
-0.018
-0.001
0.015
0.031
0.04
0.053
0.068
0.079
0.086
0.091
0.094
0.09
0.089
0.086
0.08
0.072
0.069
0.049
0.028
0.008
-0.012
-0.032
-0.041
-0.048
-0.055
-0.062
-0.067
-0.067
-0.066
-0.065
-0.066
-0.067
-0.068
-0.068
-0.067
-0.065
-0.064
-0.064
-0.063
-0.06
-0.06
-0.059
-0.06
-0.061
-0.063
-0.063
-0.061
-0.058
-0.057
-0.055
-0.055
-0.057
-0.057
-0.053
-0.048
-0.034
-0.022
-0.01
0.001
0.011
0.013
0.01
0.003
-0.007
-0.018
-0.028
-0.034
