-0.046
-0.048
-0.048
-0.042
-0.043
-0.038
-0.033
-0.032
-0.034
-0.029
-0.026
-0.019
-0.007
0.008
0.022
0.03
0.039
0.039
0.036
0.033
0.033
0.026
0.016
0.002
-0.013
-0.023
-0.025
-0.025
-0.022
-0.025
-0.03
-0.03
-0.026
-0.025
-0.024
-0.031
-0.038
-0.031
-0.006
0.03
0.13
0.233
0.321
0.388
0.433
0.398
0.288
0.165
0.055
-0.034
-0.098
-0.093
-0.076
-0.066
-0.063
-0.061
-0.058
-0.056
-0.053
-0.053
-0.055
-0.056
-0.051
-0.046
-0.029
-0.014
-0.001
0.014
0.033
0.042
0.059
0.072
0.078
0.085
0.094
0.095
0.097
0.096
0.091
0.086
0.083
0.078
0.065
0.049
0.028
0.008
-0.009
-0.018
-0.027
-0.036
-0.047
-0.057
-0.061
-0.061
-0.058
-0.055
-0.057
-0.058
-0.056
-0.056
-0.056
-0.054
-0.055
-0.057
-0.055
-0.051
-0.051
-0.049
-0.05
-0.052
-0.051
-0.047
-0.049
-0.047
-0.05
-0.051
-0.05
-0.045
-0.046
-0.044
-0.045
-0.047
-0.046
-0.042
-0.032
-0.019
-0.01
0
0.013
0.018
0.023
0.024
0.019
0.011
0.004
-0.005
-0.013
-0.019
-0.027
-0.034
-0.038
-0.038
-0.035
-0.031
-0.03
-0.03
-0.029
-0.028
-0.028
-0.016
0.083
0.167
0.236
0.295
0.333
0.269
0.174
0.095
0.031
-0.02
-0.057
-0.046
-0.038
-0.033
-0.033
-0.035
-0.036
-0.036
-0.034
-0.03
-0.028
-0.026
-0.022
-0.016
-0
0.018
0.034
0.047
0.062
0.07
0.081
0.091
0.098
0.1
0.101
0.1
0.097
0.096
0.091
0.083
0.074
0.066
0.049
0.034
0.017
-0.002
-0.021
-0.029
-0.037
-0.041
-0.045
-0.05
-0.053
-0.052
-0.051
-0.049
-0.048
-0.051
-0.052
-0.053
-0.051
-0.048
-0.046
-0.047
-0.048
-0.048
-0.047
-0.045
-0.044
-0.044
-0.046
-0.046
-0.046
-0.043
-0.042
-0.044
-0.044
-0.044
-0.043
-0.04
-0.039
-0.04
-0.041
-0.037
-0.027
-0.013
0.001
0.011
0.018
0.02
0.018
0.015
0.009
-0.002
-0.016
-0.023
-0.031
-0.035
-0.037
-0.041
