-0.068
-0.076
-0.076
-0.053
-0.005
0.067
0.165
0.276
0.391
0.506
0.615
0.716
0.785
0.807
0.779
0.705
0.59
0.459
0.323
0.186
0.055
-0.059
-0.14
-0.188
-0.204
-0.189
-0.163
-0.142
-0.13
-0.124
-0.122
-0.121
-0.12
-0.119
-0.117
-0.115
-0.113
-0.112
-0.111
-0.11
-0.109
-0.109
-0.108
-0.105
-0.099
-0.09
-0.077
-0.06
-0.043
-0.024
-0.007
0.009
0.025
0.045
0.064
0.083
0.103
0.121
0.137
0.15
0.16
0.166
0.17
0.173
0.176
0.178
0.178
0.178
0.176
0.172
0.167
0.161
0.155
0.148
0.138
0.127
0.113
0.097
0.078
0.056
0.036
0.017
-0.002
-0.019
-0.037
-0.056
-0.073
-0.089
-0.106
-0.12
-0.129
-0.135
-0.138
-0.137
-0.132
-0.131
-0.13
-0.128
-0.127
-0.129
-0.128
-0.127
-0.125
-0.123
-0.123
-0.122
-0.121
-0.121
-0.121
-0.12
-0.118
-0.116
-0.115
-0.113
-0.112
-0.112
-0.111
-0.111
-0.11
-0.109
-0.108
-0.107
-0.106
-0.105
-0.103
-0.102
-0.101
-0.099
-0.097
-0.096
-0.096
-0.095
-0.095
-0.095
-0.095
-0.094
-0.101
-0.1
-0.099
-0.098
-0.097
-0.087
-0.085
-0.083
-0.083
-0.081
-0.076
-0.067
-0.055
-0.039
-0.021
-0.005
0.01
0.024
0.037
0.045
0.049
0.052
0.052
0.049
0.043
0.035
0.025
0.012
-0.003
-0.019
-0.046
-0.061
-0.074
-0.083
-0.088
-0.08
-0.08
-0.08
-0.081
-0.081
-0.081
-0.081
-0.08
-0.079
-0.078
-0.076
-0.076
-0.075
-0.076
-0.075
-0.075
-0.074
-0.077
-0.087
-0.086
-0.063
-0.017
0.057
0.164
0.28
0.391
0.5
0.61
0.718
0.79
0.81
0.783
0.705
0.579
0.442
0.311
0.183
0.051
-0.07
-0.155
-0.203
-0.216
-0.199
-0.17
-0.149
-0.136
-0.131
-0.129
-0.128
-0.127
-0.126
-0.125
-0.124
-0.123
-0.121
-0.118
-0.116
-0.115
-0.114
-0.109
-0.108
-0.102
-0.092
-0.078
-0.064
-0.046
-0.028
-0.01
0.008
0.026
0.045
0.063
0.082
0.103
0.122
0.138
0.151
0.161
0.168
