-0.05
-0.136
-0.189
-0.211
-0.199
-0.172
-0.151
-0.138
-0.131
-0.128
-0.127
-0.125
-0.123
-0.121
-0.12
-0.119
-0.118
-0.116
-0.114
-0.112
-0.11
-0.109
-0.107
-0.102
-0.092
-0.079
-0.063
-0.045
-0.013
0.006
0.023
0.04
0.059
0.065
0.085
0.105
0.123
0.138
0.151
0.161
0.169
0.173
0.177
0.18
0.182
0.183
0.183
0.181
0.177
0.172
0.167
0.161
0.155
0.146
0.135
0.121
0.104
0.085
0.063
0.041
0.021
0.002
-0.015
-0.032
-0.05
-0.067
-0.083
-0.099
-0.113
-0.123
-0.129
-0.132
-0.131
-0.13
-0.128
-0.127
-0.126
-0.125
-0.124
-0.123
-0.127
-0.125
-0.124
-0.122
-0.122
-0.115
-0.114
-0.113
-0.111
-0.109
-0.108
-0.107
-0.101
-0.1
-0.099
-0.097
-0.096
-0.099
-0.098
-0.097
-0.097
-0.096
-0.095
-0.094
-0.094
-0.094
-0.093
-0.092
-0.092
-0.091
-0.09
-0.089
-0.087
-0.085
-0.083
-0.082
-0.081
-0.08
-0.08
-0.08
-0.08
-0.079
-0.079
-0.078
-0.076
-0.072
-0.063
-0.052
-0.037
-0.019
-0.001
0.015
0.029
0.043
0.053
0.06
0.063
0.065
0.064
0.06
0.054
0.044
0.031
0.017
0.001
-0.016
-0.031
-0.043
-0.053
-0.061
-0.066
-0.068
-0.069
-0.07
-0.07
-0.069
-0.067
-0.067
-0.065
-0.064
-0.063
-0.063
-0.061
-0.06
-0.06
-0.059
-0.059
-0.061
-0.07
-0.075
-0.059
-0.021
0.041
0.137
0.257
0.373
0.482
0.589
0.698
0.785
0.823
0.811
0.751
0.64
0.499
0.362
0.181
0.052
-0.073
-0.17
-0.231
-0.201
-0.194
-0.166
-0.142
-0.127
-0.119
-0.117
-0.116
-0.115
-0.114
-0.113
-0.112
-0.11
-0.107
-0.107
-0.106
-0.104
-0.103
-0.102
-0.099
-0.093
-0.085
-0.072
-0.055
-0.036
-0.019
-0.001
0.016
0.036
0.054
0.073
0.091
0.11
0.129
0.147
0.159
0.17
0.177
0.182
0.186
0.189
0.19
0.191
0.191
0.189
0.185
0.18
0.175
0.169
0.161
0.152
0.142
0.128
0.11
0.09
0.069
0.049
0.029
0.008
