-0.06
-0.061
-0.059
-0.053
-0.037
-0.017
0.004
0.024
0.044
0.055
0.064
0.071
0.076
0.081
0.087
0.089
0.086
0.085
0.08
0.075
0.07
0.067
0.048
0.033
0.015
-0.003
-0.02
-0.024
-0.038
-0.05
-0.06
-0.069
-0.075
-0.072
-0.072
-0.07
-0.07
-0.071
-0.07
-0.068
-0.068
-0.066
-0.066
-0.066
-0.065
-0.063
-0.062
-0.06
-0.059
-0.059
-0.059
-0.061
-0.061
-0.062
-0.062
-0.06
-0.059
-0.059
-0.06
-0.061
-0.061
-0.059
-0.056
-0.053
-0.041
-0.03
-0.016
-0.003
0.009
0.012
0.008
0.002
-0.004
-0.012
-0.022
-0.029
-0.037
-0.045
-0.05
-0.053
-0.053
-0.051
-0.051
-0.051
-0.05
-0.049
-0.048
-0.047
-0.032
-0.006
0.034
0.086
0.149
0.207
0.255
0.277
0.276
0.252
0.177
0.096
0.031
-0.022
-0.063
-0.064
-0.06
-0.061
-0.062
-0.061
-0.059
-0.06
-0.058
-0.055
-0.049
-0.04
-0.02
0.001
0.024
0.045
0.063
0.072
0.079
0.084
0.088
0.092
0.095
0.095
0.087
0.078
0.069
0.06
0.05
0.041
0.021
0.002
-0.017
-0.033
-0.047
-0.052
-0.057
-0.061
-0.064
-0.063
-0.061
-0.062
-0.06
-0.06
-0.059
-0.057
-0.054
-0.054
-0.053
-0.054
-0.055
-0.054
-0.052
-0.051
-0.049
-0.049
-0.049
-0.048
-0.046
-0.047
-0.045
-0.046
-0.047
-0.046
-0.044
-0.044
-0.043
-0.042
-0.041
-0.036
-0.028
-0.021
-0.008
0.002
0.004
0.002
-0
-0.01
-0.02
-0.026
-0.03
-0.033
-0.034
-0.034
-0.031
-0.031
-0.03
-0.031
-0.032
-0.032
-0.031
-0.034
0.006
0.055
0.117
0.192
0.282
0.336
0.337
0.312
0.261
0.188
0.091
0.026
-0.014
-0.043
-0.058
-0.058
-0.044
-0.044
-0.043
-0.043
-0.044
-0.044
-0.041
-0.042
-0.036
-0.029
-0.02
-0.01
0.004
0.012
0.029
0.044
0.059
0.074
0.088
0.092
0.099
0.101
0.101
0.103
0.104
0.101
0.093
0.083
0.07
0.057
0.044
0.034
0.019
0.002
-0.016
-0.031
-0.044
-0.049
-0.051
-0.053
