0.121
0.105
0.087
0.081
0.061
0.04
0.019
-0
-0.017
-0.034
-0.051
-0.069
-0.087
-0.102
-0.113
-0.121
-0.127
-0.128
-0.127
-0.126
-0.124
-0.122
-0.121
-0.12
-0.118
-0.116
-0.115
-0.114
-0.113
-0.113
-0.112
-0.111
-0.11
-0.109
-0.107
-0.105
-0.103
-0.102
-0.101
-0.101
-0.099
-0.1
-0.099
-0.098
-0.098
-0.098
-0.097
-0.098
-0.098
-0.098
-0.097
-0.097
-0.096
-0.095
-0.094
-0.093
-0.092
-0.092
-0.091
-0.091
-0.09
-0.089
-0.088
-0.087
-0.086
-0.085
-0.083
-0.081
-0.08
-0.078
-0.06
-0.053
-0.043
-0.03
-0.014
-0.013
0.004
0.02
0.032
0.043
0.051
0.056
0.057
0.055
0.052
0.046
0.035
0.023
0.01
-0.006
-0.023
-0.04
-0.055
-0.066
-0.074
-0.078
-0.08
-0.08
-0.08
-0.079
-0.078
-0.076
-0.075
-0.075
-0.074
-0.074
-0.073
-0.072
-0.071
-0.07
-0.069
-0.069
-0.069
-0.076
-0.085
-0.077
-0.046
0.009
0.09
0.195
0.307
0.424
0.541
0.648
0.742
0.797
0.804
0.761
0.672
0.548
0.415
0.275
0.137
0.008
-0.086
-0.157
-0.198
-0.203
-0.181
-0.166
-0.148
-0.137
-0.133
-0.132
-0.131
-0.129
-0.127
-0.125
-0.123
-0.121
-0.119
-0.118
-0.116
-0.115
-0.115
-0.114
-0.109
-0.102
-0.092
-0.078
-0.06
-0.041
-0.022
-0.005
0.018
0.035
0.054
0.074
0.093
0.104
0.121
0.136
0.149
0.159
0.165
0.17
0.172
0.174
0.176
0.177
0.176
0.174
0.17
0.165
0.159
0.153
0.146
0.136
0.123
0.108
0.089
0.067
0.045
0.025
0.006
-0.013
-0.029
-0.045
-0.061
-0.078
-0.095
-0.112
-0.126
-0.136
-0.141
-0.141
-0.139
-0.138
-0.136
-0.135
-0.135
-0.134
-0.133
-0.133
-0.133
-0.132
-0.131
-0.13
-0.128
-0.127
-0.125
-0.124
-0.123
-0.122
-0.121
-0.12
-0.12
-0.12
-0.125
-0.123
-0.122
-0.12
-0.118
-0.11
-0.109
-0.108
-0.109
-0.108
-0.108
-0.107
-0.106
-0.105
-0.103
-0.101
-0.1
-0.098
-0.096
-0.095
-0.094
-0.093
