-0.049
-0.048
-0.049
-0.048
-0.047
-0.049
-0.053
-0.056
0.014
0.075
0.148
0.234
0.333
0.363
0.344
0.302
0.234
0.138
0.02
-0.037
-0.068
-0.083
-0.085
-0.074
-0.061
-0.061
-0.061
-0.06
-0.059
-0.06
-0.061
-0.059
-0.052
-0.042
-0.029
-0.017
-0.004
0.004
0.022
0.04
0.057
0.072
0.084
0.088
0.089
0.091
0.093
0.092
0.084
0.074
0.059
0.043
0.028
0.017
-0
-0.016
-0.03
-0.045
-0.058
-0.061
-0.062
-0.059
-0.057
-0.056
-0.056
-0.056
-0.056
-0.054
-0.052
-0.051
-0.051
-0.051
-0.05
-0.049
-0.047
-0.046
-0.047
-0.048
-0.048
-0.046
-0.045
-0.044
-0.044
-0.044
-0.044
-0.042
-0.04
-0.039
-0.04
-0.04
-0.038
-0.032
-0.024
-0.016
-0.007
0.002
0.011
0.019
0.026
0.028
0.027
0.022
0.01
-0.001
-0.011
-0.021
-0.031
-0.032
-0.034
-0.034
-0.032
-0.031
-0.032
-0.032
-0.033
-0.033
-0.034
-0.038
-0.038
-0.024
0.07
0.172
0.272
0.356
0.414
0.373
0.287
0.195
0.101
0.014
-0.056
-0.08
-0.086
-0.076
-0.061
-0.05
-0.044
-0.044
-0.045
-0.044
-0.042
-0.041
-0.041
-0.039
-0.031
-0.019
-0.004
0.012
0.027
0.036
0.052
0.067
0.082
0.094
0.103
0.102
0.101
0.101
0.1
0.098
0.094
0.091
0.059
0.029
0.002
-0.025
-0.054
-0.054
-0.056
-0.056
-0.054
-0.052
-0.053
-0.053
-0.054
-0.054
-0.052
-0.05
-0.05
-0.05
-0.051
-0.052
-0.05
-0.048
-0.047
-0.046
-0.045
-0.046
-0.045
-0.044
-0.046
-0.047
-0.046
-0.046
-0.045
-0.043
-0.043
-0.044
-0.035
-0.029
-0.019
-0.006
0.005
0.006
0.011
0.014
0.015
0.014
0.01
0.003
-0.01
-0.022
-0.032
-0.04
-0.047
-0.048
-0.048
-0.049
-0.048
-0.046
-0.046
-0.048
-0.046
-0.051
-0.049
-0.036
-0.012
0.02
0.122
0.223
0.307
0.367
0.4
0.354
0.238
0.125
0.03
-0.046
-0.107
-0.099
-0.085
-0.075
-0.069
-0.067
-0.064
-0.064
-0.063
-0.063
-0.061
-0.06
-0.059
-0.056
-0.038
-0.023
-0.007
0.012
0.029
0.033
0.049
0.061
0.072
0.083
0.091
0.088
0.088
0.086
0.084
0.082
0.078
0.07
0.051
0.03
0.007
-0.016
-0.036
-0.045
-0.053
-0.058
-0.061
-0.065
-0.067
-0.067
-0.067
-0.066
-0.065
-0.066
-0.067
-0.066
-0.065
-0.062
-0.06
-0.06
-0.061
-0.059
-0.059
-0.058
-0.057
-0.059
-0.062
-0.061
-0.06
-0.058
-0.056
-0.057
-0.057
-0.057
-0.057
-0.055
-0.053
-0.053
-0.051
-0.046
-0.034
-0.021
-0.007
0.004
0.013
0.015
0.012
0.006
-0
-0.012
-0.025
-0.031
-0.037
-0.041
-0.043
-0.045
-0.046
-0.046
-0.047
-0.046
-0.045
-0.045
-0.046
-0.045
-0.021
0.015
0.061
0.118
0.186
0.244
0.28
0.292
0.28
0.238
0.171
0.103
0.042
-0.003
-0.034
-0.054
-0.061
-0.059
-0.059
-0.057
-0.055
-0.054
-0.055
-0.054
-0.047
-0.04
-0.033
-0.024
-0.015
-0.009
0.008
0.026
0.044
0.059
0.074
0.081
0.088
0.095
0.1
0.102
0.101
0.099
0.087
0.08
0.071
0.06
0.045
0.038
0.017
0.001
-0.015
-0.03
-0.047
-0.049
-0.054
-0.056
-0.056
-0.055
-0.055
-0.054
-0.054
-0.052
-0.05
-0.05
-0.051
-0.051
-0.05
-0.048
-0.046
-0.045
-0.045
-0.044
-0.044
-0.044
-0.042
-0.042
-0.042
-0.042
-0.041
-0.039
-0.037
-0.037
-0.037
-0.038
-0.039
-0.038
-0.034
-0.03
-0.026
-0.017
-0.004
0.009
0.02
0.028
0.033
0.032
0.023
0.013
0.003
-0.01
-0.024
-0.029
-0.033
-0.034
-0.033
-0.033
-0.034
-0.033
-0.034
-0.034
-0.033
-0.033
-0.036
-0.04
0.005
0.064
0.134
0.216
0.313
0.367
0.353
0.316
0.253
0.165
0.057
0.008
-0.027
-0.049
-0.058
-0.057
-0.056
-0.055
-0.053
-0.052
-0.052
-0.052
-0.048
-0.04
-0.029
-0.018
-0.005
0.004
0.022
0.04
0.059
0.075
0.092
0.097
0.099
0.098
0.098
0.095
0.084
0.074
0.063
0.048
0.031
0.02
0.001
-0.016
-0.03
-0.044
-0.058
-0.062
