-0.181
-0.206
-0.198
-0.171
-0.155
-0.139
-0.131
-0.128
-0.127
-0.118
-0.117
-0.116
-0.115
-0.114
-0.113
-0.112
-0.112
-0.111
-0.111
-0.111
-0.109
-0.104
-0.094
-0.081
-0.065
-0.047
-0.028
-0.009
0.008
0.024
0.042
0.062
0.083
0.103
0.123
0.14
0.154
0.165
0.173
0.177
0.18
0.183
0.184
0.184
0.184
0.182
0.178
0.173
0.167
0.161
0.154
0.145
0.134
0.121
0.105
0.087
0.065
0.043
0.022
0.002
-0.015
-0.032
-0.05
-0.067
-0.084
-0.101
-0.116
-0.126
-0.133
-0.135
-0.134
-0.133
-0.133
-0.132
-0.131
-0.13
-0.129
-0.128
-0.127
-0.127
-0.126
-0.125
-0.123
-0.122
-0.121
-0.119
-0.118
-0.117
-0.118
-0.116
-0.113
-0.111
-0.11
-0.108
-0.108
-0.109
-0.11
-0.109
-0.107
-0.107
-0.106
-0.104
-0.103
-0.103
-0.102
-0.1
-0.1
-0.099
-0.098
-0.097
-0.097
-0.096
-0.095
-0.094
-0.094
-0.093
-0.092
-0.092
-0.091
-0.09
-0.088
-0.087
-0.086
-0.082
-0.074
-0.065
-0.051
-0.034
-0.016
-0
0.014
0.027
0.038
0.045
0.049
0.05
0.048
0.044
0.038
0.028
0.016
0.002
-0.014
-0.032
-0.049
-0.062
-0.073
-0.081
-0.086
-0.088
-0.087
-0.087
-0.087
-0.086
-0.084
-0.084
-0.082
-0.081
-0.079
-0.077
-0.077
-0.076
-0.075
-0.076
-0.076
-0.077
-0.084
-0.091
-0.077
-0.041
0.017
0.107
0.225
0.342
0.452
0.56
0.671
0.764
0.81
0.803
0.749
0.644
0.504
0.365
0.18
0.052
-0.074
-0.177
-0.243
-0.215
-0.211
-0.185
-0.155
-0.137
-0.129
-0.125
-0.123
-0.126
-0.125
-0.123
-0.122
-0.122
-0.119
-0.118
-0.118
-0.117
-0.115
-0.114
-0.113
-0.108
-0.1
-0.088
-0.072
-0.053
-0.036
-0.019
-0.002
0.016
0.035
0.055
0.072
0.091
0.111
0.129
0.142
0.153
0.161
0.167
0.171
0.173
0.176
0.178
0.178
0.177
0.174
0.171
0.165
0.159
0.153
0.144
0.135
0.122
0.104
0.083
0.062
0.042
0.021
0.001
-0.016
-0.031
-0.047
-0.063
-0.08
-0.099
-0.114
-0.125
-0.133
-0.137
-0.137
-0.136
-0.134
-0.132
-0.13
-0.127
-0.126
-0.124
-0.122
-0.121
-0.12
-0.12
-0.119
-0.118
-0.118
-0.116
-0.114
-0.113
-0.112
-0.111
-0.111
-0.11
-0.109
-0.107
-0.107
-0.105
-0.104
-0.103
-0.096
-0.094
-0.092
-0.09
-0.089
-0.095
-0.093
-0.092
-0.092
-0.092
-0.09
-0.089
-0.088
-0.087
-0.085
-0.083
-0.083
-0.083
-0.082
-0.081
-0.081
-0.08
-0.079
-0.078
-0.077
-0.072
-0.063
-0.051
-0.038
-0.022
-0.005
0.013
0.028
0.04
0.05
0.057
0.06
0.061
0.061
0.057
0.051
0.04
0.027
0.013
-0.013
-0.03
-0.046
-0.061
-0.071
-0.066
-0.071
-0.071
-0.071
-0.071
-0.071
-0.07
-0.069
-0.068
-0.068
-0.067
-0.066
-0.065
-0.064
-0.063
-0.062
-0.061
-0.061
-0.062
-0.07
-0.077
-0.063
-0.025
0.039
0.129
0.237
0.349
0.465
0.582
0.692
0.777
0.818
0.809
0.749
0.645
0.516
0.384
0.208
0.068
-0.058
-0.151
-0.213
-0.201
-0.197
-0.17
-0.146
-0.13
-0.12
-0.117
-0.116
-0.115
-0.112
-0.111
-0.11
-0.109
-0.106
-0.105
-0.103
-0.102
-0.1
-0.1
-0.1
-0.095
-0.087
-0.075
-0.061
-0.043
-0.011
0.008
0.026
0.043
0.061
0.067
0.088
0.108
0.127
0.144
0.158
0.169
0.177
0.182
0.185
0.188
0.19
0.191
0.191
0.189
0.185
0.179
0.174
0.168
0.161
0.153
0.143
0.131
0.115
0.097
0.075
0.052
0.031
0.012
-0.005
-0.022
-0.039
-0.056
-0.073
-0.09
-0.106
-0.118
-0.126
-0.13
-0.13
-0.129
-0.128
-0.126
-0.124
-0.123
-0.122
-0.12
-0.118
-0.116
-0.114
-0.112
-0.11
-0.109
-0.108
-0.107
-0.106
-0.105
-0.104
-0.103
-0.101
-0.101
-0.101
-0.099
-0.099
-0.098
-0.096
-0.094
-0.093
-0.092
-0.091
-0.091
-0.09
-0.089
-0.087
-0.087
-0.086
-0.086
-0.085
-0.085
-0.084
-0.083
-0.082
-0.08
-0.08
-0.079
-0.079
-0.078
-0.078
-0.078
-0.073
-0.072
-0.071
-0.067
