-0.036
-0.036
-0.038
-0.037
-0.038
-0.038
-0.037
-0.034
-0.035
-0.033
-0.031
-0.028
-0.025
-0.021
-0.01
0.002
0.014
0.026
0.037
0.039
0.036
0.028
0.019
0.009
-0.001
-0.01
-0.017
-0.024
-0.03
-0.032
-0.031
-0.031
-0.03
-0.031
-0.031
-0.031
-0.029
-0.029
-0.01
0.018
0.057
0.108
0.173
0.228
0.272
0.291
0.287
0.26
0.209
0.143
0.073
0.018
-0.023
-0.048
-0.059
-0.054
-0.052
-0.052
-0.054
-0.053
-0.051
-0.05
-0.047
-0.044
-0.04
-0.033
-0.023
-0.014
0.004
0.02
0.036
0.054
0.072
0.079
0.087
0.091
0.093
0.095
0.097
0.096
0.091
0.082
0.072
0.062
0.052
0.042
0.026
0.009
-0.01
-0.028
-0.043
-0.05
-0.056
-0.061
-0.065
-0.066
-0.065
-0.064
-0.062
-0.061
-0.062
-0.062
-0.06
-0.06
-0.058
-0.058
-0.058
-0.058
-0.057
-0.056
-0.055
-0.056
-0.057
-0.058
-0.056
-0.055
-0.053
-0.053
-0.054
-0.053
-0.052
-0.051
-0.049
-0.049
-0.049
-0.046
-0.04
-0.034
-0.019
-0.008
0.002
0.01
0.018
0.018
0.012
0.003
-0.01
-0.023
-0.035
-0.041
-0.045
-0.047
-0.049
-0.049
-0.048
-0.048
-0.046
-0.047
-0.048
-0.049
-0.049
-0.053
-0.012
0.039
0.101
0.176
0.266
0.322
0.321
0.294
0.241
0.164
0.064
-0
-0.038
-0.064
-0.078
-0.078
-0.065
-0.066
-0.064
-0.062
-0.063
-0.063
-0.062
-0.062
-0.055
-0.046
-0.038
-0.028
-0.014
-0.005
0.012
0.029
0.045
0.059
0.075
0.08
0.086
0.088
0.088
0.087
0.088
0.086
0.079
0.071
0.059
0.044
0.031
0.021
0.006
-0.011
-0.028
-0.044
-0.056
-0.06
-0.06
-0.06
-0.061
-0.062
-0.061
-0.06
-0.058
-0.057
-0.057
-0.058
-0.057
-0.057
-0.055
-0.053
-0.053
-0.053
-0.051
-0.051
-0.049
-0.048
-0.049
-0.05
-0.049
-0.048
-0.046
-0.045
-0.045
-0.046
-0.045
-0.044
-0.041
-0.037
-0.032
-0.026
-0.017
-0.008
0.005
0.015
0.022
0.026
0.029
0.026
0.016
0.005
-0.009
-0.023
-0.033
-0.034
-0.033
-0.033
-0.034
-0.036
-0.037
-0.037
-0.036
-0.035
-0.037
-0.041
-0.045
-0.04
0.025
0.1
0.187
0.289
0.387
0.413
0.366
0.293
0.192
0.073
-0.034
-0.069
-0.081
-0.081
-0.07
-0.058
-0.048
-0.049
-0.05
-0.049
-0.048
-0.046
-0.044
-0.039
-0.028
-0.018
-0.008
0.003
0.017
0.025
0.043
0.059
0.073
0.085
0.098
0.1
0.103
0.105
0.103
0.099
0.097
0.093
0.077
0.065
0.05
0.033
0.016
0.013
-0.005
-0.019
-0.033
-0.047
-0.058
-0.055
-0.056
-0.054
-0.054
-0.054
-0.053
-0.05
-0.05
-0.048
-0.048
-0.049
-0.05
-0.048
-0.049
-0.047
-0.048
-0.049
-0.05
-0.048
-0.048
-0.046
-0.046
-0.046
-0.046
-0.045
-0.046
-0.044
-0.044
-0.045
-0.045
-0.043
-0.037
-0.029
-0.015
-0.005
0.007
0.014
0.019
0.019
0.021
0.018
0.013
0.01
-0.004
-0.015
-0.024
-0.034
-0.041
-0.039
-0.041
-0.041
-0.041
-0.043
-0.044
-0.042
-0.049
-0.05
-0.054
-0.052
0.047
0.144
0.226
0.299
0.351
0.288
0.18
0.087
0.013
-0.043
-0.084
-0.07
-0.061
-0.057
-0.055
-0.054
-0.053
-0.052
-0.051
-0.053
-0.053
-0.05
-0.045
-0.038
-0.021
-0.006
0.011
0.029
0.047
0.057
0.069
0.078
0.086
0.093
0.099
0.1
0.096
0.089
0.083
0.076
0.069
0.062
0.046
0.028
0.009
-0.007
-0.022
-0.031
-0.04
-0.05
-0.058
-0.064
-0.065
-0.064
-0.061
-0.061
-0.061
-0.061
-0.06
-0.06
-0.059
-0.06
-0.061
-0.062
-0.061
-0.059
-0.056
-0.056
-0.054
-0.055
-0.056
-0.055
-0.053
-0.052
-0.051
-0.051
-0.052
-0.052
-0.049
-0.045
-0.032
-0.02
-0.009
0.003
0.015
0.017
0.015
0.008
-0
-0.01
-0.02
-0.027
-0.033
-0.039
-0.044
-0.048
-0.047
-0.047
-0.046
-0.047
-0.047
-0.047
-0.046
-0.046
-0.008
0.017
0.053
0.103
0.165
0.198
0.228
0.256
0.258
0.238
0.194
0.155
0.087
0.029
-0.015
-0.045
-0.06
-0.059
