-0.024
-0.044
-0.053
-0.053
-0.054
-0.054
-0.054
-0.053
-0.052
-0.052
-0.049
-0.043
-0.035
-0.026
-0.015
-0.005
0.011
0.027
0.045
0.062
0.078
0.085
0.091
0.096
0.1
0.102
0.102
0.101
0.094
0.087
0.08
0.071
0.058
0.046
0.028
0.011
-0.009
-0.025
-0.039
-0.046
-0.052
-0.053
-0.054
-0.054
-0.054
-0.052
-0.051
-0.051
-0.052
-0.053
-0.053
-0.053
-0.052
-0.051
-0.05
-0.049
-0.047
-0.045
-0.045
-0.046
-0.047
-0.048
-0.047
-0.046
-0.044
-0.043
-0.043
-0.042
-0.039
-0.035
-0.03
-0.023
-0.012
-0
0.01
0.019
0.026
0.026
0.018
0.008
-0.002
-0.013
-0.026
-0.031
-0.035
-0.039
-0.039
-0.039
-0.039
-0.039
-0.039
-0.039
-0.037
-0.036
-0.037
-0.041
-0
0.053
0.119
0.197
0.25
0.243
0.209
0.149
0.063
-0
-0.039
-0.064
-0.073
-0.069
-0.055
-0.055
-0.055
-0.055
-0.055
-0.054
-0.053
-0.053
-0.047
-0.039
-0.029
-0.016
-0.001
0.007
0.022
0.038
0.054
0.07
0.084
0.088
0.091
0.092
0.094
0.094
0.093
0.09
0.081
0.07
0.058
0.045
0.03
0.019
0.001
-0.017
-0.033
-0.047
-0.059
-0.064
-0.066
-0.066
-0.066
-0.064
-0.062
-0.062
-0.062
-0.062
-0.062
-0.062
-0.061
-0.06
-0.061
-0.06
-0.06
-0.058
-0.057
-0.057
-0.056
-0.056
-0.055
-0.054
-0.053
-0.053
-0.046
-0.043
-0.037
-0.029
-0.02
-0.016
-0.004
0.004
0.011
0.018
0.022
0.018
0.006
-0.008
-0.021
-0.033
-0.043
-0.045
-0.046
-0.048
-0.048
-0.047
-0.047
-0.048
-0.047
-0.048
-0.048
-0.05
-0.052
-0.045
0.044
0.12
0.212
0.314
0.407
0.403
0.323
0.242
0.138
0.023
-0.079
-0.086
-0.096
-0.094
-0.081
-0.069
-0.06
-0.061
-0.059
-0.059
-0.059
-0.057
-0.055
-0.055
-0.041
-0.03
-0.018
-0.002
0.014
0.018
0.037
0.053
0.067
0.081
0.094
0.093
0.093
0.092
0.089
0.086
0.081
0.076
0.061
0.045
0.019
-0.006
-0.031
-0.045
-0.058
-0.059
-0.059
-0.059
-0.059
-0.059
-0.057
-0.057
-0.056
-0.055
-0.053
-0.051
-0.05
-0.049
-0.049
-0.049
-0.048
-0.048
-0.049
-0.047
-0.047
-0.045
-0.044
-0.043
-0.044
-0.043
-0.043
-0.042
-0.04
-0.039
-0.04
-0.039
-0.031
-0.02
-0.006
0.007
0.02
0.024
0.026
0.024
0.021
0.016
0.007
-0.001
-0.01
-0.018
-0.024
-0.028
-0.032
-0.032
-0.032
-0.031
-0.03
-0.029
-0.03
-0.029
-0.033
-0.027
-0.009
0.019
0.095
0.191
0.262
0.307
0.329
0.287
0.187
0.099
0.029
-0.025
-0.066
-0.061
-0.052
-0.047
-0.044
-0.043
-0.043
-0.042
-0.041
-0.04
-0.038
-0.035
-0.031
-0.026
-0.006
0.012
0.03
0.047
0.063
0.068
0.077
0.087
0.095
0.102
0.105
0.106
0.101
0.098
0.093
0.087
0.078
0.071
0.049
0.032
0.014
-0.003
-0.021
-0.027
-0.037
-0.044
-0.049
-0.052
-0.054
-0.054
-0.055
-0.055
-0.054
-0.054
-0.054
-0.053
-0.052
-0.051
-0.05
-0.05
-0.05
-0.052
-0.052
-0.052
-0.051
-0.051
-0.051
-0.051
-0.051
-0.051
-0.05
-0.049
-0.049
-0.049
-0.049
-0.048
-0.047
-0.045
-0.044
-0.042
-0.031
-0.018
-0.005
0.007
0.018
0.019
0.014
0.009
0.002
-0.007
-0.019
-0.029
-0.037
-0.043
-0.046
-0.048
-0.048
-0.048
-0.049
-0.049
-0.047
-0.047
-0.047
-0.047
-0.031
-0.003
0.038
0.089
0.151
0.208
0.257
0.282
0.283
0.257
0.206
0.137
0.064
0.008
-0.032
-0.059
-0.073
-0.068
-0.068
-0.067
-0.065
-0.063
-0.063
-0.063
-0.061
-0.058
-0.051
-0.043
-0.034
-0.025
-0.008
0.009
0.026
0.044
0.06
0.067
0.074
0.081
0.086
0.088
0.089
0.087
0.081
0.074
0.067
0.058
0.047
0.037
0.019
0.002
-0.013
-0.03
-0.046
-0.055
-0.063
-0.068
-0.07
-0.07
-0.07
-0.069
-0.069
-0.069
-0.067
-0.066
-0.066
-0.065
-0.065
-0.064
-0.062
-0.06
-0.059
-0.058
-0.059
-0.059
-0.058
-0.057
-0.057
-0.056
-0.056
-0.056
-0.055
-0.055
