-0.034
-0.034
-0.025
-0.02
-0.014
-0.005
0.007
0.011
0.019
0.024
0.026
0.027
0.026
0.021
0.01
-0.004
-0.018
-0.028
-0.035
-0.036
-0.035
-0.035
-0.035
-0.035
-0.034
-0.034
-0.033
-0.038
-0.044
-0.044
-0.031
-0.007
0.078
0.174
0.178
0.156
0.119
0.026
-0.072
-0.078
-0.069
-0.056
-0.047
-0.042
-0.038
-0.038
-0.037
-0.038
-0.039
-0.039
-0.037
-0.034
-0.02
-0.006
0.007
0.023
0.041
0.05
0.066
0.079
0.09
0.098
0.108
0.108
0.109
0.106
0.103
0.099
0.096
0.091
0.077
0.06
0.042
0.023
0.006
-0.003
-0.016
-0.028
-0.039
-0.048
-0.053
-0.054
-0.052
-0.052
-0.053
-0.053
-0.051
-0.051
-0.05
-0.051
-0.053
-0.054
-0.052
-0.051
-0.049
-0.048
-0.048
-0.048
-0.048
-0.05
-0.05
-0.05
-0.05
-0.049
-0.047
-0.047
-0.048
-0.049
-0.048
-0.049
-0.04
-0.031
-0.02
-0.008
0.007
0.013
0.019
0.019
0.015
0.009
0.003
-0.005
-0.015
-0.024
-0.034
-0.043
-0.05
-0.05
-0.048
-0.046
-0.047
-0.046
-0.05
-0.052
-0.042
-0.018
0.019
0.07
0.172
0.256
0.315
0.349
0.361
0.301
0.191
0.095
0.013
-0.051
-0.097
-0.083
-0.071
-0.064
-0.062
-0.062
-0.061
-0.06
-0.058
-0.058
-0.058
-0.057
-0.052
-0.045
-0.029
-0.013
0.003
0.018
0.035
0.046
0.061
0.072
0.08
0.086
0.092
0.092
0.088
0.084
0.078
0.068
0.056
0.046
0.027
0.011
-0.005
-0.017
-0.026
-0.029
-0.039
-0.046
-0.054
-0.06
-0.062
-0.06
-0.06
-0.058
-0.057
-0.058
-0.059
-0.058
-0.059
-0.059
-0.06
-0.058
-0.054
-0.052
-0.053
-0.051
-0.053
-0.055
-0.053
-0.05
-0.051
-0.049
-0.049
-0.05
-0.049
-0.046
-0.046
-0.044
-0.045
-0.045
-0.043
-0.039
-0.027
-0.013
-0.002
0.01
0.022
0.025
0.019
0.016
0.008
-0.002
-0.013
-0.014
-0.023
-0.028
-0.033
-0.038
-0.04
-0.038
-0.039
-0.037
-0.037
-0.037
-0.036
-0.033
-0.02
0.003
0.038
0.082
