-0.047
-0.045
-0.045
-0.045
-0.044
-0.044
-0.043
-0.041
-0.041
-0.043
-0.043
-0.043
-0.042
-0.04
-0.04
-0.04
-0.032
-0.023
-0.011
0.003
0.012
0.014
0.007
0.001
-0.009
-0.015
-0.024
-0.028
-0.034
-0.037
-0.041
-0.042
-0.041
-0.042
-0.041
-0.04
-0.04
-0.041
-0.018
-0.008
0.015
0.05
0.095
0.125
0.181
0.236
0.269
0.279
0.264
0.222
0.138
0.062
0.004
-0.04
-0.07
-0.069
-0.062
-0.061
-0.06
-0.059
-0.059
-0.06
-0.056
-0.051
-0.046
-0.038
-0.028
-0.019
-0.002
0.015
0.031
0.045
0.06
0.066
0.072
0.078
0.082
0.082
0.081
0.08
0.074
0.068
0.06
0.048
0.035
0.025
0.008
-0.007
-0.025
-0.042
-0.059
-0.067
-0.073
-0.072
-0.071
-0.07
-0.069
-0.07
-0.07
-0.069
-0.069
-0.067
-0.066
-0.066
-0.066
-0.066
-0.065
-0.064
-0.063
-0.063
-0.063
-0.063
-0.063
-0.061
-0.06
-0.061
-0.061
-0.061
-0.061
-0.059
-0.055
-0.05
-0
0.068
0.178
0.204
0.213
0.178
0.194
0.204
0.305
0.337
0.322
0.24
0.202
0.196
0.336
0.407
0.401
0.322
0.337
0.353
0.511
0.621
0.614
0.492
0.443
0.44
0.615
0.799
0.85
0.789
0.812
0.854
0.958
1.086
1.025
0.819
0.668
0.603
0.45
0.603
0.593
0.472
0.437
0.634
0.533
0.7
0.721
0.623
0.584
0.727
0.649
0.782
0.809
0.727
0.706
0.814
0.743
0.851
0.874
0.794
0.779
0.872
0.787
0.874
0.887
0.797
0.774
0.858
0.848
0.919
0.924
0.828
0.796
0.777
0.756
0.811
0.812
0.728
0.703
0.691
0.684
0.744
0.751
0.684
0.673
0.665
0.659
0.714
0.721
0.661
0.652
0.644
0.637
0.684
0.695
0.647
0.638
0.631
0.624
0.661
0.681
0.653
0.646
0.639
0.632
0.646
0.651
0.625
0.617
0.609
0.603
0.615
0.636
0.637
0.64
0.642
0.645
0.648
0.649
0.647
0.64
0.631
0.612
0.594
0.577
0.561
0.545
0.537
