0.08
0.186
0.273
0.333
0.368
0.307
0.191
0.094
0.006
-0.062
-0.113
-0.1
-0.092
-0.077
-0.066
-0.06
-0.059
-0.058
-0.06
-0.061
-0.041
-0.023
-0.002
0.021
0.044
0.048
0.059
0.069
0.078
0.086
0.091
0.092
0.089
0.086
0.083
0.078
0.069
0.062
0.044
0.026
0.01
-0.005
-0.022
-0.031
-0.042
-0.052
-0.059
-0.063
-0.065
-0.064
-0.064
-0.064
-0.063
-0.061
-0.06
-0.06
-0.06
-0.06
-0.059
-0.058
-0.056
-0.056
-0.057
-0.057
-0.055
-0.054
-0.053
-0.052
-0.053
-0.053
-0.051
-0.049
-0.046
-0.046
-0.046
-0.047
-0.046
-0.045
-0.044
-0.041
-0.03
-0.018
-0.003
0.011
0.024
0.026
0.023
0.017
0.011
0.004
-0.005
-0.013
-0.02
-0.028
-0.033
-0.035
-0.035
-0.037
-0.037
-0.038
-0.037
-0.035
-0.034
-0.033
-0.025
-0.005
0.028
0.074
0.13
0.188
0.227
0.264
0.278
0.268
0.232
0.188
0.113
0.048
-0.001
-0.033
-0.052
-0.053
-0.048
-0.048
-0.047
-0.045
-0.043
-0.045
-0.039
-0.037
-0.033
-0.026
-0.016
-0.014
0.002
0.018
0.035
0.053
0.071
0.079
0.086
0.091
0.096
0.101
0.104
0.103
0.098
0.092
0.086
0.079
0.071
0.06
0.042
0.023
0.005
-0.011
-0.025
-0.034
-0.043
-0.05
-0.054
-0.054
-0.052
-0.051
-0.051
-0.052
-0.053
-0.052
-0.05
-0.05
-0.049
-0.049
-0.049
-0.048
-0.046
-0.046
-0.046
-0.046
-0.046
-0.044
-0.042
-0.041
-0.041
-0.042
-0.041
-0.04
-0.038
-0.038
-0.038
-0.039
-0.04
-0.037
-0.031
-0.026
-0.014
-0.002
0.009
0.019
0.028
0.028
0.021
0.01
-0.001
-0.012
-0.023
-0.029
-0.034
-0.038
-0.04
-0.04
-0.039
-0.039
-0.04
-0.042
-0.044
-0.044
-0.043
-0.045
-0.013
0.029
0.084
0.151
0.233
0.289
0.305
0.294
0.259
0.201
0.119
0.051
0.002
-0.036
-0.06
-0.068
-0.061
-0.06
-0.059
-0.06
-0.06
-0.06
-0.056
-0.051
-0.041
-0.03
-0.009
0.012
0.034
0.054
0.072
0.077
0.082
0.083
0.084
0.086
0.088
0.087
0.081
0.071
0.06
0.047
0.035
0.024
0.008
-0.01
-0.028
-0.044
-0.057
-0.063
-0.065
-0.068
-0.068
-0.067
-0.064
-0.064
-0.063
-0.065
-0.066
-0.066
-0.065
-0.064
-0.062
-0.062
-0.063
-0.061
-0.059
-0.059
-0.057
-0.058
-0.059
-0.057
-0.054
-0.053
-0.051
-0.052
-0.055
-0.055
-0.054
-0.054
-0.051
-0.05
-0.038
-0.026
-0.012
0.003
0.017
0.015
0.004
-0.008
-0.022
-0.034
-0.045
-0.045
-0.046
-0.048
-0.05
-0.05
-0.048
-0.047
-0.046
-0.047
-0.048
-0.05
-0.053
-0.055
0.023
0.087
0.164
0.258
0.362
0.381
0.325
0.267
0.183
0.077
-0.037
-0.057
-0.081
-0.092
-0.09
-0.077
-0.064
-0.063
-0.061
-0.061
-0.062
-0.062
-0.06
-0.059
-0.047
-0.036
-0.026
-0.012
0.017
0.033
0.053
0.073
0.089
0.09
0.092
0.093
0.091
0.09
0.09
0.089
0.075
0.063
0.048
0.032
0.018
0.013
-0.006
-0.021
-0.034
-0.047
-0.058
-0.057
-0.058
-0.059
-0.058
-0.056
-0.055
-0.054
-0.055
-0.055
-0.053
-0.052
-0.052
-0.051
-0.052
-0.052
-0.051
-0.05
-0.049
-0.049
-0.048
-0.047
-0.044
-0.041
-0.04
-0.039
-0.041
-0.042
-0.041
-0.039
-0.039
-0.038
-0.032
-0.024
-0.013
0.001
0.014
0.021
0.023
0.024
0.024
0.023
0.018
0.011
-0.002
-0.015
-0.024
-0.03
-0.035
-0.034
-0.034
-0.035
-0.034
-0.033
-0.032
-0.032
-0.037
-0.042
-0.035
-0.015
0.016
0.062
0.162
0.255
0.326
0.373
0.393
0.342
0.223
0.116
0.03
-0.038
-0.09
-0.076
-0.065
-0.058
-0.053
-0.05
-0.049
-0.048
-0.049
-0.049
-0.047
-0.043
-0.038
-0.031
-0.019
-0.005
0.011
0.03
0.047
0.058
0.07
0.08
0.088
0.096
0.102
0.104
0.102
0.098
0.095
0.093
0.086
0.078
0.059
0.04
0.022
0.005
-0.011
-0.019
-0.029
-0.04
-0.048
-0.053
-0.056
-0.059
-0.059
-0.06
-0.06
-0.058
-0.055
-0.054
-0.055
-0.056
-0.056
-0.056
