-0.016
-0.022
-0.032
-0.04
-0.046
-0.049
-0.049
-0.049
-0.049
-0.048
-0.049
-0.05
-0.048
-0.048
-0.018
0.022
0.072
0.134
0.172
0.194
0.192
0.168
0.118
0.08
0.026
-0.014
-0.042
-0.058
-0.059
-0.058
-0.057
-0.054
-0.054
-0.054
-0.054
-0.053
-0.049
-0.043
-0.036
-0.028
-0.018
-0.008
0.01
0.028
0.044
0.059
0.074
0.08
0.085
0.09
0.093
0.093
0.092
0.092
0.088
0.082
0.072
0.06
0.047
0.036
0.02
0.005
-0.011
-0.028
-0.044
-0.05
-0.054
-0.055
-0.056
-0.056
-0.056
-0.054
-0.052
-0.05
-0.048
-0.05
-0.051
-0.051
-0.05
-0.049
-0.049
-0.049
-0.05
-0.05
-0.048
-0.046
-0.045
-0.045
-0.044
-0.044
-0.045
-0.044
-0.044
-0.045
-0.045
-0.043
-0.041
-0.038
-0.034
-0.03
-0.024
-0.016
-0.004
0.008
0.018
0.024
0.029
0.029
0.021
0.011
-0.001
-0.014
-0.026
-0.028
-0.031
-0.031
-0.032
-0.034
-0.036
-0.033
-0.034
-0.032
-0.032
-0.033
-0.037
-0.039
0.032
0.095
0.169
0.256
0.356
0.385
0.362
0.316
0.243
0.142
0.024
-0.031
-0.06
-0.073
-0.072
-0.061
-0.048
-0.047
-0.045
-0.042
-0.041
-0.042
-0.042
-0.042
-0.035
-0.025
-0.013
-0.001
0.012
0.021
0.038
0.056
0.073
0.085
0.097
0.1
0.103
0.105
0.106
0.103
0.1
0.096
0.087
0.077
0.065
0.049
0.033
0.023
0.007
-0.008
-0.021
-0.037
-0.05
-0.053
-0.053
-0.052
-0.05
-0.051
-0.051
-0.05
-0.049
-0.048
-0.047
-0.048
-0.05
-0.05
-0.049
-0.046
-0.044
-0.044
-0.044
-0.045
-0.045
-0.044
-0.042
-0.044
-0.045
-0.045
-0.045
-0.043
-0.041
-0.041
-0.041
-0.041
-0.036
-0.03
-0.014
0.001
0.013
0.019
0.025
0.02
0.007
-0.004
-0.016
-0.029
-0.039
-0.04
-0.041
-0.04
-0.038
-0.038
-0.039
-0.04
-0.041
-0.041
0.032
0.117
0.211
0.311
0.404
0.41
0.338
0.243
0.13
0.021
-0.074
-0.096
-0.1
-0.089
-0.076
-0.067
-0.062
-0.062
