-0.052
-0.055
-0.054
-0.055
-0.054
-0.053
-0.053
-0.054
-0.053
-0.053
-0.051
-0.048
-0.047
-0.048
-0.047
-0.048
-0.048
-0.047
-0.046
-0.048
-0.047
-0.048
-0.049
-0.049
-0.047
-0.046
-0.045
-0.042
-0.041
-0.042
-0.041
-0.037
-0.024
-0.009
0.004
0.015
0.025
0.026
0.023
0.019
0.011
-0.001
-0.013
-0.021
-0.028
-0.032
-0.036
-0.04
-0.043
-0.042
-0.042
-0.041
-0.041
-0.043
-0.045
-0.045
-0.026
0.004
0.046
0.096
0.158
0.216
0.264
0.287
0.285
0.255
0.2
0.131
0.063
0.011
-0.028
-0.056
-0.069
-0.067
-0.065
-0.062
-0.06
-0.061
-0.061
-0.062
-0.06
-0.055
-0.048
-0.042
-0.034
-0.024
-0.007
0.012
0.03
0.045
0.059
0.065
0.073
0.08
0.085
0.087
0.087
0.085
0.074
0.069
0.061
0.051
0.038
0.033
0.011
-0.005
-0.021
-0.039
-0.056
-0.06
-0.066
-0.07
-0.071
-0.073
-0.074
-0.073
-0.071
-0.068
-0.065
-0.065
-0.065
-0.064
-0.066
-0.065
-0.064
-0.064
-0.065
-0.063
-0.062
-0.06
-0.058
-0.056
-0.056
-0.057
-0.058
-0.058
-0.058
-0.056
-0.053
-0.05
-0.044
-0.037
-0.024
-0.01
0.003
0.012
0.018
0.018
0.01
0.001
-0.01
-0.023
-0.037
-0.042
-0.048
-0.05
-0.051
-0.053
-0.054
-0.053
-0.052
-0.049
-0.047
-0.046
-0.046
-0.05
-0.01
0.043
0.106
0.179
0.268
0.325
0.323
0.3
0.252
0.175
0.072
0.006
-0.036
-0.062
-0.075
-0.075
-0.064
-0.064
-0.063
-0.06
-0.058
-0.056
-0.056
-0.056
-0.051
-0.041
-0.03
-0.019
-0.006
0.002
0.019
0.037
0.054
0.07
0.083
0.087
0.091
0.095
0.097
0.096
0.093
0.09
0.081
0.073
0.064
0.051
0.035
0.025
0.006
-0.01
-0.024
-0.038
-0.052
-0.057
-0.06
-0.059
-0.056
-0.055
-0.054
-0.053
-0.053
-0.053
-0.051
-0.051
-0.051
-0.051
-0.051
-0.05
-0.048
-0.047
-0.047
-0.047
-0.048
-0.048
-0.046
-0.045
-0.045
-0.044
-0.043
-0.042
-0.04
-0.039
-0.039
-0.039
-0.038
-0.034
-0.027
-0.019
-0.011
-0.004
0.006
0.015
0.024
0.03
0.032
0.03
0.017
0.004
-0.008
-0.02
-0.033
-0.035
-0.036
-0.036
-0.034
-0.034
-0.036
-0.036
-0.037
-0.037
-0.035
-0.036
-0.041
-0.037
0.023
0.098
0.129
0.15
0.149
0.074
-0.016
-0.052
-0.068
-0.069
-0.056
-0.042
-0.034
-0.033
-0.033
-0.033
-0.032
-0.03
-0.031
-0.031
-0.023
-0.013
-0
0.014
0.029
0.037
0.052
0.066
0.082
0.096
0.106
0.107
0.107
0.106
0.105
0.105
0.102
0.098
0.082
0.068
0.055
0.04
0.022
0.015
-0.001
-0.017
-0.03
-0.039
-0.048
-0.05
-0.049
-0.05
-0.05
-0.049
-0.049
-0.05
-0.049
-0.049
-0.05
-0.05
-0.048
-0.046
-0.046
-0.044
-0.043
-0.044
-0.045
-0.045
-0.047
-0.049
-0.049
-0.049
-0.041
-0.03
-0.018
-0.007
0.006
0.011
0.014
0.016
0.018
0.016
0.009
0.003
-0.009
-0.021
-0.031
-0.039
-0.047
-0.049
-0.05
-0.051
-0.051
-0.049
-0.048
-0.049
-0.052
-0.049
-0.034
-0.008
0.032
0.087
0.186
0.265
0.316
0.341
0.342
0.277
0.168
0.079
0.007
-0.051
-0.095
-0.081
-0.072
-0.067
-0.065
-0.065
-0.066
-0.067
-0.065
-0.063
-0.06
-0.056
-0.05
-0.042
-0.026
-0.008
0.009
0.023
0.038
0.047
0.059
0.071
0.08
0.086
0.09
0.09
0.088
0.086
0.082
0.075
0.066
0.058
0.041
0.025
0.008
-0.01
-0.029
-0.037
-0.046
-0.054
-0.059
-0.065
-0.068
-0.066
-0.066
-0.064
-0.062
-0.063
-0.064
-0.063
-0.062
-0.061
-0.06
-0.06
-0.06
-0.059
-0.056
-0.054
-0.052
-0.052
-0.053
-0.053
-0.054
-0.053
-0.053
-0.053
-0.054
-0.053
-0.051
-0.049
-0.046
-0.045
-0.044
-0.04
-0.028
-0.014
0.001
0.014
0.024
0.026
0.023
0.019
0.012
0.002
-0.01
-0.018
-0.027
-0.032
-0.036
-0.04
-0.042
-0.041
-0.041
-0.039
-0.037
-0.037
-0.038
-0.037
-0.001
0.027
0.065
0.114
0.173
0.207
0.262
0.293
0.299
0.278
