0.439
0.396
0.294
0.176
0.068
-0.02
-0.089
-0.088
-0.075
-0.064
-0.056
-0.051
-0.047
-0.046
-0.046
-0.047
-0.049
-0.048
-0.044
-0.039
-0.025
-0.012
0.002
0.018
0.036
0.046
0.062
0.073
0.083
0.091
0.099
0.1
0.1
0.097
0.092
0.088
0.084
0.078
0.064
0.047
0.028
0.009
-0.007
-0.015
-0.027
-0.038
-0.048
-0.056
-0.06
-0.06
-0.058
-0.058
-0.059
-0.059
-0.057
-0.057
-0.055
-0.056
-0.058
-0.059
-0.057
-0.057
-0.055
-0.055
-0.056
-0.056
-0.055
-0.055
-0.054
-0.054
-0.055
-0.055
-0.053
-0.051
-0.051
-0.051
-0.054
-0.054
-0.053
-0.051
-0.04
-0.029
-0.02
-0.008
0.007
0.011
0.015
0.014
0.009
0.003
-0.004
-0.011
-0.022
-0.032
-0.042
-0.05
-0.054
-0.052
-0.052
-0.051
-0.052
-0.052
-0.051
-0.05
-0.053
-0.048
-0.032
-0.004
0.038
0.095
0.192
0.265
0.311
0.333
0.332
0.266
0.162
0.075
0.001
-0.055
-0.095
-0.083
-0.073
-0.067
-0.066
-0.066
-0.064
-0.064
-0.061
-0.06
-0.059
-0.057
-0.05
-0.043
-0.026
-0.009
0.007
0.021
0.039
0.049
0.062
0.072
0.079
0.084
0.09
0.09
0.089
0.085
0.065
0.041
0.015
-0.009
-0.03
-0.038
-0.045
-0.051
-0.058
-0.063
-0.065
-0.064
-0.063
-0.062
-0.064
-0.067
-0.067
-0.067
-0.064
-0.062
-0.061
-0.061
-0.061
-0.061
-0.058
-0.056
-0.057
-0.059
-0.058
-0.058
-0.055
-0.052
-0.052
-0.053
-0.052
-0.052
-0.05
-0.048
-0.047
-0.048
-0.045
-0.042
-0.028
-0.014
-0.001
0.01
0.02
0.023
0.021
0.017
0.009
-0.002
-0.013
-0.022
-0.028
-0.032
-0.037
-0.042
-0.043
-0.043
-0.042
-0.04
-0.04
-0.041
-0.04
-0.04
-0.021
0.009
0.049
0.098
0.161
0.217
0.269
0.295
0.295
0.268
0.218
0.15
0.079
0.026
-0.015
-0.044
-0.059
-0.055
-0.052
-0.051
-0.05
-0.051
-0.051
-0.051
-0.048
-0.043
-0.038
-0.032
-0.024
-0.014
0.004
0.024
0.04
0.055
0.072
0.079
0.09
0.099
0.104
0.105
0.105
0.102
0.097
0.092
0.084
0.073
0.061
0.051
0.035
0.02
0.002
-0.017
-0.034
-0.042
-0.047
-0.048
-0.05
-0.052
-0.052
-0.053
-0.054
-0.054
-0.052
-0.05
-0.049
-0.048
-0.047
-0.048
-0.049
-0.048
-0.046
-0.045
-0.043
-0.042
-0.044
-0.046
-0.045
-0.043
-0.044
-0.042
-0.041
-0.042
-0.043
-0.04
-0.041
-0.039
-0.037
-0.035
-0.032
-0.024
-0.012
0.002
0.014
0.023
0.029
0.031
0.019
0.012
0.002
-0.011
-0.025
-0.026
-0.033
-0.035
-0.037
-0.039
-0.041
-0.039
-0.04
-0.04
-0.039
-0.041
-0.045
-0.04
0.021
0.074
0.136
0.211
0.292
0.327
0.302
0.282
0.21
0.135
0.035
-0.004
-0.049
-0.051
-0.066
-0.066
-0.055
-0.054
-0.052
-0.051
-0.051
-0.054
-0.054
-0.052
-0.045
-0.035
-0.022
-0.007
0.009
0.018
0.034
0.047
0.059
0.071
0.084
0.088
0.091
0.091
0.089
0.088
0.087
0.083
0.073
0.058
0.041
0.026
0.011
0.002
-0.013
-0.03
-0.046
-0.059
-0.068
-0.068
-0.066
-0.066
-0.066
-0.066
-0.064
-0.062
-0.06
-0.06
-0.061
-0.061
-0.06
-0.059
-0.058
-0.058
-0.06
-0.061
-0.059
-0.058
-0.057
-0.056
-0.057
-0.057
-0.056
-0.056
-0.054
-0.054
-0.055
-0.056
-0.053
-0.052
-0.047
-0.04
-0.034
-0.025
-0.014
-0.005
0.004
0.01
0.011
0.011
0.01
0.005
-0.006
-0.019
-0.032
-0.043
-0.05
-0.051
-0.049
-0.049
-0.049
-0.05
-0.051
-0.054
-0.059
-0.055
-0.039
-0.012
0.092
0.191
0.289
0.368
0.423
0.387
0.278
0.164
0.052
-0.042
-0.117
-0.104
-0.095
-0.082
-0.075
-0.07
-0.067
-0.063
-0.063
-0.061
-0.062
-0.062
-0.059
-0.053
-0.039
-0.024
-0.011
0.004
0.021
0.03
0.046
0.061
0.072
0.081
0.09
0.093
0.095
0.094
0.09
0.085
0.081
0.075
0.062
0.048
0.031
0.011
-0.006
-0.015
-0.028
-0.039
-0.05
-0.06
-0.067
-0.066
-0.063
-0.06
-0.059
-0.06
-0.058
-0.059
