-0.068
-0.066
-0.065
-0.065
-0.064
-0.064
-0.061
-0.057
-0.052
-0.047
-0.035
-0.022
-0.01
0
0.008
0.007
-0
-0.009
-0.019
-0.029
-0.04
-0.045
-0.05
-0.053
-0.053
-0.052
-0.051
-0.05
-0.05
-0.051
-0.051
-0.051
-0.052
-0.054
0.003
0.048
0.105
0.174
0.255
0.285
0.274
0.263
0.228
0.17
0.085
0.044
-0.005
-0.042
-0.063
-0.07
-0.065
-0.065
-0.063
-0.063
-0.062
-0.06
-0.058
-0.059
-0.05
-0.043
-0.034
-0.023
-0.012
-0.009
0.012
0.028
0.046
0.064
0.08
0.08
0.085
0.088
0.09
0.092
0.093
0.089
0.079
0.07
0.06
0.05
0.037
0.028
0.008
-0.011
-0.028
-0.042
-0.055
-0.059
-0.061
-0.062
-0.063
-0.063
-0.061
-0.06
-0.059
-0.058
-0.055
-0.054
-0.055
-0.056
-0.054
-0.053
-0.053
-0.053
-0.051
-0.049
-0.049
-0.048
-0.046
-0.044
-0.046
-0.046
-0.045
-0.043
-0.044
-0.044
-0.042
-0.042
-0.039
-0.032
-0.024
-0.016
-0.005
0.004
0.014
0.022
0.026
0.026
0.024
0.018
0.005
-0.004
-0.014
-0.025
-0.035
-0.036
-0.036
-0.035
-0.033
-0.033
-0.034
-0.033
-0.038
-0.039
-0.042
-0.044
-0.038
-0.012
0.067
0.162
0.264
0.353
0.419
0.412
0.329
0.223
0.11
0.008
-0.078
-0.091
-0.087
-0.073
-0.061
-0.053
-0.05
-0.049
-0.05
-0.05
-0.05
-0.05
-0.05
-0.047
-0.035
-0.021
-0.005
0.011
0.026
0.036
0.051
0.065
0.08
0.091
0.097
0.097
0.095
0.091
0.088
0.085
0.071
0.056
0.041
0.024
0.005
-0.004
-0.02
-0.033
-0.044
-0.054
-0.064
-0.063
-0.063
-0.061
-0.061
-0.058
-0.057
-0.057
-0.059
-0.058
-0.059
-0.059
-0.059
-0.058
-0.059
-0.057
-0.057
-0.055
-0.054
-0.053
-0.054
-0.053
-0.054
-0.053
-0.052
-0.05
-0.05
-0.049
-0.042
-0.033
-0.022
-0.01
0.002
0.007
0.009
0.011
0.01
0.006
-0.001
-0.009
-0.02
-0.03
-0.037
-0.043
-0.049
-0.05
-0.05
-0.05
-0.049
-0.048
-0.049
-0.049
