-0.066
-0.067
-0.068
-0.067
-0.065
-0.064
-0.062
-0.063
-0.065
-0.064
-0.061
-0.06
-0.058
-0.058
-0.06
-0.06
-0.059
-0.058
-0.056
-0.057
-0.059
-0.06
-0.059
-0.06
-0.057
-0.054
-0.049
-0.041
-0.03
-0.02
-0.007
0.001
0.007
0.011
0.001
-0.014
-0.027
-0.039
-0.053
-0.052
-0.05
-0.051
-0.053
-0.053
-0.052
-0.052
-0.051
-0.052
-0.053
-0.055
-0.057
-0.052
0.01
0.081
0.166
0.266
0.365
0.395
0.324
0.252
0.155
0.04
-0.066
-0.077
-0.091
-0.095
-0.087
-0.075
-0.064
-0.063
-0.061
-0.06
-0.061
-0.061
-0.06
-0.058
-0.044
-0.034
-0.023
-0.008
0.009
0.015
0.034
0.05
0.062
0.075
0.089
0.09
0.094
0.094
0.093
0.091
0.092
0.09
0.075
0.062
0.046
0.03
0.002
-0.013
-0.03
-0.043
-0.055
-0.055
-0.053
-0.053
-0.055
-0.056
-0.055
-0.054
-0.052
-0.05
-0.05
-0.051
-0.048
-0.047
-0.044
-0.043
-0.044
-0.045
-0.044
-0.044
-0.041
-0.041
-0.043
-0.044
-0.041
-0.04
-0.037
-0.037
-0.039
-0.042
-0.041
-0.042
-0.034
-0.026
-0.019
-0.011
0.002
0.009
0.019
0.026
0.028
0.027
0.025
0.02
0.01
-0.001
-0.014
-0.026
-0.033
-0.034
-0.033
-0.032
-0.034
-0.036
-0.036
-0.036
-0.033
-0.033
-0.039
-0.04
-0.026
-0.003
0.081
0.178
0.278
0.36
0.42
0.406
0.319
0.208
0.093
-0.006
-0.084
-0.092
-0.082
-0.068
-0.058
-0.054
-0.05
-0.048
-0.045
-0.043
-0.043
-0.044
-0.043
-0.039
-0.025
-0.01
0.003
0.016
0.033
0.041
0.058
0.072
0.082
0.09
0.099
0.1
0.102
0.102
0.098
0.093
0.088
0.084
0.065
0.047
0.024
0.004
-0.019
-0.028
-0.036
-0.041
-0.051
-0.057
-0.058
-0.058
-0.056
-0.054
-0.054
-0.056
-0.056
-0.055
-0.053
-0.051
-0.051
-0.053
-0.053
-0.052
-0.049
-0.047
-0.048
-0.05
-0.05
-0.05
-0.049
-0.047
-0.047
-0.048
-0.049
-0.048
-0.046
-0.043
-0.043
-0.044
-0.045
-0.045
-0.036
-0.024
-0.009
0.005
0.011
0.013
0.011
0.003
-0.005
-0.007
-0.021
-0.029
-0.038
-0.047
-0.052
-0.048
-0.05
-0.047
-0.047
-0.049
-0.05
-0.046
-0.038
-0.036
-0.026
-0.006
0.027
0.065
0.147
0.235
0.297
0.332
0.342
0.303
0.195
0.1
0.02
-0.046
-0.095
-0.086
-0.078
-0.069
-0.066
-0.067
-0.067
-0.064
-0.064
-0.061
-0.06
-0.059
-0.055
-0.046
-0.028
-0.009
0.009
0.024
0.038
0.047
0.058
0.07
0.079
0.085
0.089
0.091
0.086
0.084
0.081
0.073
0.064
0.061
0.039
0.025
0.008
-0.011
-0.03
-0.034
-0.047
-0.053
-0.06
-0.066
-0.07
-0.067
-0.068
-0.068
-0.066
-0.065
-0.064
-0.063
-0.06
-0.061
-0.061
-0.061
-0.058
-0.057
-0.055
-0.055
-0.056
-0.056
-0.054
-0.053
-0.05
-0.051
-0.052
-0.052
-0.05
-0.05
-0.048
-0.048
-0.049
-0.047
-0.042
-0.036
-0.022
-0.01
0.001
0.011
0.021
0.022
0.017
0.007
-0.005
-0.017
-0.029
-0.035
-0.038
-0.042
-0.045
-0.044
-0.042
-0.041
-0.039
-0.039
-0.041
-0.042
-0.04
-0.041
-0.006
0.037
0.092
0.16
0.243
0.3
0.317
0.306
0.267
0.206
0.123
0.056
0.008
-0.028
-0.053
-0.064
-0.057
-0.055
-0.052
-0.051
-0.051
-0.052
-0.049
-0.048
-0.039
-0.033
-0.026
-0.017
-0.005
0.002
0.023
0.038
0.052
0.068
0.084
0.088
0.095
0.099
0.098
0.097
0.099
0.097
0.086
0.077
0.064
0.052
0.039
0.034
0.014
-0.002
-0.021
-0.036
-0.048
-0.047
-0.05
-0.051
-0.053
-0.054
-0.053
-0.051
-0.05
-0.049
-0.051
-0.051
-0.05
-0.047
-0.044
-0.042
-0.043
-0.044
-0.041
-0.041
-0.039
-0.038
-0.039
-0.041
-0.04
-0.039
-0.036
-0.035
-0.037
-0.039
-0.039
-0.039
-0.036
-0.033
-0.03
-0.026
-0.018
-0.009
0.005
0.016
0.023
0.028
0.032
0.03
0.023
0.013
-0.001
-0.015
-0.026
-0.03
-0.031
-0.03
-0.032
-0.035
-0.035
-0.035
-0.033
-0.03
-0.031
-0.035
-0.039
-0.042
0.013
0.08
