-0.052
-0.053
-0.055
-0.055
-0.056
-0.055
-0.055
-0.056
-0.056
-0.055
-0.055
-0.054
-0.053
-0.055
-0.055
-0.054
-0.051
-0.048
-0.047
-0.046
-0.042
-0.04
-0.032
-0.024
-0.017
-0.009
0.003
0.012
0.027
0.04
0.048
0.052
0.056
0.054
0.045
0.033
0.017
0.001
-0.013
-0.019
-0.023
-0.021
-0.02
-0.02
-0.023
-0.024
-0.028
-0.027
-0.016
0.01
0.097
0.199
0.306
0.396
0.46
0.445
0.379
0.284
0.179
0.077
-0.012
-0.056
-0.075
-0.078
-0.07
-0.057
-0.047
-0.047
-0.045
-0.043
-0.044
-0.046
-0.047
-0.047
-0.036
-0.023
-0.013
-0.001
0.014
0.023
0.042
0.06
0.072
0.082
0.093
0.095
0.099
0.1
0.096
0.089
0.084
0.08
0.061
0.049
0.033
0.013
-0.008
-0.009
-0.029
-0.041
-0.056
-0.07
-0.082
-0.077
-0.08
-0.076
-0.076
-0.078
-0.076
-0.068
-0.07
-0.066
-0.066
-0.07
-0.072
-0.067
-0.069
-0.064
-0.063
-0.065
-0.065
-0.06
-0.063
-0.061
-0.062
-0.066
-0.068
-0.063
-0.064
-0.06
-0.059
-0.062
-0.063
-0.059
-0.054
-0.045
-0.037
-0.03
-0.02
-0.011
-0.006
0.002
0.006
0.005
0.001
-0.001
-0.015
-0.025
-0.036
-0.048
-0.058
-0.056
-0.056
-0.053
-0.05
-0.049
-0.049
-0.048
-0.053
-0.053
-0.056
-0.055
-0.045
-0.019
0.079
0.174
0.272
0.354
0.411
0.379
0.275
0.166
0.066
-0.018
-0.088
-0.074
-0.064
-0.058
-0.055
-0.055
-0.054
-0.053
-0.051
-0.049
-0.049
-0.047
-0.042
-0.035
-0.019
-0.002
0.026
0.05
0.073
0.089
0.105
0.105
0.104
0.102
0.097
0.092
0.086
0.081
0.067
0.051
0.033
0.015
-0.002
-0.01
-0.019
-0.027
-0.034
-0.04
-0.043
-0.042
-0.041
-0.041
-0.042
-0.042
-0.042
-0.041
-0.039
-0.037
-0.036
-0.037
-0.035
-0.035
-0.034
-0.034
-0.035
-0.036
-0.036
-0.036
-0.034
-0.033
-0.034
-0.035
-0.034
-0.033
-0.032
-0.031
-0.032
-0.033
-0.033
-0.031
-0.021
-0.01
0.001
0.011
0.022
0.025
