0.002
0.018
0.037
0.056
0.076
0.095
0.114
0.131
0.144
0.156
0.164
0.169
0.173
0.176
0.178
0.179
0.178
0.176
0.174
0.17
0.164
0.158
0.152
0.144
0.133
0.12
0.106
0.086
0.064
0.042
0.021
0.001
-0.016
-0.033
-0.051
-0.069
-0.086
-0.103
-0.117
-0.128
-0.134
-0.136
-0.136
-0.135
-0.134
-0.133
-0.132
-0.131
-0.13
-0.129
-0.128
-0.127
-0.124
-0.122
-0.12
-0.118
-0.117
-0.116
-0.115
-0.113
-0.112
-0.111
-0.109
-0.108
-0.107
-0.106
-0.105
-0.104
-0.103
-0.102
-0.101
-0.1
-0.1
-0.099
-0.098
-0.097
-0.095
-0.094
-0.093
-0.092
-0.091
-0.089
-0.088
-0.088
-0.087
-0.086
-0.086
-0.086
-0.085
-0.084
-0.083
-0.082
-0.081
-0.08
-0.079
-0.074
-0.066
-0.055
-0.04
-0.022
-0.003
0.012
0.025
0.037
0.047
0.054
0.057
0.059
0.062
0.059
0.052
0.042
0.03
0.01
-0.007
-0.026
-0.04
-0.052
-0.062
-0.069
-0.072
-0.074
-0.074
-0.074
-0.073
-0.073
-0.072
-0.07
-0.07
-0.068
-0.067
-0.066
-0.066
-0.065
-0.063
-0.062
-0.062
-0.064
-0.073
-0.077
-0.06
-0.02
0.097
0.193
0.313
0.431
0.541
0.594
0.701
0.785
0.819
0.803
0.739
0.626
0.484
0.344
0.214
0.086
-0.035
-0.13
-0.188
-0.21
-0.199
-0.171
-0.146
-0.13
-0.123
-0.121
-0.121
-0.12
-0.119
-0.117
-0.116
-0.114
-0.112
-0.111
-0.109
-0.108
-0.107
-0.105
-0.102
-0.096
-0.087
-0.074
-0.057
-0.038
-0.019
-0.001
0.016
0.034
0.053
0.072
0.089
0.108
0.129
0.146
0.158
0.168
0.175
0.179
0.182
0.185
0.188
0.189
0.189
0.187
0.184
0.179
0.174
0.169
0.162
0.153
0.143
0.13
0.106
0.086
0.065
0.045
0.024
0.01
-0.008
-0.024
-0.041
-0.059
-0.076
-0.095
-0.109
-0.119
-0.125
-0.127
-0.127
-0.125
-0.123
-0.122
-0.122
-0.121
-0.128
-0.128
-0.127
-0.125
-0.124
-0.115
-0.114
-0.112
-0.111
-0.11
-0.109
-0.108
-0.107
-0.106
