-0.053
-0.052
-0.047
-0.041
-0.034
-0.03
-0.008
0.009
0.028
0.047
0.064
0.067
0.077
0.084
0.091
0.097
0.099
0.096
0.091
0.087
0.081
0.075
0.065
0.056
0.035
0.013
-0.011
-0.031
-0.049
-0.053
-0.055
-0.054
-0.053
-0.053
-0.054
-0.053
-0.052
-0.05
-0.049
-0.048
-0.05
-0.05
-0.049
-0.047
-0.046
-0.044
-0.042
-0.043
-0.043
-0.043
-0.043
-0.041
-0.04
-0.041
-0.042
-0.041
-0.041
-0.037
-0.033
-0.029
-0.024
-0.015
-0.002
0.01
0.02
0.024
0.029
0.027
0.019
0.01
-0.001
-0.016
-0.028
-0.032
-0.034
-0.033
-0.033
-0.036
-0.037
-0.037
-0.037
-0.036
-0.034
-0.036
-0.04
-0.044
0.009
0.074
0.149
0.238
0.339
0.387
0.362
0.314
0.239
0.135
0.017
-0.036
-0.065
-0.076
-0.075
-0.064
-0.053
-0.051
-0.051
-0.049
-0.048
-0.048
-0.049
-0.048
-0.041
-0.031
-0.019
-0.008
0.004
0.013
0.029
0.047
0.063
0.075
0.087
0.091
0.093
0.097
0.098
0.096
0.093
0.09
0.074
0.065
0.053
0.036
0.018
0.014
-0.008
-0.022
-0.036
-0.049
-0.062
-0.06
-0.06
-0.058
-0.055
-0.056
-0.057
-0.057
-0.058
-0.057
-0.056
-0.057
-0.059
-0.057
-0.057
-0.055
-0.052
-0.052
-0.053
-0.053
-0.054
-0.053
-0.053
-0.053
-0.053
-0.051
-0.051
-0.052
-0.052
-0.053
-0.05
-0.044
-0.035
-0.026
-0.017
-0.009
-0.001
0.007
0.013
0.016
0.015
0.011
-0.002
-0.014
-0.025
-0.038
-0.049
-0.051
-0.052
-0.05
-0.049
-0.049
-0.05
-0.049
-0.05
-0.049
-0.051
-0.056
-0.053
-0.038
0.037
0.127
0.23
0.326
0.4
0.401
0.324
0.225
0.111
0.004
-0.088
-0.106
-0.107
-0.094
-0.079
-0.07
-0.067
-0.067
-0.067
-0.067
-0.064
-0.063
-0.063
-0.062
-0.052
-0.039
-0.024
-0.009
0.006
0.015
0.031
0.048
0.064
0.076
0.084
0.085
0.084
0.084
0.084
0.081
0.075
0.071
0.057
0.044
0.031
0.015
-0.003
-0.012
-0.029
-0.043
-0.053
-0.062
