-0.053
-0.052
-0.053
-0.054
-0.055
-0.055
-0.039
-0.032
-0.015
0.013
0.054
0.091
0.163
0.238
0.286
0.308
0.306
0.267
0.167
0.08
0.009
-0.048
-0.089
-0.081
-0.072
-0.065
-0.062
-0.062
-0.062
-0.06
-0.059
-0.057
-0.055
-0.051
-0.047
-0.04
-0.022
-0.004
0.012
0.027
0.044
0.052
0.063
0.075
0.082
0.087
0.089
0.09
0.084
0.083
0.078
0.071
0.062
0.058
0.036
0.014
-0.006
-0.025
-0.046
-0.053
-0.059
-0.063
-0.067
-0.07
-0.07
-0.067
-0.067
-0.066
-0.064
-0.061
-0.062
-0.063
-0.06
-0.059
-0.059
-0.057
-0.056
-0.056
-0.056
-0.056
-0.053
-0.052
-0.05
-0.051
-0.052
-0.051
-0.049
-0.049
-0.048
-0.049
-0.049
-0.045
-0.037
-0.029
-0.014
-0.003
0.007
0.015
0.024
0.024
0.018
0.007
-0.005
-0.017
-0.028
-0.033
-0.036
-0.038
-0.04
-0.04
-0.039
-0.038
-0.036
-0.036
-0.036
-0.035
-0.033
-0.037
0.003
0.051
0.112
0.186
0.276
0.331
0.332
0.307
0.257
0.184
0.085
0.029
-0.012
-0.039
-0.053
-0.052
-0.049
-0.049
-0.049
-0.048
-0.046
-0.045
-0.039
-0.033
-0.026
-0.016
-0.002
0.006
0.024
0.04
0.056
0.071
0.087
0.093
0.097
0.099
0.099
0.099
0.099
0.097
0.09
0.08
0.067
0.053
0.04
0.03
0.014
-0.004
-0.022
-0.038
-0.05
-0.054
-0.055
-0.055
-0.056
-0.056
-0.054
-0.053
-0.051
-0.051
-0.052
-0.053
-0.052
-0.051
-0.05
-0.05
-0.052
-0.051
-0.05
-0.048
-0.048
-0.048
-0.05
-0.05
-0.048
-0.046
-0.043
-0.041
-0.042
-0.043
-0.041
-0.041
-0.039
-0.036
-0.033
-0.028
-0.02
-0.011
0.001
0.01
0.016
0.019
0.022
0.019
0.009
-0.003
-0.017
-0.03
-0.04
-0.043
-0.042
-0.042
-0.043
-0.045
-0.044
-0.043
-0.041
-0.04
-0.042
-0.046
-0.05
-0.047
0.014
0.086
0.171
0.27
0.37
0.4
0.356
0.286
0.188
0.07
-0.039
-0.078
-0.092
-0.093
-0.083
-0.07
-0.06
-0.06
-0.06
-0.06
-0.059
-0.058
-0.048
-0.038
-0.027
-0.014
0.003
0.011
0.03
0.046
0.059
0.071
0.084
0.086
0.088
0.089
0.086
0.083
0.081
0.077
0.067
0.054
0.038
0.021
0.006
-0.003
-0.021
-0.035
-0.048
-0.062
-0.074
-0.072
-0.07
-0.07
-0.068
-0.067
-0.069
-0.07
-0.068
-0.067
-0.065
-0.063
-0.064
-0.066
-0.065
-0.065
-0.062
-0.06
-0.06
-0.061
-0.061
-0.061
-0.06
-0.057
-0.057
-0.058
-0.058
-0.058
-0.052
-0.045
-0.038
-0.029
-0.018
-0.01
0.001
0.008
0.011
0.01
0.008
0.002
-0.008
-0.019
-0.031
-0.042
-0.05
-0.051
-0.048
-0.046
-0.046
-0.047
-0.047
-0.048
-0.048
-0.05
-0.055
-0.055
-0.041
-0.016
0.072
0.172
0.27
0.349
0.405
0.386
0.294
0.182
0.084
-0.001
-0.074
-0.079
-0.068
-0.065
-0.063
-0.06
-0.059
-0.058
-0.057
-0.053
-0.04
-0.025
-0.01
0.005
0.022
0.032
0.046
0.061
0.072
0.081
0.089
0.092
0.091
0.091
0.089
0.085
0.08
0.078
0.06
0.045
0.028
0.01
-0.008
-0.011
-0.026
-0.036
-0.047
-0.057
-0.064
-0.062
-0.062
-0.06
-0.06
-0.06
-0.06
-0.056
-0.058
-0.056
-0.054
-0.055
-0.055
-0.053
-0.053
-0.052
-0.053
-0.053
-0.053
-0.049
-0.049
-0.046
-0.045
-0.045
-0.046
-0.043
-0.044
-0.042
-0.042
-0.042
-0.042
-0.039
-0.028
-0.017
-0.006
0.005
0.017
0.021
0.021
0.017
0.011
0.003
-0.009
-0.016
-0.025
-0.03
-0.037
-0.041
-0.042
-0.04
-0.04
-0.039
-0.037
-0.036
-0.036
-0.036
-0.023
-0.001
0.036
0.084
0.144
0.201
0.258
0.288
0.295
0.278
0.238
0.172
0.094
0.032
-0.015
-0.046
-0.063
-0.056
-0.052
-0.051
-0.05
-0.048
-0.045
-0.043
-0.042
-0.04
-0.036
-0.029
-0.02
-0.01
0.007
0.021
0.037
0.053
0.071
0.079
0.089
0.095
0.099
0.102
0.105
0.104
0.099
0.09
0.081
0.072
0.062
0.053
0.036
0.017
-0.007
-0.03
-0.047
-0.054
-0.058
-0.058
-0.056
-0.059
