0.071
0.059
0.047
0.032
0.015
0.005
-0.013
-0.029
-0.043
-0.055
-0.067
-0.069
-0.07
-0.069
-0.069
-0.067
-0.068
-0.068
-0.068
-0.067
-0.065
-0.064
-0.063
-0.063
-0.062
-0.063
-0.064
-0.063
-0.062
-0.062
-0.06
-0.058
-0.057
-0.057
-0.059
-0.06
-0.059
-0.058
-0.056
-0.054
-0.054
-0.055
-0.047
-0.042
-0.033
-0.023
-0.012
-0.008
-0.001
0.005
0.009
0.01
0.007
0.002
-0.012
-0.024
-0.034
-0.044
-0.053
-0.054
-0.054
-0.054
-0.052
-0.05
-0.049
-0.05
-0.055
-0.057
-0.061
-0.062
-0.053
-0.028
0.075
0.171
0.274
0.362
0.425
0.392
0.286
0.177
0.064
-0.032
-0.115
-0.106
-0.1
-0.087
-0.075
-0.067
-0.063
-0.063
-0.063
-0.064
-0.063
-0.062
-0.062
-0.06
-0.044
-0.03
-0.013
0.006
0.024
0.029
0.046
0.06
0.072
0.083
0.094
0.094
0.093
0.091
0.087
0.081
0.074
0.068
0.053
0.038
0.02
0.001
-0.017
-0.025
-0.035
-0.043
-0.049
-0.055
-0.06
-0.06
-0.058
-0.056
-0.055
-0.055
-0.054
-0.054
-0.052
-0.051
-0.05
-0.05
-0.052
-0.054
-0.054
-0.052
-0.051
-0.05
-0.049
-0.05
-0.05
-0.049
-0.048
-0.046
-0.044
-0.044
-0.044
-0.041
-0.029
-0.016
-0.003
0.009
0.02
0.024
0.024
0.022
0.017
0.008
-0.003
-0.012
-0.02
-0.026
-0.031
-0.035
-0.038
-0.037
-0.035
-0.034
-0.033
-0.034
-0.035
-0.035
-0.027
-0.005
0.027
0.07
0.124
0.183
0.251
0.293
0.309
0.298
0.262
0.194
0.116
0.052
0.004
-0.033
-0.058
-0.057
-0.054
-0.053
-0.052
-0.052
-0.052
-0.05
-0.048
-0.045
-0.04
-0.035
-0.028
-0.018
0.002
0.02
0.039
0.055
0.07
0.074
0.083
0.092
0.098
0.101
0.101
0.101
0.096
0.092
0.086
0.076
0.065
0.055
0.038
0.021
0.005
-0.012
-0.03
-0.04
-0.047
-0.052
-0.055
-0.057
-0.058
-0.058
-0.057
-0.056
-0.055
-0.055
-0.056
-0.055
-0.054
-0.051
-0.049
-0.049
-0.05
-0.05
-0.051
-0.05
