0.037
0.047
0.063
0.073
0.081
0.089
0.097
0.097
0.097
0.093
0.089
0.086
0.081
0.074
0.056
0.038
0.018
0.002
-0.013
-0.019
-0.028
-0.039
-0.048
-0.053
-0.055
-0.055
-0.052
-0.052
-0.052
-0.052
-0.049
-0.049
-0.047
-0.047
-0.048
-0.048
-0.047
-0.046
-0.045
-0.045
-0.045
-0.045
-0.043
-0.043
-0.042
-0.041
-0.041
-0.039
-0.037
-0.036
-0.035
-0.035
-0.036
-0.036
-0.033
-0.031
-0.019
-0.007
0.004
0.017
0.031
0.034
0.034
0.031
0.024
0.016
0.008
-0.001
-0.009
-0.018
-0.025
-0.031
-0.032
-0.033
-0.031
-0.031
-0.031
-0.03
-0.027
-0.027
-0.022
-0.008
0.018
0.056
0.107
0.165
0.242
0.292
0.243
0.183
0.117
0.022
-0.058
-0.05
-0.044
-0.043
-0.044
-0.044
-0.041
-0.041
-0.04
-0.038
-0.035
-0.031
-0.023
-0.014
0.004
0.02
0.036
0.053
0.072
0.08
0.09
0.097
0.101
0.104
0.108
0.107
0.104
0.097
0.089
0.08
0.072
0.063
0.047
0.029
0.009
-0.009
-0.025
-0.033
-0.039
-0.045
-0.05
-0.054
-0.053
-0.053
-0.051
-0.05
-0.052
-0.053
-0.053
-0.054
-0.053
-0.052
-0.052
-0.052
-0.05
-0.049
-0.047
-0.047
-0.049
-0.05
-0.048
-0.048
-0.046
-0.045
-0.046
-0.047
-0.046
-0.047
-0.045
-0.045
-0.045
-0.045
-0.041
-0.037
-0.024
-0.011
-0
0.01
0.02
0.02
0.017
0.01
-0.001
-0.014
-0.025
-0.032
-0.037
-0.041
-0.044
-0.046
-0.048
-0.049
-0.047
-0.047
-0.051
-0.056
-0.028
0.008
0.057
0.124
0.204
0.26
0.288
0.289
0.264
0.216
0.145
0.078
0.023
-0.019
-0.049
-0.065
-0.066
-0.065
-0.063
-0.063
-0.064
-0.065
-0.059
-0.055
-0.043
-0.032
-0.02
-0.014
0.006
0.017
0.032
0.048
0.064
0.068
0.074
0.079
0.08
0.08
0.081
0.081
0.071
0.064
0.054
0.043
0.03
0.025
0.003
-0.013
-0.031
-0.049
-0.064
-0.063
-0.068
-0.069
-0.07
-0.07
-0.069
-0.067
-0.067
-0.066
-0.066
-0.066
