-0.099
-0.098
-0.095
-0.094
-0.092
-0.091
-0.089
-0.088
-0.086
-0.085
-0.084
-0.084
-0.084
-0.083
-0.083
-0.08
-0.075
-0.067
-0.056
-0.041
-0.023
-0.006
0.01
0.024
0.037
0.046
0.053
0.056
0.057
0.057
0.053
0.046
0.037
0.025
0.009
-0.008
-0.024
-0.038
-0.051
-0.06
-0.067
-0.071
-0.073
-0.073
-0.073
-0.074
-0.074
-0.072
-0.071
-0.071
-0.069
-0.069
-0.068
-0.067
-0.067
-0.066
-0.066
-0.066
-0.068
-0.077
-0.082
-0.067
-0.028
0.036
0.134
0.252
0.367
0.476
0.584
0.695
0.784
0.821
0.808
0.747
0.587
0.447
0.312
0.183
0.053
-0.026
-0.124
-0.184
-0.207
-0.197
-0.169
-0.143
-0.127
-0.119
-0.117
-0.116
-0.115
-0.114
-0.113
-0.112
-0.112
-0.111
-0.109
-0.108
-0.107
-0.106
-0.104
-0.102
-0.097
-0.089
-0.062
-0.046
-0.028
-0.009
0.009
0.011
0.029
0.047
0.068
0.086
0.107
0.129
0.146
0.156
0.178
0.185
0.19
0.194
0.196
0.187
0.188
0.188
0.186
0.183
0.178
0.171
0.166
0.16
0.153
0.143
0.129
0.111
0.09
0.069
0.049
0.029
0.008
-0.01
-0.027
-0.044
-0.062
-0.08
-0.098
-0.112
-0.121
-0.128
-0.131
-0.13
-0.129
-0.127
-0.126
-0.124
-0.121
-0.12
-0.118
-0.117
-0.116
-0.115
-0.115
-0.113
-0.104
-0.103
-0.102
-0.1
-0.099
-0.107
-0.106
-0.104
-0.103
-0.102
-0.1
-0.097
-0.096
-0.094
-0.092
-0.092
-0.092
-0.091
-0.091
-0.091
-0.09
-0.089
-0.087
-0.086
-0.085
-0.085
-0.084
-0.083
-0.083
-0.082
-0.081
-0.081
-0.08
-0.079
-0.077
-0.076
-0.075
-0.073
-0.072
-0.072
-0.068
-0.059
-0.049
-0.036
-0.019
-0.001
0.017
0.032
0.044
0.054
0.06
0.063
0.064
0.063
0.059
0.051
0.04
0.026
0.012
-0.003
-0.019
-0.034
-0.046
-0.056
-0.062
-0.066
-0.068
-0.068
-0.068
-0.068
-0.068
-0.067
-0.067
-0.067
-0.066
-0.065
-0.064
-0.062
-0.061
-0.06
-0.06
-0.061
-0.064
-0.074
-0.078
-0.061
