-0.072
-0.092
-0.108
-0.119
-0.126
-0.13
-0.129
-0.128
-0.126
-0.125
-0.123
-0.123
-0.122
-0.122
-0.12
-0.118
-0.116
-0.115
-0.114
-0.113
-0.112
-0.112
-0.11
-0.109
-0.108
-0.107
-0.106
-0.106
-0.105
-0.104
-0.102
-0.101
-0.101
-0.1
-0.099
-0.099
-0.099
-0.098
-0.097
-0.097
-0.096
-0.094
-0.093
-0.092
-0.09
-0.089
-0.09
-0.09
-0.089
-0.088
-0.088
-0.086
-0.086
-0.085
-0.084
-0.083
-0.08
-0.079
-0.077
-0.074
-0.067
-0.056
-0.041
-0.026
-0.008
0.009
0.024
0.036
0.046
0.053
0.057
0.058
0.058
0.055
0.049
0.039
0.026
0.012
-0.003
-0.02
-0.037
-0.053
-0.064
-0.072
-0.077
-0.079
-0.079
-0.08
-0.08
-0.08
-0.071
-0.07
-0.069
-0.068
-0.066
-0.074
-0.074
-0.073
-0.072
-0.072
-0.071
-0.072
-0.067
-0.075
-0.064
-0.028
0.034
0.11
0.218
0.329
0.444
0.561
0.673
0.762
0.807
0.804
0.749
0.648
0.52
0.389
0.213
0.072
-0.058
-0.156
-0.221
-0.212
-0.211
-0.185
-0.161
-0.143
-0.132
-0.128
-0.127
-0.126
-0.125
-0.124
-0.123
-0.122
-0.121
-0.119
-0.118
-0.117
-0.115
-0.114
-0.113
-0.11
-0.101
-0.089
-0.074
-0.056
-0.036
-0.018
-0
0.016
0.033
0.053
0.073
0.094
0.114
0.131
0.145
0.157
0.166
0.17
0.173
0.175
0.176
0.176
0.176
0.175
0.172
0.168
0.163
0.158
0.152
0.145
0.134
0.12
0.104
0.085
0.063
0.041
0.02
0.001
-0.02
-0.037
-0.054
-0.071
-0.088
-0.1
-0.116
-0.128
-0.136
-0.14
-0.14
-0.139
-0.137
-0.136
-0.134
-0.133
-0.132
-0.131
-0.13
-0.129
-0.128
-0.127
-0.125
-0.124
-0.122
-0.121
-0.119
-0.118
-0.117
-0.116
-0.115
-0.114
-0.114
-0.113
-0.112
-0.112
-0.111
-0.11
-0.109
-0.107
-0.106
-0.105
-0.102
-0.101
-0.099
-0.098
-0.097
-0.096
-0.095
-0.095
-0.095
-0.095
-0.095
-0.095
-0.095
-0.094
-0.092
-0.09
-0.089
-0.088
-0.087
-0.085
-0.084
-0.08
-0.072
-0.062
