-0.018
-0.005
0.01
0.017
0.034
0.049
0.064
0.079
0.094
0.097
0.098
0.097
0.097
0.096
0.096
0.093
0.083
0.07
0.056
0.042
0.027
0.016
-0.002
-0.019
-0.035
-0.047
-0.056
-0.058
-0.058
-0.06
-0.06
-0.06
-0.058
-0.059
-0.058
-0.059
-0.059
-0.059
-0.057
-0.057
-0.057
-0.057
-0.057
-0.056
-0.055
-0.055
-0.053
-0.051
-0.051
-0.051
-0.05
-0.05
-0.05
-0.047
-0.044
-0.044
-0.041
-0.039
-0.035
-0.028
-0.017
-0.009
0
0.006
0.01
0.013
0.014
0.009
-0.003
-0.017
-0.03
-0.041
-0.048
-0.049
-0.049
-0.05
-0.051
-0.051
-0.05
-0.05
-0.049
-0.052
-0.057
-0.06
-0.054
-0.037
0.038
0.127
0.228
0.326
0.402
0.403
0.329
0.226
0.107
0.001
-0.086
-0.104
-0.102
-0.09
-0.08
-0.073
-0.054
-0.043
-0.028
-0.01
0.011
0.017
0.034
0.049
0.061
0.073
0.085
0.085
0.086
0.084
0.081
0.079
0.078
0.074
0.058
0.041
0.021
-0.001
-0.022
-0.03
-0.044
-0.056
-0.065
-0.07
-0.073
-0.071
-0.069
-0.068
-0.068
-0.068
-0.068
-0.067
-0.066
-0.067
-0.067
-0.068
-0.067
-0.066
-0.063
-0.062
-0.06
-0.06
-0.06
-0.059
-0.057
-0.056
-0.054
-0.054
-0.055
-0.055
-0.054
-0.052
-0.042
-0.034
-0.025
-0.014
0
0.004
0.009
0.011
0.009
0.006
0.002
-0.002
-0.014
-0.025
-0.036
-0.044
-0.048
-0.047
-0.047
-0.046
-0.046
-0.046
-0.045
-0.043
-0.039
-0.042
-0.039
-0.024
0.004
0.039
0.137
0.235
0.31
0.363
0.391
0.349
0.235
0.136
0.051
-0.019
-0.075
-0.065
-0.061
-0.06
-0.058
-0.056
-0.055
-0.053
-0.053
-0.052
-0.047
-0.04
-0.032
-0.023
-0.009
0.007
0.025
0.044
0.06
0.069
0.077
0.083
0.09
0.096
0.099
0.1
0.096
0.092
0.087
0.08
0.071
0.062
0.042
0.023
0.007
-0.008
-0.023
-0.031
-0.04
-0.048
-0.052
-0.055
-0.056
-0.056
-0.057
-0.057
-0.056
-0.053
-0.052
-0.052
-0.051
-0.051
