-0.122
-0.12
-0.119
-0.118
-0.115
-0.113
-0.113
-0.111
-0.097
-0.096
-0.09
-0.079
-0.066
-0.063
-0.043
-0.023
-0.006
0.01
0.027
0.046
0.066
0.084
0.103
0.122
0.138
0.151
0.16
0.166
0.168
0.17
0.173
0.175
0.175
0.175
0.173
0.169
0.164
0.158
0.152
0.144
0.134
0.122
0.109
0.092
0.071
0.049
0.031
0.012
-0.007
-0.025
-0.042
-0.059
-0.076
-0.093
-0.11
-0.123
-0.132
-0.136
-0.138
-0.138
-0.137
-0.136
-0.136
-0.134
-0.133
-0.131
-0.131
-0.129
-0.128
-0.128
-0.127
-0.126
-0.126
-0.125
-0.122
-0.12
-0.118
-0.115
-0.114
-0.113
-0.113
-0.113
-0.111
-0.11
-0.109
-0.107
-0.106
-0.105
-0.105
-0.104
-0.104
-0.104
-0.104
-0.104
-0.103
-0.102
-0.102
-0.101
-0.099
-0.097
-0.096
-0.095
-0.098
-0.098
-0.097
-0.096
-0.095
-0.09
-0.088
-0.085
-0.083
-0.08
-0.074
-0.064
-0.051
-0.035
-0.018
-0.002
0.013
0.026
0.037
0.046
0.05
0.051
0.051
0.049
0.043
0.035
0.026
0.011
-0.004
-0.021
-0.036
-0.05
-0.063
-0.072
-0.078
-0.081
-0.082
-0.082
-0.081
-0.081
-0.08
-0.078
-0.077
-0.076
-0.075
-0.075
-0.075
-0.075
-0.075
-0.074
-0.073
-0.073
-0.078
-0.088
-0.085
-0.059
-0.009
0.074
0.184
0.297
0.407
0.517
0.631
0.736
0.739
0.751
0.715
0.626
0.495
0.423
0.293
0.163
0.027
-0.089
-0.164
-0.206
-0.214
-0.191
-0.163
-0.143
-0.132
-0.128
-0.126
-0.125
-0.124
-0.122
-0.119
-0.118
-0.116
-0.115
-0.113
-0.112
-0.111
-0.11
-0.109
-0.106
-0.099
-0.088
-0.072
-0.055
-0.038
-0.02
-0.002
0.015
0.032
0.05
0.069
0.089
0.11
0.129
0.144
0.156
0.166
0.172
0.175
0.178
0.182
0.183
0.183
0.182
0.18
0.176
0.171
0.166
0.16
0.153
0.144
0.131
0.116
0.099
0.078
0.057
0.037
0.015
-0.005
-0.021
-0.038
-0.056
-0.073
-0.09
-0.105
-0.118
-0.126
-0.131
-0.133
-0.132
-0.13
-0.128
