-0.042
-0.044
-0.047
-0.051
-0.043
-0.023
0.01
0.056
0.158
0.249
0.317
0.361
0.38
0.325
0.215
0.11
0.023
-0.045
-0.095
-0.087
-0.075
-0.068
-0.066
-0.064
-0.063
-0.062
-0.06
-0.06
-0.06
-0.057
-0.051
-0.046
-0.027
-0.013
0.003
0.02
0.037
0.042
0.057
0.066
0.073
0.081
0.088
0.087
0.085
0.081
0.076
0.071
0.065
0.06
0.042
0.024
0.006
-0.011
-0.026
-0.032
-0.042
-0.053
-0.062
-0.069
-0.072
-0.071
-0.07
-0.07
-0.07
-0.069
-0.066
-0.065
-0.063
-0.063
-0.064
-0.063
-0.062
-0.061
-0.061
-0.061
-0.063
-0.063
-0.062
-0.061
-0.06
-0.058
-0.056
-0.056
-0.055
-0.054
-0.055
-0.055
-0.054
-0.051
-0.048
-0.042
-0.03
-0.018
-0.005
0.006
0.014
0.015
0.008
-0
-0.009
-0.019
-0.032
-0.039
-0.045
-0.05
-0.051
-0.051
-0.052
-0.051
-0.051
-0.051
-0.048
-0.045
-0.045
-0.046
-0.017
0.023
0.077
0.143
0.221
0.279
0.297
0.291
0.262
0.207
0.127
0.059
0.005
-0.034
-0.057
-0.065
-0.061
-0.059
-0.059
-0.06
-0.059
-0.057
-0.056
-0.054
-0.051
-0.046
-0.024
0.002
0.031
0.057
0.079
0.085
0.088
0.09
0.092
0.094
0.093
0.091
0.083
0.074
0.065
0.054
0.041
0.03
0.012
-0.006
-0.022
-0.036
-0.05
-0.056
-0.058
-0.061
-0.06
-0.057
-0.056
-0.058
-0.057
-0.056
-0.054
-0.052
-0.049
-0.049
-0.047
-0.048
-0.047
-0.044
-0.042
-0.044
-0.043
-0.044
-0.044
-0.043
-0.043
-0.044
-0.043
-0.043
-0.042
-0.039
-0.038
-0.039
-0.039
-0.038
-0.035
-0.028
-0.019
-0.011
0.001
0.011
0.02
0.027
0.023
0.013
0.001
-0.012
-0.025
-0.029
-0.032
-0.034
-0.035
-0.035
-0.034
-0.033
-0.033
-0.034
-0.034
-0.035
-0.038
-0.043
0.009
0.073
0.151
0.243
0.346
0.392
0.364
0.309
0.231
0.131
0.017
-0.034
-0.061
-0.075
-0.075
-0.063
-0.05
-0.05
-0.049
-0.05
-0.049
-0.048
-0.045
-0.045
-0.037
-0.029
