-0.078
-0.077
-0.076
-0.075
-0.073
-0.072
-0.071
-0.069
-0.067
-0.067
-0.067
-0.066
-0.066
-0.07
-0.08
-0.08
-0.057
-0.011
0.064
0.172
0.289
0.4
0.508
0.619
0.729
0.801
0.822
0.793
0.714
0.586
0.448
0.317
0.189
0.057
-0.064
-0.149
-0.197
-0.21
-0.192
-0.164
-0.144
-0.132
-0.125
-0.123
-0.122
-0.12
-0.119
-0.118
-0.117
-0.116
-0.115
-0.114
-0.113
-0.111
-0.109
-0.108
-0.104
-0.097
-0.087
-0.072
-0.054
-0.036
-0.019
-0.002
0.016
0.033
0.051
0.069
0.088
0.109
0.128
0.144
0.157
0.166
0.173
0.179
0.183
0.186
0.187
0.188
0.188
0.186
0.182
0.178
0.172
0.165
0.159
0.15
0.138
0.123
0.091
0.071
0.051
0.031
0.01
0.004
-0.014
-0.029
-0.046
-0.064
-0.082
-0.098
-0.111
-0.12
-0.127
-0.128
-0.127
-0.126
-0.125
-0.124
-0.122
-0.12
-0.119
-0.116
-0.114
-0.113
-0.111
-0.11
-0.11
-0.11
-0.109
-0.108
-0.107
-0.106
-0.104
-0.102
-0.101
-0.099
-0.097
-0.096
-0.095
-0.095
-0.094
-0.093
-0.093
-0.092
-0.099
-0.098
-0.098
-0.096
-0.095
-0.086
-0.085
-0.084
-0.083
-0.082
-0.081
-0.08
-0.079
-0.078
-0.077
-0.077
-0.076
-0.075
-0.073
-0.072
-0.071
-0.071
-0.07
-0.065
-0.056
-0.044
-0.029
-0.013
0.005
0.021
0.029
0.041
0.05
0.058
0.062
0.067
0.065
0.06
0.051
0.04
0.027
0.013
-0.003
-0.021
-0.037
-0.05
-0.059
-0.065
-0.068
-0.069
-0.069
-0.069
-0.068
-0.067
-0.067
-0.067
-0.067
-0.067
-0.067
-0.067
-0.066
-0.065
-0.065
-0.063
-0.062
-0.065
-0.073
-0.074
-0.052
-0.007
0.062
0.158
0.27
0.387
0.505
0.616
0.718
0.791
0.819
0.796
0.724
0.61
0.477
0.337
0.197
0.064
-0.051
-0.135
-0.19
-0.21
-0.196
-0.17
-0.148
-0.133
-0.125
-0.124
-0.124
-0.122
-0.12
-0.119
-0.118
-0.116
-0.115
-0.114
-0.113
-0.112
-0.11
-0.109
-0.106
-0.1
-0.091
-0.079
-0.064
-0.046
