0.001
0.015
0.027
0.03
0.028
0.021
0.014
0.006
-0.004
-0.012
-0.02
-0.027
-0.033
-0.035
-0.034
-0.033
-0.032
-0.033
-0.034
-0.033
-0.031
-0.033
0.006
0.03
0.066
0.115
0.176
0.206
0.238
0.266
0.27
0.253
0.21
0.167
0.097
0.036
-0.011
-0.041
-0.056
-0.057
-0.055
-0.056
-0.057
-0.055
-0.049
-0.041
-0.029
-0.02
-0.003
0.014
0.031
0.048
0.066
0.074
0.082
0.086
0.089
0.091
0.094
0.092
0.088
0.081
0.073
0.065
0.056
0.045
0.029
0.01
-0.009
-0.025
-0.04
-0.049
-0.055
-0.06
-0.065
-0.067
-0.065
-0.065
-0.065
-0.065
-0.064
-0.062
-0.06
-0.059
-0.058
-0.059
-0.06
-0.06
-0.059
-0.058
-0.057
-0.057
-0.058
-0.058
-0.057
-0.056
-0.056
-0.057
-0.058
-0.059
-0.057
-0.056
-0.055
-0.056
-0.055
-0.052
-0.046
-0.039
-0.025
-0.012
-0.002
0.006
0.014
0.014
0.008
-0.001
-0.012
-0.023
-0.034
-0.04
-0.044
-0.048
-0.051
-0.052
-0.051
-0.052
-0.051
-0.051
-0.052
-0.051
-0.05
-0.052
-0.016
0.03
0.088
0.159
0.244
0.3
0.308
0.29
0.246
0.179
0.09
0.025
-0.019
-0.052
-0.073
-0.078
-0.068
-0.068
-0.066
-0.066
-0.067
-0.067
-0.066
-0.065
-0.059
-0.052
-0.044
-0.034
-0.02
-0.011
0.007
0.023
0.039
0.054
0.07
0.074
0.08
0.083
0.084
0.084
0.085
0.082
0.075
0.066
0.054
0.04
0.028
0.018
0.002
-0.016
-0.034
-0.05
-0.063
-0.067
-0.068
-0.069
-0.07
-0.07
-0.068
-0.067
-0.064
-0.063
-0.063
-0.063
-0.062
-0.061
-0.058
-0.056
-0.057
-0.057
-0.055
-0.055
-0.054
-0.053
-0.054
-0.054
-0.052
-0.051
-0.05
-0.048
-0.047
-0.047
-0.048
-0.048
-0.045
-0.044
-0.04
-0.033
-0.022
-0.016
-0.005
0.005
0.011
0.016
0.021
0.02
0.007
-0.004
-0.017
-0.031
-0.041
-0.039
-0.041
-0.041
-0.041
-0.042
-0.041
-0.039
-0.039
-0.038
-0.038
-0.041
-0.044
-0.043
0.037
0.105
0.187
0.285
0.387
0.401
0.337
0.274
0.182
0.069
-0.043
-0.057
-0.075
-0.08
-0.074
-0.061
-0.051
-0.051
-0.05
-0.046
-0.034
-0.026
-0.015
-0.002
0.013
0.02
0.038
0.054
0.068
0.08
0.093
0.095
0.096
0.098
0.096
0.095
0.093
0.092
0.076
0.061
0.045
0.026
0.007
0
-0.016
-0.029
-0.04
-0.047
-0.054
-0.052
-0.053
-0.054
-0.054
-0.052
-0.05
-0.049
-0.049
-0.05
-0.05
-0.049
-0.048
-0.048
-0.048
-0.048
-0.049
-0.047
-0.045
-0.044
-0.044
-0.044
-0.043
-0.043
-0.042
-0.042
-0.044
-0.045
-0.039
-0.03
-0.017
-0.002
0.012
0.018
0.02
0.02
0.018
0.014
0.008
0.001
-0.012
-0.024
-0.033
-0.041
-0.046
-0.046
-0.045
-0.045
-0.045
-0.043
-0.04
-0.04
-0.046
-0.048
-0.038
-0.015
0.019
0.07
0.172
0.258
0.32
0.358
0.371
0.312
0.205
0.103
0.022
-0.04
-0.088
-0.083
-0.071
-0.064
-0.063
-0.061
-0.059
-0.059
-0.058
-0.055
-0.05
-0.046
-0.032
-0.017
-0.001
0.018
0.037
0.048
0.06
0.069
0.078
0.084
0.089
0.09
0.088
0.084
0.08
0.077
0.07
0.063
0.044
0.026
0.007
-0.009
-0.026
-0.032
-0.042
-0.053
-0.062
-0.067
-0.07
-0.071
-0.07
-0.071
-0.071
-0.07
-0.067
-0.066
-0.064
-0.065
-0.065
-0.064
-0.062
-0.061
-0.06
-0.061
-0.062
-0.062
-0.06
-0.06
-0.06
-0.06
-0.06
-0.059
-0.057
-0.056
-0.055
-0.055
-0.056
-0.056
-0.054
-0.051
-0.04
-0.028
-0.016
-0.004
0.008
0.011
0.01
0.005
-0.001
-0.009
-0.017
-0.026
-0.034
-0.042
-0.048
-0.051
-0.051
-0.05
-0.049
-0.049
-0.05
-0.05
-0.048
-0.047
-0.037
-0.016
0.016
0.06
0.117
0.173
0.236
0.274
0.287
0.277
0.243
0.176
0.094
0.029
-0.021
-0.056
-0.076
-0.068
-0.063
-0.062
-0.063
-0.061
-0.057
-0.05
-0.041
-0.031
-0.014
0.003
0.019
0.035
0.054
0.062
0.073
0.08
0.085
0.089
0.093
0.092
0.089
0.083
0.075
0.067
