-0.054
-0.052
-0.047
-0.042
-0.037
-0.032
-0.02
-0.008
0.002
0.01
0.014
0.012
0.002
-0.008
-0.02
-0.032
-0.046
-0.051
-0.054
-0.053
-0.052
-0.052
-0.053
-0.052
-0.053
-0.05
-0.047
-0.047
-0.05
-0.054
-0.007
0.053
0.125
0.209
0.307
0.359
0.34
0.297
0.213
0.116
0.01
-0.037
-0.07
-0.07
-0.07
-0.069
-0.067
-0.066
-0.067
-0.065
-0.058
-0.047
-0.034
-0.021
-0.007
0.002
0.018
0.034
0.051
0.065
0.077
0.081
0.082
0.084
0.087
0.087
0.083
0.081
0.071
0.062
0.052
0.038
0.02
0.009
-0.011
-0.028
-0.042
-0.055
-0.067
-0.069
-0.07
-0.068
-0.065
-0.064
-0.064
-0.064
-0.064
-0.062
-0.06
-0.058
-0.057
-0.057
-0.058
-0.057
-0.055
-0.053
-0.053
-0.052
-0.052
-0.05
-0.048
-0.047
-0.048
-0.049
-0.05
-0.05
-0.048
-0.046
-0.047
-0.045
-0.031
-0.017
-0.002
0.012
0.023
0.018
0.005
-0.007
-0.017
-0.027
-0.037
-0.038
-0.04
-0.04
-0.039
-0.038
-0.038
-0.037
-0.037
-0.037
-0.037
-0.04
-0.04
-0.027
0.042
0.127
0.227
0.328
0.409
0.418
0.349
0.256
0.145
0.035
-0.059
-0.083
-0.089
-0.079
-0.064
-0.053
-0.047
-0.047
-0.048
-0.048
-0.046
-0.044
-0.044
-0.043
-0.034
-0.023
-0.008
0.008
0.024
0.032
0.048
0.063
0.078
0.091
0.101
0.102
0.101
0.1
0.101
0.1
0.098
0.095
0.079
0.064
0.049
0.033
0.015
0.008
-0.009
-0.024
-0.036
-0.046
-0.054
-0.053
-0.054
-0.055
-0.055
-0.055
-0.054
-0.052
-0.051
-0.052
-0.051
-0.052
-0.05
-0.049
-0.049
-0.051
-0.05
-0.05
-0.052
-0.051
-0.05
-0.05
-0.049
-0.047
-0.045
-0.045
-0.045
-0.047
-0.037
-0.03
-0.02
-0.008
0.004
0.005
0.01
0.013
0.014
0.013
0.009
0.003
-0.009
-0.021
-0.03
-0.037
-0.043
-0.046
-0.046
-0.047
-0.047
-0.046
-0.045
-0.047
-0.045
-0.051
-0.029
-0.015
0.008
0.04
0.144
0.223
0.308
0.368
0.331
0.223
0.114
0.01
-0.078
-0.074
-0.067
-0.064
-0.063
-0.063
-0.063
-0.061
-0.06
-0.056
-0.052
-0.048
-0.042
-0.033
-0.017
0.001
0.018
0.033
0.048
0.058
0.068
0.078
0.087
0.091
0.092
0.092
0.088
0.085
0.08
0.071
0.061
0.053
0.036
0.019
0.003
-0.015
-0.034
-0.043
-0.052
-0.058
-0.061
-0.064
-0.066
-0.065
-0.065
-0.064
-0.063
-0.064
-0.066
-0.066
-0.066
-0.063
-0.061
-0.06
-0.061
-0.06
-0.06
-0.058
-0.056
-0.055
-0.056
-0.056
-0.056
-0.055
-0.053
-0.053
-0.054
-0.054
-0.054
-0.052
-0.05
-0.049
-0.046
-0.041
-0.029
-0.016
-0.003
0.008
0.017
0.018
0.013
0.008
0
-0.011
-0.024
-0.031
-0.039
-0.043
-0.045
-0.047
-0.049
-0.049
-0.05
-0.048
-0.045
-0.044
-0.045
-0.045
-0
0.035
0.081
0.139
0.207
0.241
0.251
0.264
0.252
0.214
0.149
0.107
0.046
-0.001
-0.033
-0.052
-0.06
-0.06
-0.059
-0.058
-0.056
-0.054
-0.053
-0.053
-0.05
-0.045
-0.037
-0.029
-0.02
-0.01
0.005
0.022
0.041
0.059
0.075
0.083
0.089
0.094
0.097
0.098
0.098
0.096
0.089
0.082
0.075
0.064
0.05
0.039
0.021
0.005
-0.013
-0.027
-0.04
-0.047
-0.054
-0.054
-0.055
-0.054
-0.051
-0.05
-0.05
-0.049
-0.049
-0.049
-0.047
-0.046
-0.046
-0.046
-0.047
-0.046
-0.045
-0.043
-0.044
-0.044
-0.045
-0.043
-0.042
-0.04
-0.04
-0.039
-0.041
-0.039
-0.035
-0.03
-0.025
-0.017
-0.005
0.007
0.018
0.027
0.033
0.032
0.021
0.01
-0.001
-0.013
-0.025
-0.03
-0.035
-0.037
-0.036
-0.035
-0.036
-0.036
-0.037
-0.037
-0.035
-0.034
-0.034
-0.039
0.004
0.06
0.128
0.209
0.262
0.251
0.216
0.153
0.066
0.003
-0.033
-0.056
-0.063
-0.055
-0.042
-0.042
-0.043
-0.043
-0.042
-0.041
-0.04
-0.04
-0.034
-0.027
-0.016
-0.004
0.008
0.016
0.036
0.054
0.07
0.087
0.104
0.106
0.106
0.108
0.11
0.108
0.103
0.1
