-0.009
-0.026
-0.043
-0.059
-0.077
-0.094
-0.108
-0.118
-0.125
-0.127
-0.122
-0.121
-0.12
-0.119
-0.118
-0.121
-0.119
-0.117
-0.116
-0.114
-0.112
-0.111
-0.11
-0.109
-0.108
-0.108
-0.108
-0.108
-0.106
-0.105
-0.104
-0.103
-0.102
-0.101
-0.1
-0.099
-0.098
-0.097
-0.097
-0.096
-0.095
-0.094
-0.094
-0.093
-0.091
-0.091
-0.09
-0.089
-0.089
-0.087
-0.085
-0.084
-0.083
-0.082
-0.08
-0.08
-0.08
-0.079
-0.078
-0.078
-0.078
-0.077
-0.075
-0.071
-0.063
-0.051
-0.036
-0.02
-0.004
0.011
0.026
0.037
0.046
0.052
0.063
0.063
0.062
0.058
0.053
0.035
0.022
0.008
-0.008
-0.026
-0.04
-0.053
-0.063
-0.069
-0.071
-0.072
-0.073
-0.074
-0.074
-0.074
-0.074
-0.075
-0.074
-0.074
-0.074
-0.073
-0.072
-0.07
-0.07
-0.069
-0.069
-0.072
-0.082
-0.086
-0.068
-0.028
0.042
0.142
0.253
0.362
0.474
0.591
0.702
0.78
0.812
0.794
0.724
0.608
0.477
0.347
0.215
0.076
-0.05
-0.138
-0.191
-0.212
-0.194
-0.167
-0.146
-0.133
-0.127
-0.132
-0.131
-0.13
-0.129
-0.128
-0.127
-0.125
-0.123
-0.121
-0.119
-0.118
-0.117
-0.116
-0.114
-0.109
-0.099
-0.085
-0.069
-0.051
-0.034
-0.016
0.002
0.018
0.035
0.054
0.074
0.093
0.112
0.128
0.142
0.153
0.161
0.165
0.169
0.172
0.174
0.176
0.176
0.174
0.171
0.166
0.16
0.154
0.147
0.14
0.128
0.114
0.099
0.081
0.06
0.039
0.02
0
-0.018
-0.035
-0.054
-0.073
-0.089
-0.105
-0.119
-0.129
-0.137
-0.139
-0.144
-0.143
-0.141
-0.14
-0.139
-0.133
-0.132
-0.13
-0.129
-0.128
-0.126
-0.125
-0.124
-0.123
-0.129
-0.127
-0.126
-0.125
-0.125
-0.116
-0.115
-0.114
-0.113
-0.111
-0.11
-0.109
-0.102
-0.102
-0.101
-0.101
-0.101
-0.106
-0.105
-0.103
-0.102
-0.101
-0.099
-0.099
-0.098
-0.098
-0.097
-0.096
-0.095
-0.094
-0.093
-0.092
-0.092
-0.09
-0.089
-0.088
-0.087
-0.087
