-0.113
-0.112
-0.111
-0.11
-0.109
-0.108
-0.104
-0.096
-0.084
-0.066
-0.047
-0.029
-0.012
0.006
0.024
0.041
0.059
0.077
0.109
0.129
0.147
0.161
0.172
0.166
0.172
0.176
0.177
0.179
0.181
0.181
0.179
0.177
0.173
0.167
0.161
0.154
0.147
0.136
0.123
0.106
0.088
0.067
0.046
0.026
0.005
-0.013
-0.029
-0.046
-0.063
-0.082
-0.1
-0.115
-0.125
-0.133
-0.136
-0.136
-0.135
-0.134
-0.132
-0.132
-0.132
-0.132
-0.132
-0.131
-0.129
-0.127
-0.126
-0.124
-0.124
-0.123
-0.126
-0.125
-0.124
-0.122
-0.121
-0.115
-0.114
-0.112
-0.11
-0.108
-0.107
-0.106
-0.104
-0.104
-0.104
-0.104
-0.104
-0.104
-0.104
-0.103
-0.101
-0.1
-0.099
-0.097
-0.096
-0.095
-0.093
-0.092
-0.092
-0.092
-0.092
-0.092
-0.091
-0.09
-0.088
-0.087
-0.086
-0.084
-0.08
-0.072
-0.061
-0.047
-0.022
-0.005
0.011
0.026
0.037
0.038
0.045
0.048
0.049
0.049
0.046
0.041
0.031
0.018
0.003
-0.013
-0.031
-0.048
-0.062
-0.073
-0.08
-0.084
-0.085
-0.085
-0.086
-0.086
-0.086
-0.086
-0.086
-0.085
-0.083
-0.081
-0.08
-0.079
-0.077
-0.077
-0.077
-0.076
-0.078
-0.087
-0.093
-0.078
-0.04
0.024
0.114
0.223
0.336
0.455
0.57
0.677
0.761
0.801
0.791
0.731
0.628
0.5
0.366
0.227
0.091
-0.032
-0.124
-0.185
-0.214
-0.208
-0.181
-0.158
-0.141
-0.132
-0.129
-0.129
-0.129
-0.127
-0.126
-0.125
-0.123
-0.122
-0.121
-0.12
-0.118
-0.118
-0.117
-0.116
-0.111
-0.102
-0.09
-0.073
-0.054
-0.035
-0.017
0
0.016
0.033
0.054
0.074
0.091
0.11
0.128
0.144
0.151
0.161
0.166
0.17
0.172
0.178
0.18
0.18
0.178
0.175
0.171
0.166
0.161
0.154
0.146
0.134
0.12
0.104
0.086
0.063
0.041
0.022
0.003
-0.014
-0.031
-0.049
-0.065
-0.082
-0.1
-0.115
-0.128
-0.135
-0.139
-0.138
-0.136
-0.133
-0.131
-0.13
-0.129
-0.128
