-0.055
-0.055
-0.054
-0.052
-0.051
-0.047
-0.033
-0.019
-0.005
0.008
0.017
0.017
0.009
-0.003
-0.016
-0.029
-0.041
-0.045
-0.046
-0.044
-0.041
-0.042
-0.044
-0.046
-0.046
-0.046
-0.044
-0.042
-0.042
-0.044
0.003
0.059
0.127
0.209
0.306
0.36
0.345
0.306
0.239
0.144
0.028
-0.03
-0.06
-0.076
-0.08
-0.071
-0.057
-0.056
-0.055
-0.053
-0.053
-0.054
-0.054
-0.053
-0.045
-0.035
-0.024
-0.014
-0.002
0.006
0.023
0.041
0.056
0.07
0.083
0.086
0.091
0.095
0.096
0.094
0.093
0.091
0.082
0.073
0.061
0.045
0.028
0.018
0.002
-0.013
-0.028
-0.043
-0.055
-0.058
-0.057
-0.055
-0.053
-0.054
-0.055
-0.056
-0.054
-0.052
-0.05
-0.05
-0.049
-0.049
-0.048
-0.047
-0.046
-0.047
-0.048
-0.046
-0.045
-0.044
-0.042
-0.043
-0.043
-0.042
-0.04
-0.038
-0.038
-0.039
-0.04
-0.04
-0.037
-0.03
-0.024
-0.017
-0.008
0.001
0.009
0.018
0.025
0.027
0.027
0.025
0.011
0.001
-0.011
-0.024
-0.035
-0.033
-0.036
-0.034
-0.034
-0.034
-0.034
-0.032
-0.035
-0.033
-0.035
-0.04
-0.041
-0.026
0.064
0.148
0.245
0.346
0.429
0.419
0.353
0.265
0.153
0.039
-0.059
-0.083
-0.09
-0.081
-0.067
-0.057
-0.05
-0.048
-0.049
-0.05
-0.049
-0.048
-0.038
-0.026
-0.011
0.003
0.018
0.026
0.042
0.059
0.074
0.084
0.093
0.095
0.095
0.096
0.096
0.092
0.088
0.084
0.071
0.058
0.044
0.027
0.008
-0.001
-0.018
-0.03
-0.041
-0.052
-0.062
-0.062
-0.062
-0.06
-0.058
-0.058
-0.058
-0.058
-0.059
-0.057
-0.056
-0.057
-0.059
-0.059
-0.059
-0.059
-0.057
-0.057
-0.058
-0.057
-0.056
-0.055
-0.053
-0.053
-0.053
-0.052
-0.051
-0.049
-0.048
-0.049
-0.044
-0.037
-0.029
-0.02
-0.008
-0.001
0.004
0.009
0.011
0.009
0.003
-0.003
-0.015
-0.026
-0.035
-0.043
-0.052
-0.052
-0.053
-0.051
-0.049
-0.049
-0.049
-0.048
-0.051
-0.055
