-0.016
0.002
0.018
0.033
0.051
0.058
0.07
0.079
0.08
0.08
0.076
0.07
0.064
0.06
0.039
0.02
-0.001
-0.022
-0.044
-0.05
-0.055
-0.059
-0.061
-0.061
-0.059
-0.057
-0.058
-0.057
-0.057
-0.057
-0.057
-0.054
-0.051
-0.048
-0.049
-0.049
-0.048
-0.049
-0.049
-0.046
-0.047
-0.047
-0.046
-0.045
-0.045
-0.045
-0.044
-0.044
-0.045
-0.044
-0.038
-0.031
-0.019
-0.004
0.011
0.022
0.03
0.029
0.02
0.008
-0.004
-0.015
-0.025
-0.029
-0.033
-0.035
-0.038
-0.038
-0.038
-0.038
-0.036
-0.033
0.011
0.07
0.141
0.222
0.313
0.367
0.353
0.313
0.25
0.162
0.052
-0.007
-0.042
-0.065
-0.072
-0.063
-0.048
-0.047
-0.046
-0.046
-0.047
-0.047
-0.045
-0.045
-0.034
-0.028
-0.019
-0.006
0.008
0.012
0.034
0.049
0.065
0.081
0.095
0.094
0.097
0.097
0.097
0.098
0.099
0.096
0.085
0.073
0.06
0.047
0.034
0.026
0.01
-0.006
-0.021
-0.035
-0.046
-0.05
-0.052
-0.055
-0.056
-0.055
-0.053
-0.052
-0.052
-0.053
-0.054
-0.054
-0.052
-0.052
-0.05
-0.05
-0.05
-0.049
-0.047
-0.047
-0.047
-0.048
-0.049
-0.049
-0.047
-0.046
-0.045
-0.047
-0.048
-0.048
-0.046
-0.045
-0.038
-0.034
-0.028
-0.02
-0.01
-0.006
0.004
0.011
0.015
0.019
0.021
0.017
0.003
-0.011
-0.027
-0.038
-0.048
-0.047
-0.047
-0.047
-0.048
-0.047
-0.045
-0.044
-0.042
-0.042
-0.045
-0.05
-0.05
-0.041
0.027
0.106
0.201
0.303
0.392
0.405
0.344
0.257
0.144
0.03
-0.066
-0.093
-0.1
-0.094
-0.082
-0.071
-0.062
-0.062
-0.061
-0.062
-0.062
-0.062
-0.06
-0.058
-0.047
-0.036
-0.024
-0.008
0.009
0.018
0.036
0.05
0.062
0.073
0.083
0.083
0.083
0.084
0.083
0.08
0.069
0.054
0.037
0.019
0.003
-0.006
-0.02
-0.035
-0.048
-0.06
-0.067
-0.067
-0.065
-0.065
-0.065
-0.065
-0.063
-0.062
-0.06
-0.061
-0.061
-0.061
-0.06
-0.059
