-0.048
-0.048
-0.05
-0.053
-0.052
-0.05
-0.051
-0.048
-0.047
-0.047
-0.048
-0.047
0.002
0.044
0.095
0.156
0.231
0.267
0.264
0.265
0.24
0.188
0.109
0.07
0.014
-0.026
-0.052
-0.067
-0.067
-0.064
-0.065
-0.062
-0.06
-0.061
-0.055
-0.047
-0.037
-0.028
-0.016
-0.008
0.011
0.027
0.048
0.067
0.084
0.086
0.09
0.091
0.09
0.09
0.091
0.088
0.078
0.065
0.051
0.037
0.023
0.013
-0.002
-0.019
-0.035
-0.049
-0.058
-0.06
-0.06
-0.06
-0.061
-0.062
-0.06
-0.058
-0.055
-0.054
-0.054
-0.054
-0.051
-0.05
-0.048
-0.048
-0.048
-0.049
-0.048
-0.047
-0.046
-0.047
-0.047
-0.047
-0.045
-0.044
-0.042
-0.043
-0.044
-0.045
-0.044
-0.043
-0.038
-0.033
-0.027
-0.018
-0.006
0.003
0.014
0.02
0.023
0.025
0.026
0.022
0.011
-0.002
-0.015
-0.026
-0.035
-0.034
-0.032
-0.033
-0.034
-0.035
-0.034
-0.033
-0.031
-0.032
-0.036
-0.042
-0.036
-0.02
0.055
0.143
0.243
0.341
0.417
0.42
0.348
0.249
0.129
0.02
-0.069
-0.089
-0.089
-0.077
-0.065
-0.056
-0.049
-0.048
-0.047
-0.047
-0.048
-0.049
-0.047
-0.043
-0.031
-0.019
-0.007
0.008
0.025
0.035
0.052
0.067
0.079
0.09
0.1
0.102
0.101
0.1
0.097
0.094
0.092
0.09
0.073
0.057
0.038
0.02
0.003
0.001
-0.011
-0.024
-0.037
-0.048
-0.056
-0.056
-0.054
-0.053
-0.054
-0.055
-0.053
-0.053
-0.051
-0.05
-0.05
-0.051
-0.051
-0.051
-0.049
-0.049
-0.05
-0.051
-0.05
-0.05
-0.047
-0.045
-0.045
-0.046
-0.045
-0.046
-0.045
-0.043
-0.044
-0.045
-0.044
-0.045
-0.038
-0.029
-0.021
-0.011
0.003
0.009
0.016
0.02
0.018
0.012
0.008
0
-0.01
-0.02
-0.03
-0.04
-0.046
-0.047
-0.046
-0.045
-0.046
-0.047
-0.046
-0.045
-0.047
-0.051
-0.049
-0.036
-0.01
0.032
0.136
0.235
0.311
0.362
0.39
0.342
0.227
0.12
0.028
-0.049
-0.106
-0.095
-0.081
-0.071
-0.066
-0.066
-0.066
-0.067
-0.065
-0.062
-0.061
-0.06
-0.056
-0.05
-0.034
-0.017
-0.002
0.014
0.031
0.04
0.054
0.066
0.075
0.08
0.086
0.087
0.087
0.085
0.08
0.074
0.068
0.062
0.048
0.033
0.014
-0.005
-0.023
-0.031
-0.041
-0.05
-0.058
-0.066
-0.071
-0.071
-0.069
-0.067
-0.068
-0.069
-0.069
-0.068
-0.066
-0.064
-0.064
-0.065
-0.064
-0.064
-0.062
-0.06
-0.06
-0.061
-0.062
-0.061
-0.06
-0.058
-0.057
-0.058
-0.058
-0.058
-0.057
-0.055
-0.042
-0.03
-0.02
-0.008
0.007
0.011
0.012
0.011
0.006
-0.003
-0.013
-0.021
-0.029
-0.035
-0.041
-0.047
-0.05
-0.05
-0.048
-0.046
-0.045
-0.046
-0.046
-0.046
0.02
0.102
0.171
0.225
0.269
0.23
0.144
0.07
0.012
-0.035
-0.066
-0.062
-0.057
-0.053
-0.051
-0.052
-0.052
-0.05
-0.048
-0.045
-0.041
-0.037
-0.03
-0.022
-0.003
0.016
0.034
0.05
0.066
0.073
0.082
0.092
0.098
0.101
0.102
0.103
0.095
0.092
0.086
0.077
0.067
0.063
0.035
0.011
-0.012
-0.035
-0.056
-0.054
-0.054
-0.052
-0.05
-0.051
-0.051
-0.05
-0.051
-0.049
-0.048
-0.048
-0.049
-0.047
-0.048
-0.048
-0.043
-0.042
-0.041
-0.034
-0.024
-0.018
-0.003
0.009
0.018
0.026
0.033
0.032
0.024
0.011
-0.003
-0.017
-0.029
-0.033
-0.034
-0.036
-0.037
-0.037
-0.036
-0.036
-0.035
-0.035
-0.035
-0.036
-0.036
-0.041
0.007
0.065
0.136
0.221
0.322
0.374
0.356
0.31
0.238
0.142
0.028
-0.028
-0.057
-0.075
-0.08
-0.072
-0.06
-0.059
-0.056
-0.056
-0.048
-0.041
-0.032
-0.02
-0.005
0.004
0.023
0.039
0.054
0.068
0.083
0.087
0.09
0.09
0.088
0.087
0.086
0.083
0.076
0.065
0.051
0.035
0.021
0.011
-0.005
-0.022
-0.039
-0.054
-0.066
-0.068
-0.068
-0.067
-0.068
-0.068
-0.067
-0.066
-0.064
-0.063
-0.063
-0.063
-0.062
-0.061
-0.059
-0.059
-0.06
-0.061
