-0.064
-0.061
-0.061
-0.059
-0.053
-0.047
-0.041
-0.032
-0.016
-0.001
0.016
0.033
0.051
0.061
0.071
0.077
0.082
0.087
0.091
0.091
0.089
0.084
0.078
0.072
0.066
0.058
0.041
0.022
0.004
-0.013
-0.028
-0.037
-0.047
-0.056
-0.062
-0.064
-0.064
-0.064
-0.062
-0.061
-0.061
-0.061
-0.059
-0.059
-0.059
-0.057
-0.055
-0.055
-0.054
-0.055
-0.057
-0.056
-0.054
-0.054
-0.053
-0.053
-0.053
-0.051
-0.049
-0.047
-0.046
-0.048
-0.049
-0.048
-0.043
-0.038
-0.025
-0.014
-0.002
0.01
0.021
0.024
0.021
0.013
0.003
-0.007
-0.018
-0.026
-0.031
-0.037
-0.041
-0.042
-0.041
-0.041
-0.04
-0.042
-0.043
-0.043
-0.04
-0.04
-0.016
0.019
0.064
0.122
0.193
0.249
0.284
0.292
0.276
0.237
0.174
0.108
0.047
-0.001
-0.034
-0.054
-0.059
-0.055
-0.05
-0.05
-0.043
-0.039
-0.033
-0.024
-0.014
-0.009
0.011
0.027
0.042
0.059
0.078
0.083
0.091
0.095
0.097
0.099
0.096
0.088
0.08
0.072
0.058
0.047
0.031
0.013
-0.007
-0.025
-0.039
-0.046
-0.049
-0.052
-0.054
-0.054
-0.053
-0.054
-0.052
-0.052
-0.053
-0.053
-0.051
-0.051
-0.048
-0.047
-0.047
-0.047
-0.045
-0.045
-0.043
-0.043
-0.044
-0.045
-0.043
-0.043
-0.041
-0.039
-0.04
-0.041
-0.039
-0.039
-0.037
-0.035
-0.034
-0.031
-0.025
-0.018
-0.003
0.008
0.016
0.023
0.03
0.029
0.022
0.012
-0.002
-0.015
-0.026
-0.031
-0.032
-0.034
-0.036
-0.038
-0.036
-0.037
-0.035
-0.035
-0.037
-0.04
-0.041
-0.045
0.002
0.06
0.128
0.209
0.307
0.36
0.349
0.31
0.245
0.155
0.044
-0.016
-0.049
-0.069
-0.078
-0.073
-0.06
-0.059
-0.057
-0.056
-0.056
-0.056
-0.055
-0.055
-0.048
-0.039
-0.031
-0.021
-0.007
0.002
0.02
0.038
0.053
0.066
0.081
0.085
0.09
0.092
0.091
0.089
0.089
0.086
0.078
0.068
0.054
0.037
0.022
0.012
-0.003
-0.018
-0.035
-0.05
-0.062
-0.065
-0.068
-0.066
-0.067
-0.068
-0.068
-0.064
-0.061
-0.059
-0.06
-0.061
-0.06
-0.06
-0.061
-0.059
-0.058
-0.058
-0.059
-0.059
-0.057
-0.058
-0.061
-0.061
-0.058
-0.058
-0.056
-0.054
-0.055
-0.056
-0.056
-0.056
-0.051
-0.045
-0.04
-0.034
-0.025
-0.016
-0.003
0.007
0.013
0.015
0.016
0.012
-0.003
-0.015
-0.028
-0.041
-0.052
-0.049
-0.05
-0.049
-0.05
-0.051
-0.051
-0.047
-0.051
-0.049
-0.051
-0.058
-0.06
-0.045
0.044
0.126
0.221
0.322
0.411
0.406
0.318
0.234
0.122
0.004
-0.097
-0.094
-0.103
-0.095
-0.08
-0.07
-0.064
-0.061
-0.063
-0.063
-0.061
-0.059
-0.056
-0.05
-0.037
-0.025
-0.015
-0.004
0.009
0.018
0.036
0.053
0.066
0.079
0.086
0.084
0.083
0.085
0.067
0.055
0.041
0.023
0.003
0.001
-0.016
-0.03
-0.041
-0.05
-0.058
-0.057
-0.056
-0.054
-0.056
-0.058
-0.057
-0.054
-0.055
-0.055
-0.052
-0.051
-0.05
-0.049
-0.047
-0.048
-0.048
-0.048
-0.045
-0.045
-0.044
-0.045
-0.046
-0.046
-0.044
-0.043
-0.042
-0.043
-0.042
-0.041
-0.038
-0.037
-0.026
-0.017
-0.005
0.008
0.024
0.029
0.031
0.028
0.022
0.015
0.008
0
-0.01
-0.02
-0.028
-0.032
-0.035
-0.035
-0.032
-0.03
-0.029
-0.029
-0.03
-0.024
-0.006
0.026
0.071
0.128
0.219
0.284
0.324
0.34
0.334
0.267
0.167
0.081
0.012
-0.04
-0.075
-0.063
-0.054
-0.05
-0.05
-0.05
-0.048
-0.047
-0.046
-0.046
-0.045
-0.041
-0.032
-0.023
-0.006
0.01
0.025
0.041
0.059
0.069
0.081
0.089
0.095
0.1
0.105
0.106
0.102
0.098
0.09
0.083
0.075
0.069
0.049
0.03
0.011
-0.006
-0.022
-0.026
-0.034
-0.043
-0.05
-0.054
-0.055
-0.054
-0.053
-0.052
-0.053
-0.053
-0.052
-0.051
-0.05
-0.05
-0.052
-0.051
-0.049
-0.047
-0.046
-0.046
-0.048
-0.049
-0.047
-0.048
-0.047
-0.047
-0.049
-0.05
-0.049
-0.049
-0.047
-0.047
