-0.036
-0.035
-0.036
-0.039
-0.043
-0.042
0.037
0.104
0.184
0.279
0.382
0.399
0.337
0.276
0.188
0.075
-0.039
-0.056
-0.079
-0.088
-0.084
-0.072
-0.06
-0.057
-0.057
-0.054
-0.053
-0.054
-0.055
-0.052
-0.042
-0.03
-0.014
0.003
0.02
0.031
0.046
0.059
0.073
0.085
0.093
0.094
0.091
0.089
0.088
0.087
0.083
0.079
0.063
0.046
0.029
0.014
-0.003
-0.012
-0.028
-0.042
-0.053
-0.06
-0.067
-0.066
-0.067
-0.068
-0.067
-0.065
-0.064
-0.064
-0.065
-0.067
-0.066
-0.064
-0.062
-0.061
-0.062
-0.062
-0.062
-0.06
-0.058
-0.056
-0.057
-0.058
-0.058
-0.057
-0.056
-0.054
-0.055
-0.056
-0.055
-0.053
-0.052
-0.051
-0.046
-0.039
-0.029
-0.016
-0.002
0.005
0.009
0.009
0.007
0.004
-0.001
-0.009
-0.02
-0.032
-0.041
-0.047
-0.053
-0.055
-0.054
-0.053
-0.054
-0.052
-0.041
-0.044
-0.035
-0.014
0.019
0.051
0.143
0.233
0.299
0.341
0.359
0.312
0.202
0.099
0.014
-0.05
-0.098
-0.092
-0.079
-0.072
-0.07
-0.069
-0.068
-0.069
-0.066
-0.066
-0.064
-0.059
-0.052
-0.048
-0.033
-0.018
-0.002
0.016
0.035
0.045
0.056
0.065
0.073
0.082
0.089
0.091
0.089
0.085
0.08
0.075
0.069
0.062
0.046
0.028
0.01
-0.006
-0.021
-0.029
-0.04
-0.051
-0.06
-0.067
-0.07
-0.066
-0.063
-0.062
-0.061
-0.062
-0.064
-0.064
-0.062
-0.061
-0.06
-0.059
-0.059
-0.058
-0.055
-0.055
-0.054
-0.054
-0.053
-0.052
-0.049
-0.048
-0.047
-0.048
-0.048
-0.048
-0.046
-0.043
-0.032
-0.021
-0.009
0.005
0.018
0.022
0.022
0.017
0.01
0.002
-0.006
-0.014
-0.022
-0.031
-0.038
-0.042
-0.043
-0.043
-0.042
-0.042
-0.042
-0.041
-0.037
-0.036
-0.027
-0.009
0.02
0.062
0.118
0.175
0.242
0.283
0.3
0.293
0.264
0.197
0.115
0.046
-0.008
-0.045
-0.068
-0.061
-0.055
-0.054
-0.055
-0.054
-0.051
-0.05
-0.048
-0.046
-0.043
-0.037
