-0.048
-0.047
-0.043
-0.037
-0.029
-0.019
-0.007
0
0.008
0.013
0.016
0.018
0.017
0.012
-0
-0.013
-0.025
-0.034
-0.041
-0.041
-0.041
-0.041
-0.042
-0.04
-0.04
-0.04
-0.044
-0.042
-0.031
-0.008
0.029
0.081
0.16
0.24
0.317
0.376
0.408
0.393
0.303
0.189
0.078
-0.016
-0.093
-0.101
-0.091
-0.078
-0.067
-0.059
-0.055
-0.056
-0.054
-0.054
-0.054
-0.053
-0.05
-0.048
-0.032
-0.019
-0.003
0.014
0.032
0.037
0.053
0.066
0.078
0.089
0.098
0.096
0.097
0.095
0.093
0.091
0.088
0.083
0.066
0.05
0.033
0.017
0
-0.006
-0.019
-0.032
-0.042
-0.05
-0.056
-0.056
-0.055
-0.054
-0.054
-0.052
-0.049
-0.05
-0.049
-0.049
-0.049
-0.048
-0.047
-0.047
-0.045
-0.046
-0.046
-0.045
-0.044
-0.044
-0.044
-0.044
-0.045
-0.044
-0.044
-0.045
-0.044
-0.043
-0.042
-0.04
-0.038
-0.038
-0.027
-0.015
-0.003
0.01
0.025
0.028
0.025
0.022
0.019
0.014
0.006
0
-0.01
-0.02
-0.028
-0.035
-0.039
-0.038
-0.039
-0.038
-0.037
-0.038
-0.039
-0.038
-0.027
-0.004
0.03
0.075
0.131
0.188
0.248
0.285
0.296
0.282
0.242
0.175
0.095
0.033
-0.011
-0.044
-0.066
-0.058
-0.056
-0.056
-0.056
-0.056
-0.057
-0.057
-0.056
-0.053
-0.047
-0.041
-0.033
-0.024
-0.008
0.01
0.028
0.044
0.06
0.069
0.077
0.084
0.09
0.093
0.094
0.092
0.087
0.082
0.076
0.066
0.055
0.045
0.027
0.009
-0.013
-0.032
-0.051
-0.06
-0.068
-0.068
-0.069
-0.069
-0.068
-0.067
-0.066
-0.065
-0.065
-0.065
-0.065
-0.064
-0.065
-0.065
-0.064
-0.063
-0.062
-0.06
-0.059
-0.059
-0.058
-0.058
-0.057
-0.056
-0.056
-0.056
-0.057
-0.058
-0.057
-0.054
-0.051
-0.044
-0.029
-0.014
-0.001
0.01
0.017
0.016
0.006
-0.002
-0.012
-0.024
-0.037
-0.041
-0.047
-0.05
-0.051
-0.051
-0.052
-0.052
-0.051
-0.051
-0.049
-0.047
-0.047
-0.05
