-0.036
-0.019
-0.002
0.013
0.028
0.04
0.05
0.057
0.061
0.063
0.062
0.058
0.05
0.038
0.025
0.01
-0.005
-0.022
-0.038
-0.052
-0.063
-0.07
-0.072
-0.073
-0.074
-0.074
-0.073
-0.074
-0.073
-0.072
-0.07
-0.07
-0.069
-0.068
-0.067
-0.067
-0.065
-0.064
-0.062
-0.065
-0.074
-0.075
-0.055
-0.01
0.063
0.163
0.272
0.383
0.543
0.659
0.766
0.841
0.867
0.796
0.72
0.603
0.471
0.339
0.203
0.065
-0.054
-0.138
-0.188
-0.206
-0.192
-0.165
-0.143
-0.129
-0.123
-0.121
-0.119
-0.118
-0.117
-0.115
-0.114
-0.113
-0.112
-0.11
-0.101
-0.099
-0.098
-0.097
-0.094
-0.096
-0.087
-0.074
-0.058
-0.039
-0.021
-0.002
0.015
0.03
0.048
0.067
0.087
0.107
0.127
0.142
0.156
0.167
0.175
0.18
0.183
0.185
0.186
0.187
0.186
0.184
0.182
0.177
0.171
0.166
0.16
0.15
0.137
0.122
0.106
0.086
0.064
0.043
0.023
0.004
-0.013
-0.03
-0.048
-0.066
-0.083
-0.099
-0.113
-0.122
-0.127
-0.129
-0.128
-0.126
-0.125
-0.124
-0.123
-0.122
-0.12
-0.119
-0.118
-0.117
-0.113
-0.113
-0.112
-0.11
-0.109
-0.11
-0.11
-0.108
-0.108
-0.107
-0.105
-0.104
-0.103
-0.102
-0.099
-0.098
-0.097
-0.096
-0.095
-0.095
-0.095
-0.094
-0.092
-0.09
-0.089
-0.088
-0.087
-0.087
-0.087
-0.087
-0.084
-0.084
-0.083
-0.081
-0.079
-0.08
-0.079
-0.078
-0.078
-0.078
-0.077
-0.077
-0.075
-0.071
-0.062
-0.05
-0.036
-0.017
0.001
0.016
0.03
0.042
0.051
0.057
0.061
0.062
0.061
0.056
0.048
0.038
0.026
0.011
-0.005
-0.022
-0.037
-0.05
-0.061
-0.068
-0.072
-0.074
-0.074
-0.074
-0.073
-0.073
-0.072
-0.071
-0.07
-0.07
-0.068
-0.068
-0.068
-0.067
-0.066
-0.066
-0.065
-0.068
-0.078
-0.082
-0.065
-0.025
0.039
0.135
0.254
0.37
0.518
0.626
0.733
0.817
0.852
0.796
0.731
0.619
0.477
0.34
0.21
0.082
-0.04
-0.135
