-0.064
-0.062
-0.063
-0.062
-0.061
-0.063
-0.064
-0.063
-0.051
-0.039
-0.026
-0.012
0.002
0.009
0.026
0.043
0.059
0.071
0.081
0.083
0.081
0.083
0.083
0.08
0.077
0.076
0.058
0.046
0.032
0.014
-0.005
-0.008
-0.026
-0.039
-0.05
-0.062
-0.073
-0.072
-0.073
-0.07
-0.068
-0.068
-0.069
-0.068
-0.068
-0.069
-0.067
-0.065
-0.063
-0.062
-0.06
-0.059
-0.059
-0.06
-0.058
-0.057
-0.056
-0.054
-0.054
-0.056
-0.058
-0.057
-0.058
-0.058
-0.057
-0.055
-0.054
-0.052
-0.043
-0.033
-0.022
-0.01
0.004
0.009
0.013
0.012
0.007
0.001
-0.005
-0.012
-0.021
-0.031
-0.041
-0.048
-0.05
-0.05
-0.049
-0.048
-0.049
-0.049
-0.048
-0.047
-0.049
-0.042
-0.024
0.005
0.047
0.103
0.173
0.243
0.288
0.309
0.308
0.267
0.165
0.078
0.006
-0.048
-0.086
-0.074
-0.063
-0.058
-0.059
-0.06
-0.059
-0.058
-0.057
-0.056
-0.054
-0.051
-0.045
-0.036
-0.019
-0.002
0.015
0.032
0.05
0.06
0.073
0.082
0.088
0.093
0.099
0.099
0.099
0.096
0.09
0.082
0.074
0.066
0.05
0.034
0.016
-0.002
-0.018
-0.026
-0.035
-0.042
-0.049
-0.055
-0.056
-0.056
-0.057
-0.056
-0.058
-0.059
-0.059
-0.056
-0.054
-0.052
-0.05
-0.049
-0.05
-0.05
-0.046
-0.046
-0.046
-0.044
-0.044
-0.045
-0.046
-0.044
-0.045
-0.043
-0.043
-0.043
-0.04
-0.034
-0.02
-0.006
0.006
0.017
0.029
0.031
0.029
0.025
0.017
0.005
-0.005
-0.013
-0.02
-0.025
-0.029
-0.033
-0.033
-0.033
-0.031
-0.03
-0.03
-0.031
-0.03
-0.03
-0.011
0.018
0.056
0.106
0.17
0.227
0.278
0.302
0.299
0.27
0.219
0.15
0.08
0.027
-0.016
-0.045
-0.058
-0.054
-0.052
-0.05
-0.045
-0.041
-0.037
-0.031
-0.02
-0.012
0.005
0.022
0.037
0.051
0.068
0.076
0.086
0.095
0.099
0.101
0.102
0.101
0.097
0.091
0.082
0.069
0.057
0.045
0.029
0.013
-0.004
-0.023
