0.045
0.055
0.06
0.062
0.061
0.057
0.051
0.043
0.032
0.019
0.004
-0.015
-0.033
-0.047
-0.059
-0.068
-0.074
-0.077
-0.077
-0.077
-0.077
-0.076
-0.075
-0.075
-0.075
-0.075
-0.074
-0.073
-0.072
-0.07
-0.068
-0.067
-0.066
-0.066
-0.071
-0.081
-0.078
-0.052
-0.004
0.07
0.175
0.294
0.411
0.52
0.627
0.727
0.793
0.808
0.775
0.693
0.568
0.427
0.289
0.159
0.032
-0.078
-0.139
-0.185
-0.195
-0.175
-0.148
-0.147
-0.135
-0.131
-0.131
-0.13
-0.129
-0.128
-0.126
-0.125
-0.123
-0.122
-0.121
-0.119
-0.118
-0.117
-0.116
-0.113
-0.106
-0.097
-0.083
-0.064
-0.045
-0.028
-0.011
0.006
0.024
0.042
0.061
0.08
0.099
0.117
0.133
0.145
0.154
0.161
0.166
0.17
0.173
0.175
0.176
0.175
0.171
0.167
0.162
0.156
0.148
0.14
0.132
0.12
0.106
0.088
0.068
0.048
0.028
0.009
-0.01
-0.029
-0.046
-0.063
-0.079
-0.096
-0.113
-0.125
-0.133
-0.139
-0.142
-0.141
-0.139
-0.139
-0.137
-0.135
-0.134
-0.133
-0.132
-0.131
-0.13
-0.13
-0.129
-0.128
-0.128
-0.128
-0.126
-0.124
-0.123
-0.121
-0.119
-0.117
-0.117
-0.116
-0.107
-0.105
-0.104
-0.101
-0.1
-0.106
-0.106
-0.105
-0.105
-0.104
-0.104
-0.102
-0.102
-0.101
-0.1
-0.099
-0.098
-0.097
-0.095
-0.094
-0.093
-0.092
-0.091
-0.091
-0.09
-0.09
-0.089
-0.089
-0.089
-0.087
-0.066
-0.055
-0.04
-0.023
-0.006
-0.004
0.012
0.026
0.037
0.045
0.05
0.051
0.049
0.045
0.04
0.032
0.021
0.007
-0.008
-0.025
-0.041
-0.056
-0.068
-0.075
-0.08
-0.081
-0.08
-0.081
-0.081
-0.081
-0.079
-0.079
-0.078
-0.077
-0.076
-0.076
-0.076
-0.076
-0.075
-0.074
-0.074
-0.074
-0.08
-0.089
-0.081
-0.051
0.006
0.093
0.202
0.312
0.422
0.537
0.653
0.749
0.802
0.807
0.761
0.663
0.534
0.403
0.273
0.137
0.001
-0.104
-0.173
-0.209
-0.212
-0.187
-0.16
-0.142
