-0.111
-0.122
-0.129
-0.133
-0.133
-0.131
-0.13
-0.13
-0.129
-0.129
-0.128
-0.127
-0.125
-0.123
-0.122
-0.121
-0.12
-0.118
-0.117
-0.115
-0.112
-0.11
-0.109
-0.107
-0.106
-0.106
-0.106
-0.105
-0.104
-0.103
-0.102
-0.101
-0.1
-0.099
-0.099
-0.097
-0.097
-0.096
-0.094
-0.092
-0.091
-0.09
-0.089
-0.089
-0.089
-0.088
-0.087
-0.086
-0.084
-0.082
-0.08
-0.08
-0.079
-0.078
-0.078
-0.077
-0.076
-0.073
-0.05
-0.039
-0.025
-0.008
0.009
0.01
0.024
0.036
0.045
0.052
0.057
0.059
0.059
0.056
0.051
0.041
0.028
0.014
-0.001
-0.017
-0.032
-0.047
-0.057
-0.065
-0.071
-0.074
-0.074
-0.075
-0.075
-0.073
-0.063
-0.062
-0.061
-0.059
-0.058
-0.066
-0.065
-0.063
-0.062
-0.061
-0.06
-0.061
-0.067
-0.077
-0.069
-0.038
0.02
0.106
0.214
0.325
0.438
0.555
0.668
0.761
0.812
0.814
0.766
0.669
0.543
0.412
0.279
0.141
0.008
-0.094
-0.162
-0.198
-0.201
-0.177
-0.151
-0.134
-0.124
-0.119
-0.118
-0.116
-0.115
-0.113
-0.112
-0.11
-0.11
-0.109
-0.108
-0.108
-0.107
-0.106
-0.106
-0.102
-0.093
-0.081
-0.066
-0.048
-0.029
-0.009
0.009
0.026
0.052
0.071
0.09
0.11
0.129
0.136
0.15
0.163
0.172
0.178
0.182
0.186
0.189
0.191
0.192
0.191
0.188
0.182
0.177
0.171
0.164
0.157
0.147
0.134
0.118
0.101
0.081
0.058
0.036
0.016
-0.011
-0.028
-0.046
-0.064
-0.08
-0.087
-0.102
-0.114
-0.125
-0.128
-0.129
-0.127
-0.126
-0.122
-0.121
-0.12
-0.119
-0.118
-0.116
-0.115
-0.114
-0.112
-0.111
-0.111
-0.11
-0.109
-0.108
-0.107
-0.106
-0.104
-0.102
-0.101
-0.099
-0.098
-0.097
-0.097
-0.097
-0.096
-0.095
-0.094
-0.092
-0.09
-0.089
-0.088
-0.088
-0.088
-0.088
-0.087
-0.086
-0.086
-0.086
-0.085
-0.084
-0.083
-0.082
-0.08
-0.079
-0.078
-0.078
-0.077
-0.076
-0.074
-0.073
-0.07
-0.063
-0.054
-0.042
-0.025
-0.005
0.011
0.025
0.038
0.049
0.055
0.06
0.061
0.06
0.057
0.051
0.041
0.029
0.015
-0
-0.017
-0.033
-0.047
-0.057
-0.066
-0.072
-0.074
-0.074
-0.075
-0.075
-0.075
-0.074
-0.073
-0.072
-0.071
-0.07
-0.068
-0.068
-0.067
-0.065
-0.064
-0.065
-0.066
-0.074
-0.084
-0.075
-0.043
0.012
0.096
0.256
0.375
0.486
0.593
0.7
0.749
0.803
0.806
0.761
0.668
0.532
0.391
0.258
0.13
0.003
-0.103
-0.176
-0.212
-0.213
-0.189
-0.161
-0.142
-0.131
-0.128
-0.128
-0.127
-0.127
-0.126
-0.126
-0.124
-0.122
-0.121
-0.119
-0.119
-0.112
-0.112
-0.111
-0.107
-0.099
-0.093
-0.076
-0.057
-0.038
-0.021
-0.005
0.012
0.03
0.049
0.068
0.087
0.117
0.135
0.149
0.161
0.17
0.164
0.168
0.171
0.173
0.173
0.174
0.174
0.171
0.166
0.161
0.155
0.147
0.14
0.131
0.118
0.102
0.082
0.06
0.039
0.019
-0.001
-0.028
-0.044
-0.06
-0.077
-0.094
-0.104
-0.119
-0.131
-0.139
-0.143
-0.144
-0.143
-0.141
-0.139
-0.138
-0.137
-0.136
-0.135
-0.133
-0.132
-0.131
-0.129
-0.128
-0.127
-0.125
-0.124
-0.123
-0.122
-0.121
-0.119
-0.116
-0.115
-0.115
-0.114
-0.112
-0.112
-0.11
-0.108
-0.107
-0.107
-0.106
-0.106
-0.105
-0.105
-0.103
-0.102
-0.102
-0.1
-0.099
-0.097
-0.096
-0.095
-0.094
-0.094
-0.093
-0.093
-0.092
-0.091
-0.09
-0.09
-0.088
-0.087
-0.086
-0.082
-0.074
-0.064
-0.051
-0.036
-0.02
-0.003
0.013
0.026
0.037
0.044
0.049
0.051
0.051
0.048
0.043
0.034
0.022
0.007
-0.008
-0.025
-0.042
-0.057
-0.067
-0.075
-0.08
-0.082
-0.083
-0.083
-0.083
-0.082
-0.072
-0.07
-0.07
-0.067
-0.066
-0.075
-0.075
-0.075
-0.076
-0.076
-0.075
-0.075
-0.081
-0.088
-0.078
-0.043
0.017
0.103
0.21
0.32
0.432
0.549
0.662
0.754
0.803
0.804
0.753
0.655
0.528
0.399
0.223
0.084
-0.048
-0.148
-0.214
-0.206
