-0.107
-0.107
-0.107
-0.106
-0.105
-0.103
-0.101
-0.1
-0.099
-0.097
-0.097
-0.096
-0.094
-0.093
-0.085
-0.083
-0.083
-0.081
-0.08
-0.087
-0.087
-0.085
-0.085
-0.084
-0.083
-0.083
-0.082
-0.08
-0.073
-0.062
-0.047
-0.031
-0.014
0.003
0.017
0.03
0.041
0.049
0.053
0.055
0.055
0.051
0.045
0.036
0.024
0.009
-0.006
-0.022
-0.038
-0.052
-0.064
-0.071
-0.075
-0.076
-0.076
-0.076
-0.076
-0.076
-0.075
-0.074
-0.073
-0.072
-0.072
-0.071
-0.071
-0.07
-0.068
-0.067
-0.067
-0.067
-0.074
-0.081
-0.072
-0.04
0.019
0.11
0.221
0.331
0.504
0.618
0.734
0.829
0.877
0.81
0.758
0.654
0.522
0.391
0.262
0.127
-0.007
-0.111
-0.176
-0.208
-0.207
-0.18
-0.154
-0.137
-0.128
-0.125
-0.124
-0.123
-0.122
-0.12
-0.119
-0.117
-0.115
-0.113
-0.109
-0.108
-0.108
-0.107
-0.106
-0.105
-0.097
-0.084
-0.069
-0.051
-0.033
-0.015
0.003
0.02
0.037
0.055
0.074
0.095
0.115
0.132
0.147
0.159
0.169
0.175
0.179
0.182
0.185
0.186
0.186
0.184
0.182
0.178
0.172
0.167
0.161
0.154
0.143
0.129
0.112
0.093
0.073
0.052
0.031
0.011
-0.006
-0.022
-0.038
-0.056
-0.074
-0.09
-0.105
-0.117
-0.124
-0.128
-0.128
-0.127
-0.126
-0.125
-0.125
-0.124
-0.121
-0.119
-0.117
-0.116
-0.115
-0.114
-0.114
-0.112
-0.11
-0.109
-0.108
-0.105
-0.103
-0.102
-0.1
-0.099
-0.099
-0.098
-0.097
-0.096
-0.095
-0.093
-0.091
-0.09
-0.09
-0.09
-0.089
-0.088
-0.088
-0.087
-0.085
-0.084
-0.085
-0.085
-0.093
-0.093
-0.092
-0.091
-0.089
-0.08
-0.079
-0.078
-0.074
-0.074
-0.073
-0.071
-0.069
-0.069
-0.061
-0.05
-0.037
-0.021
-0.002
0.015
0.029
0.042
0.053
0.061
0.065
0.066
0.065
0.061
0.054
0.044
0.033
0.019
0.004
-0.014
-0.03
-0.044
-0.055
-0.063
-0.068
-0.071
-0.072
-0.072
-0.072
-0.072
-0.071
-0.069
-0.067
-0.065
