-0.059
-0.06
-0.059
-0.058
-0.057
-0.058
-0.059
-0.059
-0.057
-0.056
-0.054
-0.053
-0.054
-0.053
-0.051
-0.051
-0.048
-0.045
-0.042
-0.036
-0.023
-0.012
-0.001
0.009
0.014
0.012
-0.001
-0.014
-0.029
-0.041
-0.051
-0.049
-0.049
-0.05
-0.052
-0.052
-0.052
-0.052
-0.051
-0.052
-0.053
-0.057
-0.06
-0.054
0.033
0.107
0.213
0.315
0.411
0.412
0.335
0.24
0.135
0.018
-0.086
-0.091
-0.101
-0.1
-0.088
-0.075
-0.066
-0.067
-0.066
-0.064
-0.063
-0.061
-0.049
-0.037
-0.026
-0.011
0.007
0.014
0.032
0.047
0.06
0.072
0.085
0.088
0.091
0.091
0.079
0.061
0.043
0.024
0.007
-0.003
-0.017
-0.032
-0.046
-0.059
-0.068
-0.067
-0.064
-0.061
-0.061
-0.06
-0.058
-0.057
-0.056
-0.055
-0.056
-0.057
-0.056
-0.055
-0.053
-0.053
-0.053
-0.054
-0.052
-0.051
-0.048
-0.047
-0.047
-0.047
-0.045
-0.044
-0.042
-0.04
-0.041
-0.042
-0.041
-0.041
-0.034
-0.026
-0.019
-0.011
0.002
0.009
0.017
0.023
0.023
0.021
0.019
0.013
0.003
-0.008
-0.02
-0.031
-0.039
-0.039
-0.037
-0.036
-0.036
-0.037
-0.037
-0.037
-0.036
-0.039
-0.045
-0.042
-0.024
0.005
0.098
0.201
0.297
0.37
0.421
0.396
0.297
0.183
0.076
-0.016
-0.088
-0.089
-0.075
-0.061
-0.053
-0.049
-0.046
-0.046
-0.044
-0.042
-0.041
-0.041
-0.039
-0.035
-0.022
-0.008
0.006
0.021
0.038
0.049
0.066
0.08
0.09
0.097
0.104
0.105
0.106
0.106
0.102
0.096
0.091
0.085
0.072
0.058
0.041
0.023
0.006
-0.003
-0.016
-0.027
-0.037
-0.048
-0.055
-0.055
-0.053
-0.051
-0.05
-0.049
-0.048
-0.048
-0.046
-0.045
-0.044
-0.045
-0.044
-0.044
-0.043
-0.042
-0.044
-0.045
-0.046
-0.046
-0.045
-0.043
-0.043
-0.044
-0.044
-0.044
-0.042
-0.04
-0.04
-0.041
-0.04
-0.04
-0.029
-0.018
-0.007
0.004
0.016
0.021
0.019
0.021
0.018
0.011
0.003
-0
-0.013
-0.021
