0.454
0.323
0.186
0.047
-0.07
-0.151
-0.199
-0.215
-0.197
-0.169
-0.15
-0.137
-0.13
-0.13
-0.129
-0.128
-0.127
-0.127
-0.125
-0.123
-0.122
-0.12
-0.118
-0.117
-0.116
-0.115
-0.112
-0.106
-0.095
-0.081
-0.063
-0.045
-0.028
-0.01
0.008
0.024
0.041
0.061
0.082
0.1
0.119
0.135
0.157
0.168
0.176
0.182
0.185
0.177
0.178
0.179
0.177
0.175
0.173
0.168
0.162
0.156
0.15
0.14
0.127
0.113
0.098
0.078
0.057
0.036
0.017
-0.002
-0.019
-0.035
-0.053
-0.071
-0.088
-0.105
-0.119
-0.129
-0.135
-0.137
-0.136
-0.134
-0.133
-0.131
-0.13
-0.13
-0.129
-0.128
-0.127
-0.126
-0.124
-0.122
-0.122
-0.12
-0.118
-0.116
-0.114
-0.112
-0.111
-0.11
-0.109
-0.108
-0.106
-0.105
-0.104
-0.103
-0.101
-0.101
-0.1
-0.099
-0.098
-0.097
-0.096
-0.093
-0.092
-0.091
-0.09
-0.089
-0.088
-0.088
-0.087
-0.087
-0.087
-0.086
-0.085
-0.084
-0.083
-0.082
-0.081
-0.081
-0.08
-0.078
-0.075
-0.068
-0.059
-0.047
-0.031
-0.014
0.003
0.018
0.032
0.043
0.053
0.058
0.061
0.06
0.058
0.052
0.044
0.033
0.022
0.008
-0.009
-0.026
-0.041
-0.053
-0.063
-0.069
-0.071
-0.071
-0.072
-0.072
-0.07
-0.069
-0.07
-0.069
-0.059
-0.059
-0.059
-0.057
-0.056
-0.064
-0.064
-0.063
-0.063
-0.066
-0.075
-0.073
-0.05
-0.005
0.067
0.17
0.288
0.403
0.512
0.619
0.724
0.798
0.821
0.794
0.719
0.597
0.455
0.319
0.19
0.062
-0.052
-0.139
-0.19
-0.204
-0.188
-0.161
-0.139
-0.125
-0.118
-0.115
-0.113
-0.112
-0.111
-0.111
-0.111
-0.11
-0.109
-0.109
-0.107
-0.106
-0.105
-0.102
-0.099
-0.093
-0.084
-0.07
-0.053
-0.034
-0.017
0
0.018
0.037
0.056
0.074
0.094
0.114
0.134
0.151
0.164
0.173
0.179
0.184
0.187
0.188
0.19
0.191
0.189
0.187
0.183
0.178
0.172
0.166
0.16
0.151
0.139
0.124
0.106
0.085
