-0.07
-0.07
-0.069
-0.067
-0.068
-0.066
-0.064
-0.063
-0.063
-0.061
-0.062
-0.063
-0.065
-0.065
-0.064
-0.061
-0.061
-0.059
-0.057
-0.057
-0.056
-0.056
-0.049
-0.039
-0.026
-0.012
0.003
0.009
0.01
0.008
0.006
0.002
-0.005
-0.012
-0.023
-0.034
-0.04
-0.044
-0.048
-0.047
-0.048
-0.049
-0.049
-0.048
-0.046
-0.045
-0.049
-0.044
-0.026
0.004
0.044
0.099
0.173
0.246
0.296
0.321
0.32
0.275
0.168
0.077
0.006
-0.047
-0.086
-0.073
-0.065
-0.061
-0.06
-0.059
-0.057
-0.057
-0.057
-0.056
-0.053
-0.048
-0.041
-0.033
-0.018
-0.002
0.015
0.034
0.052
0.062
0.072
0.08
0.088
0.094
0.099
0.1
0.097
0.092
0.088
0.082
0.074
0.065
0.046
0.027
0.01
-0.005
-0.019
-0.027
-0.036
-0.046
-0.052
-0.056
-0.057
-0.056
-0.055
-0.056
-0.055
-0.053
-0.052
-0.051
-0.049
-0.05
-0.049
-0.047
-0.045
-0.046
-0.046
-0.047
-0.047
-0.046
-0.045
-0.045
-0.043
-0.044
-0.043
-0.041
-0.038
-0.04
-0.038
-0.039
-0.039
-0.037
-0.035
-0.033
-0.018
-0.005
0.008
0.023
0.037
0.035
0.031
0.023
0.013
0.002
-0.009
-0.018
-0.026
-0.033
-0.037
-0.038
-0.037
-0.036
-0.035
-0.035
-0.034
-0.033
-0.031
-0.031
-0.016
0.009
0.047
0.098
0.161
0.219
0.269
0.292
0.292
0.269
0.22
0.153
0.079
0.02
-0.023
-0.051
-0.064
-0.059
-0.056
-0.055
-0.055
-0.053
-0.051
-0.05
-0.048
-0.045
-0.041
-0.033
-0.023
-0.014
0.002
0.018
0.034
0.051
0.069
0.077
0.085
0.09
0.093
0.096
0.098
0.096
0.092
0.084
0.074
0.064
0.055
0.044
0.027
0.009
-0.009
-0.026
-0.04
-0.049
-0.055
-0.061
-0.064
-0.066
-0.065
-0.065
-0.064
-0.064
-0.064
-0.063
-0.061
-0.061
-0.06
-0.06
-0.061
-0.06
-0.058
-0.058
-0.057
-0.056
-0.057
-0.057
-0.055
-0.055
-0.054
-0.054
-0.054
-0.053
-0.051
-0.05
-0.049
-0.049
-0.048
-0.044
-0.038
-0.031
-0.019
-0.008
0.001
0.009
0.017
0.018
0.012
0.002
-0.011
-0.023
-0.034
-0.039
-0.043
-0.047
-0.049
-0.05
-0.049
-0.048
-0.047
-0.046
-0.047
-0.052
-0.058
-0.054
-0.016
0.032
0.097
0.178
0.261
0.316
0.319
0.295
0.245
0.171
0.075
0.01
-0.032
-0.061
-0.078
-0.079
-0.066
-0.065
-0.062
-0.06
-0.058
-0.059
-0.06
-0.059
-0.054
-0.05
-0.041
-0.028
-0.016
-0.008
0.011
0.027
0.042
0.059
0.075
0.08
0.085
0.087
0.087
0.087
0.088
0.085
0.074
0.063
0.051
0.038
0.024
0.019
-0.001
-0.018
-0.036
-0.052
-0.065
-0.064
-0.066
-0.066
-0.066
-0.065
-0.064
-0.063
-0.063
-0.063
-0.064
-0.064
-0.062
-0.06
-0.059
-0.059
-0.06
-0.06
-0.06
-0.058
-0.057
-0.056
-0.057
-0.058
-0.056
-0.055
-0.049
-0.041
-0.031
-0.02
-0.009
-0
0.006
0.01
0.012
0.015
0.004
-0.008
-0.018
-0.029
-0.041
-0.04
-0.042
-0.044
-0.047
-0.048
-0.047
-0.045
-0.045
-0.043
-0.044
-0.048
-0.052
-0.045
0.04
0.115
0.203
0.306
0.405
0.409
0.334
0.237
0.125
0.01
-0.09
-0.091
-0.081
-0.068
-0.058
-0.051
-0.048
-0.047
-0.048
-0.048
-0.047
-0.045
-0.043
-0.038
-0.026
-0.012
0.003
0.021
0.039
0.049
0.062
0.074
0.085
0.095
0.103
0.104
0.102
0.1
0.099
0.097
0.093
0.087
0.07
0.053
0.037
0.021
0.005
-0.004
-0.02
-0.034
-0.044
-0.052
-0.058
-0.057
-0.057
-0.056
-0.055
-0.053
-0.051
-0.051
-0.051
-0.052
-0.051
-0.05
-0.048
-0.047
-0.048
-0.049
-0.049
-0.047
-0.045
-0.044
-0.044
-0.044
-0.044
-0.043
-0.042
-0.042
-0.043
-0.045
-0.045
-0.043
-0.042
-0.041
-0.033
-0.024
-0.013
0
0.014
0.019
0.021
0.02
0.017
0.014
0.008
0.001
-0.011
-0.022
-0.032
-0.037
-0.04
-0.04
-0.041
-0.042
-0.042
-0.041
-0.039
-0.039
-0.044
-0.044
-0.031
-0.007
0.03
0.084
0.166
0.247
0.304
0.337
0.344
0.299
