0.115
0.125
0.11
0.068
0.02
-0.016
-0.037
-0.043
-0.034
-0.034
-0.034
-0.036
-0.036
-0.034
-0.032
-0.031
-0.027
-0.022
-0.013
-0.003
0.01
0.02
0.036
0.051
0.069
0.086
0.102
0.109
0.112
0.113
0.114
0.115
0.115
0.113
0.104
0.093
0.082
0.07
0.057
0.047
0.03
0.011
-0.006
-0.021
-0.033
-0.037
-0.042
-0.045
-0.045
-0.043
-0.042
-0.041
-0.04
-0.042
-0.042
-0.04
-0.038
-0.037
-0.038
-0.039
-0.04
-0.04
-0.038
-0.037
-0.036
-0.035
-0.036
-0.038
-0.038
-0.039
-0.04
-0.039
-0.037
-0.037
-0.031
-0.03
-0.026
-0.019
-0.009
-0.006
0.005
0.014
0.022
0.029
0.035
0.033
0.021
0.006
-0.008
-0.019
-0.029
-0.032
-0.033
-0.036
-0.039
-0.042
-0.042
-0.041
-0.044
-0.045
0.036
0.102
0.183
0.279
0.382
0.394
0.334
0.27
0.183
0.075
-0.037
-0.057
-0.077
-0.086
-0.082
-0.068
-0.056
-0.057
-0.057
-0.058
-0.059
-0.058
-0.055
-0.054
-0.045
-0.035
-0.024
-0.011
0.005
0.013
0.029
0.043
0.057
0.072
0.086
0.088
0.091
0.091
0.09
0.09
0.09
0.087
0.076
0.062
0.046
0.031
0.016
0.006
-0.01
-0.027
-0.042
-0.055
-0.064
-0.066
-0.065
-0.065
-0.066
-0.065
-0.062
-0.062
-0.06
-0.06
-0.061
-0.061
-0.06
-0.059
-0.058
-0.058
-0.059
-0.059
-0.057
-0.057
-0.055
-0.055
-0.055
-0.055
-0.053
-0.052
-0.051
-0.051
-0.051
-0.052
-0.05
-0.049
-0.043
-0.037
-0.03
-0.021
-0.009
-0.001
0.009
0.015
0.019
0.02
0.02
0.015
0.002
-0.012
-0.026
-0.038
-0.046
-0.047
-0.047
-0.047
-0.048
-0.048
-0.047
-0.045
-0.042
-0.043
0.034
0.121
0.221
0.322
0.413
0.406
0.325
0.216
0.098
-0.003
-0.086
-0.1
-0.094
-0.081
-0.071
-0.063
-0.058
-0.058
-0.056
-0.056
-0.055
-0.055
-0.051
-0.048
-0.035
-0.022
-0.009
0.007
0.024
0.033
0.05
0.063
0.075
0.085
0.095
0.096
0.097
0.096
0.094
0.091
0.089
0.085
0.072
0.056
0.038
0.021
0.005
-0.004
-0.017
-0.03
-0.041
-0.05
-0.057
-0.057
-0.054
-0.054
-0.054
-0.053
-0.051
-0.051
-0.05
-0.049
-0.049
-0.05
-0.05
-0.048
-0.046
-0.045
-0.045
-0.045
-0.045
-0.044
-0.043
-0.042
-0.041
-0.041
-0.042
-0.042
-0.042
-0.04
-0.029
-0.021
-0.01
0.002
0.016
0.02
0.023
0.024
0.022
0.017
0.012
0.007
-0.005
-0.015
-0.026
-0.034
-0.039
-0.037
-0.037
-0.036
-0.037
-0.037
-0.035
-0.033
-0.026
-0.028
-0.023
-0.005
0.027
0.063
0.154
0.246
0.314
0.357
0.377
0.336
0.225
0.123
0.035
-0.034
-0.085
-0.076
-0.064
-0.055
-0.052
-0.05
-0.048
-0.047
-0.046
-0.044
-0.044
-0.042
-0.038
-0.031
-0.002
0.03
0.059
0.085
0.108
0.107
0.103
0.097
0.09
0.083
0.072
0.063
0.042
0.024
0.007
-0.008
-0.025
-0.033
-0.042
-0.05
-0.054
-0.055
-0.055
-0.055
-0.055
-0.055
-0.054
-0.052
-0.051
-0.051
-0.053
-0.054
-0.054
-0.052
-0.051
-0.05
-0.052
-0.054
-0.054
-0.053
-0.052
-0.051
-0.051
-0.051
-0.05
-0.049
-0.049
-0.048
-0.049
-0.05
-0.049
-0.045
-0.04
-0.034
-0.023
-0.01
0.002
0.013
0.021
0.022
0.015
0.006
-0.005
-0.014
-0.025
-0.032
-0.039
-0.044
-0.047
-0.047
-0.046
-0.046
-0.046
-0.047
-0.048
-0.047
-0.045
-0.046
0.009
0.049
0.103
0.167
0.244
0.274
0.293
0.288
0.259
0.208
0.13
0.064
0.009
-0.031
-0.058
-0.069
-0.067
-0.064
-0.063
-0.063
-0.063
-0.061
-0.06
-0.06
-0.051
-0.046
-0.039
-0.03
-0.018
-0.015
0.006
0.021
0.036
0.053
0.069
0.069
0.076
0.08
0.083
0.087
0.089
0.085
0.075
0.065
0.054
0.043
0.03
0.022
0.005
-0.014
-0.031
-0.046
-0.059
-0.065
-0.068
-0.07
-0.07
-0.068
-0.067
-0.066
-0.066
-0.067
-0.067
-0.067
-0.065
-0.064
-0.062
-0.063
-0.062
-0.062
-0.06
-0.059
-0.056
-0.056
-0.056
-0.056
-0.056
-0.055
