0.173
0.168
0.163
0.16
0.155
0.148
0.14
0.13
0.117
0.101
0.081
0.058
0.038
0.018
-0.002
-0.02
-0.037
-0.054
-0.07
-0.087
-0.104
-0.119
-0.13
-0.137
-0.139
-0.138
-0.137
-0.135
-0.133
-0.132
-0.131
-0.129
-0.127
-0.126
-0.125
-0.124
-0.122
-0.122
-0.121
-0.119
-0.118
-0.117
-0.117
-0.116
-0.116
-0.115
-0.114
-0.112
-0.118
-0.117
-0.116
-0.115
-0.113
-0.104
-0.103
-0.101
-0.101
-0.101
-0.1
-0.099
-0.098
-0.097
-0.103
-0.102
-0.101
-0.099
-0.097
-0.09
-0.089
-0.088
-0.089
-0.089
-0.088
-0.087
-0.086
-0.086
-0.084
-0.083
-0.079
-0.071
-0.046
-0.031
-0.014
0.003
0.019
0.019
0.032
0.042
0.049
0.052
0.053
0.05
0.032
0.024
0.013
0.001
-0.013
-0.017
-0.033
-0.048
-0.061
-0.071
-0.078
-0.08
-0.081
-0.082
-0.082
-0.081
-0.081
-0.079
-0.078
-0.077
-0.077
-0.077
-0.076
-0.075
-0.074
-0.073
-0.072
-0.072
-0.075
-0.085
-0.088
-0.07
-0.029
0.041
0.144
0.258
0.367
0.475
0.587
0.699
0.78
0.811
0.793
0.724
0.605
0.47
0.34
0.211
0.078
-0.05
-0.142
-0.197
-0.218
-0.207
-0.179
-0.156
-0.142
-0.135
-0.134
-0.131
-0.129
-0.129
-0.128
-0.126
-0.124
-0.123
-0.121
-0.12
-0.119
-0.117
-0.117
-0.115
-0.11
-0.1
-0.087
-0.069
-0.05
-0.033
-0.015
0.003
0.019
0.037
0.056
0.075
0.096
0.116
0.132
0.145
0.156
0.164
0.17
0.174
0.177
0.18
0.178
0.176
0.173
0.169
0.164
0.161
0.155
0.148
0.14
0.13
0.116
0.1
0.081
0.061
0.041
0.02
-0
-0.018
-0.033
-0.051
-0.069
-0.087
-0.104
-0.118
-0.128
-0.135
-0.137
-0.135
-0.133
-0.131
-0.129
-0.128
-0.127
-0.126
-0.124
-0.123
-0.123
-0.122
-0.12
-0.12
-0.119
-0.117
-0.116
-0.115
-0.113
-0.112
-0.111
-0.11
-0.109
-0.108
-0.108
-0.107
-0.106
-0.105
-0.105
-0.104
-0.102
-0.101
-0.1
-0.099
-0.097
-0.097
-0.096
-0.095
