-0.034
-0.034
-0.035
-0.035
-0.033
-0.034
-0.036
-0.031
-0.015
0.015
0.058
0.114
0.209
0.279
0.324
0.345
0.342
0.275
0.173
0.084
0.011
-0.042
-0.079
-0.066
-0.057
-0.052
-0.053
-0.053
-0.052
-0.051
-0.05
-0.049
-0.048
-0.045
-0.038
-0.03
-0.013
0.002
0.017
0.032
0.05
0.06
0.073
0.082
0.088
0.094
0.099
0.099
0.095
0.09
0.083
0.076
0.069
0.064
0.043
0.025
0.005
-0.013
-0.029
-0.033
-0.041
-0.05
-0.058
-0.063
-0.064
-0.063
-0.062
-0.062
-0.063
-0.063
-0.062
-0.061
-0.06
-0.059
-0.06
-0.06
-0.058
-0.057
-0.057
-0.057
-0.058
-0.058
-0.057
-0.055
-0.055
-0.054
-0.056
-0.056
-0.055
-0.053
-0.052
-0.052
-0.054
-0.054
-0.052
-0.049
-0.036
-0.022
-0.011
0.001
0.013
0.014
0.013
0.007
-0.003
-0.015
-0.025
-0.033
-0.038
-0.043
-0.048
-0.051
-0.052
-0.052
-0.051
-0.05
-0.05
-0.051
-0.05
-0.05
-0.031
-0.001
0.038
0.089
0.153
0.21
0.259
0.281
0.277
0.249
0.198
0.131
0.062
0.009
-0.033
-0.062
-0.074
-0.07
-0.067
-0.065
-0.064
-0.065
-0.064
-0.062
-0.059
-0.054
-0.049
-0.043
-0.034
-0.025
-0.006
0.012
0.027
0.043
0.06
0.068
0.077
0.085
0.088
0.089
0.091
0.09
0.086
0.08
0.07
0.058
0.046
0.035
0.021
0.006
-0.01
-0.028
-0.044
-0.052
-0.057
-0.06
-0.063
-0.065
-0.064
-0.064
-0.062
-0.061
-0.062
-0.064
-0.063
-0.062
-0.06
-0.058
-0.058
-0.059
-0.059
-0.059
-0.057
-0.056
-0.053
-0.053
-0.054
-0.055
-0.052
-0.051
-0.049
-0.046
-0.045
-0.043
-0.039
-0.032
-0.017
-0.003
0.008
0.016
0.023
0.023
0.017
0.009
-0.002
-0.016
-0.029
-0.035
-0.038
-0.039
-0.038
-0.038
-0.04
-0.041
-0.041
-0.044
-0.004
0.049
0.109
0.183
0.272
0.328
0.301
0.251
0.177
0.078
-0.035
-0.069
-0.08
-0.08
-0.071
-0.06
-0.05
-0.05
-0.048
-0.046
-0.045
-0.046
-0.047
-0.046
-0.039
-0.029
-0.002
0.025
0.054
0.078
0.101
0.103
0.105
0.106
0.104
0.102
0.103
0.103
0.089
0.081
0.069
0.053
0.037
0.032
0.01
-0.006
-0.021
-0.037
-0.05
-0.048
-0.049
-0.048
-0.047
-0.046
-0.047
-0.05
-0.049
-0.046
-0.048
-0.046
-0.045
-0.046
-0.047
-0.045
-0.047
-0.045
-0.045
-0.047
-0.048
-0.046
-0.045
-0.042
-0.04
-0.039
-0.039
-0.037
-0.034
-0.03
-0.025
-0.021
-0.015
-0.008
0.002
0.013
0.022
0.027
0.029
0.027
0.012
0
-0.012
-0.026
-0.038
-0.037
-0.039
-0.039
-0.039
-0.04
-0.042
-0.04
-0.041
-0.045
-0.048
-0.043
-0.027
0
0.088
0.186
0.282
0.359
0.412
0.391
0.295
0.178
0.067
-0.024
-0.096
-0.098
-0.086
-0.073
-0.065
-0.059
-0.055
-0.054
-0.053
-0.054
-0.057
-0.058
-0.055
-0.051
-0.038
-0.025
-0.011
0.004
0.023
0.033
0.049
0.062
0.073
0.082
0.091
0.092
0.092
0.088
0.082
0.078
0.074
0.07
0.057
0.041
0.022
0.005
-0.011
-0.019
-0.032
-0.044
-0.056
-0.066
-0.072
-0.072
-0.069
-0.068
-0.069
-0.069
-0.068
-0.067
-0.066
-0.065
-0.066
-0.065
-0.064
-0.063
-0.061
-0.059
-0.06
-0.059
-0.056
-0.056
-0.057
-0.058
-0.061
-0.062
-0.062
-0.06
-0.058
-0.057
-0.058
-0.058
-0.057
-0.058
-0.047
-0.037
-0.027
-0.014
0.001
0.005
0.005
0.005
0
-0.006
-0.013
-0.016
-0.025
-0.034
-0.044
-0.051
-0.054
-0.054
-0.054
-0.053
-0.053
-0.053
-0.052
-0.05
-0.035
-0.031
-0.017
0.01
0.049
0.086
0.163
0.239
0.29
0.316
0.319
0.279
0.173
0.082
0.006
-0.053
-0.095
-0.082
-0.072
-0.065
-0.064
-0.065
-0.063
-0.062
-0.06
-0.057
-0.057
-0.054
-0.038
-0.021
-0.003
0.02
0.042
0.052
0.066
0.076
0.082
0.088
0.093
0.093
0.093
0.092
0.086
0.079
0.072
0.063
0.048
0.031
0.012
-0.006
-0.023
-0.031
-0.039
-0.047
-0.055
-0.061
-0.064
-0.064
-0.06
-0.058
