-0.09
-0.09
-0.089
-0.089
-0.088
-0.086
-0.084
-0.083
-0.082
-0.081
-0.079
-0.072
-0.061
-0.048
-0.032
-0.014
0.004
0.019
0.031
0.041
0.049
0.053
0.054
0.053
0.05
0.043
0.033
0.02
-0.004
-0.02
-0.037
-0.053
-0.066
-0.065
-0.072
-0.076
-0.078
-0.078
-0.078
-0.078
-0.078
-0.078
-0.078
-0.077
-0.077
-0.075
-0.075
-0.075
-0.075
-0.075
-0.075
-0.076
-0.078
-0.085
-0.092
-0.08
-0.044
0.016
0.102
0.212
0.33
0.449
0.56
0.665
0.755
0.803
0.801
0.749
0.652
0.523
0.382
0.241
0.109
-0.015
-0.113
-0.181
-0.215
-0.214
-0.189
-0.165
-0.146
-0.137
-0.134
-0.133
-0.131
-0.13
-0.128
-0.127
-0.133
-0.132
-0.132
-0.131
-0.129
-0.122
-0.12
-0.118
-0.114
-0.106
-0.094
-0.079
-0.06
-0.041
-0.022
-0.005
0.011
0.029
0.05
0.07
0.088
0.108
0.126
0.14
0.15
0.158
0.163
0.166
0.168
0.17
0.172
0.172
0.171
0.169
0.166
0.161
0.155
0.148
0.139
0.128
0.115
0.1
0.081
0.059
0.039
0.02
0.002
-0.017
-0.035
-0.052
-0.069
-0.086
-0.104
-0.12
-0.132
-0.141
-0.144
-0.144
-0.144
-0.142
-0.14
-0.138
-0.136
-0.134
-0.131
-0.13
-0.128
-0.127
-0.125
-0.124
-0.124
-0.123
-0.121
-0.121
-0.12
-0.118
-0.117
-0.116
-0.114
-0.113
-0.113
-0.112
-0.111
-0.11
-0.11
-0.109
-0.108
-0.106
-0.105
-0.103
-0.102
-0.1
-0.099
-0.098
-0.102
-0.102
-0.101
-0.1
-0.099
-0.092
-0.091
-0.09
-0.088
-0.087
-0.086
-0.086
-0.085
-0.086
-0.084
-0.083
-0.079
-0.071
-0.059
-0.045
-0.028
-0.012
0.004
0.018
0.03
0.04
0.047
0.05
0.052
0.051
0.049
0.044
0.035
0.022
0.008
-0.009
-0.025
-0.04
-0.052
-0.063
-0.071
-0.075
-0.078
-0.079
-0.08
-0.079
-0.079
-0.078
-0.076
-0.075
-0.075
-0.074
-0.074
-0.073
-0.072
-0.071
-0.069
-0.068
-0.069
-0.077
-0.083
-0.072
-0.038
0.023
0.117
0.231
0.342
0.452
