-0.122
-0.12
-0.119
-0.118
-0.116
-0.115
-0.113
-0.113
-0.112
-0.111
-0.11
-0.109
-0.108
-0.107
-0.106
-0.105
-0.104
-0.103
-0.101
-0.099
-0.098
-0.097
-0.098
-0.097
-0.097
-0.095
-0.094
-0.091
-0.09
-0.089
-0.089
-0.089
-0.089
-0.088
-0.088
-0.087
-0.086
-0.085
-0.082
-0.075
-0.065
-0.052
-0.037
-0.019
-0.001
0.015
0.028
0.039
0.047
0.052
0.054
0.055
0.047
0.041
0.031
0.02
0.007
-0.001
-0.018
-0.034
-0.048
-0.06
-0.068
-0.072
-0.074
-0.076
-0.076
-0.075
-0.075
-0.075
-0.073
-0.071
-0.071
-0.07
-0.069
-0.069
-0.069
-0.069
-0.068
-0.068
-0.068
-0.074
-0.083
-0.078
-0.05
0.003
0.082
0.185
0.298
0.417
0.533
0.642
0.739
0.8
0.813
0.775
0.692
0.572
0.439
0.3
0.162
0.033
-0.075
-0.151
-0.195
-0.205
-0.184
-0.158
-0.138
-0.126
-0.121
-0.12
-0.118
-0.118
-0.118
-0.118
-0.117
-0.116
-0.115
-0.113
-0.111
-0.109
-0.108
-0.106
-0.101
-0.094
-0.083
-0.068
-0.051
-0.033
-0.014
0.003
0.019
0.036
0.056
0.076
0.095
0.115
0.134
0.149
0.161
0.171
0.177
0.181
0.184
0.187
0.19
0.191
0.189
0.187
0.183
0.177
0.171
0.165
0.158
0.147
0.136
0.122
0.105
0.083
0.06
0.04
0.021
0.002
-0.015
-0.033
-0.05
-0.066
-0.083
-0.1
-0.113
-0.122
-0.127
-0.128
-0.127
-0.126
-0.124
-0.123
-0.122
-0.12
-0.118
-0.117
-0.116
-0.114
-0.112
-0.11
-0.109
-0.109
-0.108
-0.108
-0.107
-0.105
-0.104
-0.104
-0.103
-0.101
-0.101
-0.1
-0.097
-0.096
-0.095
-0.094
-0.094
-0.093
-0.093
-0.093
-0.091
-0.09
-0.089
-0.087
-0.084
-0.082
-0.082
-0.08
-0.079
-0.079
-0.078
-0.078
-0.078
-0.077
-0.078
-0.078
-0.078
-0.078
-0.077
-0.076
-0.073
-0.067
-0.056
-0.042
-0.026
-0.008
0.009
0.024
0.037
0.05
0.059
0.063
0.066
0.065
0.056
0.05
0.042
0.03
0.016
0.007
-0.01
-0.026
-0.04
-0.052
