0.146
0.136
0.125
0.111
0.092
0.069
0.048
0.028
0.008
-0.011
-0.028
-0.044
-0.06
-0.077
-0.096
-0.112
-0.125
-0.133
-0.136
-0.135
-0.134
-0.133
-0.132
-0.131
-0.13
-0.128
-0.131
-0.13
-0.128
-0.127
-0.126
-0.119
-0.118
-0.116
-0.115
-0.113
-0.111
-0.11
-0.108
-0.107
-0.106
-0.105
-0.104
-0.104
-0.104
-0.102
-0.101
-0.1
-0.098
-0.096
-0.095
-0.094
-0.092
-0.091
-0.09
-0.09
-0.094
-0.094
-0.093
-0.091
-0.09
-0.085
-0.084
-0.083
-0.083
-0.082
-0.081
-0.081
-0.081
-0.08
-0.079
-0.078
-0.074
-0.067
-0.042
-0.028
-0.012
0.005
0.022
0.022
0.036
0.047
0.056
0.061
0.062
0.062
0.06
0.055
0.045
0.033
0.02
0.004
-0.014
-0.029
-0.043
-0.055
-0.064
-0.068
-0.07
-0.071
-0.072
-0.073
-0.072
-0.072
-0.071
-0.069
-0.068
-0.066
-0.065
-0.064
-0.064
-0.063
-0.062
-0.061
-0.062
-0.07
-0.078
-0.068
-0.037
0.022
0.155
0.268
0.379
0.489
0.6
0.673
0.769
0.817
0.816
0.765
0.661
0.526
0.394
0.263
0.13
-0.004
-0.109
-0.174
-0.205
-0.203
-0.176
-0.15
-0.132
-0.123
-0.12
-0.118
-0.116
-0.115
-0.114
-0.113
-0.109
-0.108
-0.107
-0.106
-0.104
-0.107
-0.105
-0.103
-0.098
-0.09
-0.077
-0.061
-0.043
-0.027
-0.009
0.009
0.026
0.043
0.062
0.082
0.101
0.121
0.139
0.152
0.162
0.171
0.178
0.182
0.185
0.187
0.19
0.189
0.187
0.184
0.181
0.175
0.169
0.163
0.156
0.145
0.13
0.113
0.095
0.074
0.054
0.032
0.012
-0.006
-0.022
-0.039
-0.056
-0.074
-0.091
-0.107
-0.118
-0.125
-0.129
-0.128
-0.127
-0.126
-0.125
-0.124
-0.124
-0.123
-0.114
-0.114
-0.113
-0.112
-0.111
-0.119
-0.118
-0.117
-0.115
-0.114
-0.112
-0.111
-0.11
-0.11
-0.109
-0.107
-0.106
-0.105
-0.104
-0.103
-0.103
-0.103
-0.102
-0.101
-0.101
-0.1
-0.099
-0.098
-0.098
-0.097
-0.088
-0.088
-0.087
-0.086
-0.084
-0.091
