-0.014
-0.027
-0.038
-0.043
-0.045
-0.047
-0.049
-0.049
-0.047
-0.047
-0.046
-0.047
-0.048
-0.05
-0.05
-0.054
-0.011
0.041
0.105
0.181
0.275
0.33
0.327
0.297
0.241
0.16
0.058
-0.006
-0.043
-0.068
-0.081
-0.08
-0.065
-0.064
-0.064
-0.063
-0.063
-0.063
-0.062
-0.06
-0.049
-0.04
-0.032
-0.021
-0.007
-0
0.02
0.039
0.055
0.071
0.087
0.089
0.092
0.095
0.094
0.094
0.095
0.094
0.087
0.076
0.049
0.02
-0.012
-0.037
-0.056
-0.06
-0.061
-0.06
-0.059
-0.059
-0.057
-0.056
-0.053
-0.05
-0.05
-0.051
-0.049
-0.048
-0.046
-0.045
-0.046
-0.047
-0.047
-0.047
-0.045
-0.044
-0.045
-0.046
-0.045
-0.044
-0.042
-0.04
-0.041
-0.041
-0.04
-0.039
-0.035
-0.03
-0.026
-0.02
-0.011
-0.003
0.009
0.018
0.023
0.026
0.028
0.026
0.015
0.003
-0.008
-0.022
0.031
0.104
0.189
0.287
0.392
0.416
0.366
0.29
0.186
0.066
-0.038
-0.072
-0.083
-0.08
-0.068
-0.058
-0.05
-0.05
-0.049
-0.047
-0.047
-0.048
-0.048
-0.047
-0.036
-0.023
-0.011
0.003
0.02
0.028
0.044
0.062
0.079
0.091
0.102
0.102
0.104
0.102
0.098
0.095
0.095
0.092
0.082
0.069
0.054
0.036
0.017
0.007
-0.007
-0.021
-0.035
-0.048
-0.058
-0.059
-0.058
-0.056
-0.056
-0.057
-0.057
-0.056
-0.055
-0.053
-0.053
-0.054
-0.053
-0.053
-0.052
-0.051
-0.052
-0.054
-0.055
-0.054
-0.053
-0.051
-0.051
-0.052
-0.052
-0.053
-0.052
-0.05
-0.05
-0.052
-0.051
-0.05
-0.043
-0.033
-0.02
-0.008
0.004
0.01
0.017
0.018
0.016
0.012
0.008
0.002
-0.01
-0.02
-0.031
-0.041
-0.049
-0.049
-0.049
-0.048
-0.048
-0.049
-0.05
-0.049
-0.049
-0.052
-0.056
-0.052
-0.037
-0.008
0.095
0.198
0.293
0.366
0.414
0.377
0.264
0.149
0.044
-0.047
-0.12
-0.107
-0.097
-0.084
-0.075
-0.071
-0.07
-0.067
-0.068
-0.065
-0.065
-0.065
-0.064
-0.058
-0.044
-0.025
-0.003
0.018
0.039
0.049
0.06
0.067
0.074
0.081
0.088
0.089
0.087
0.085
0.079
0.072
0.065
0.064
0.044
0.031
0.015
-0.001
-0.021
-0.025
-0.04
-0.05
-0.058
-0.067
-0.074
-0.072
-0.072
-0.071
-0.07
-0.07
-0.07
-0.069
-0.07
-0.068
-0.068
-0.069
-0.07
-0.068
-0.069
-0.067
-0.065
-0.065
-0.066
-0.063
-0.063
-0.061
-0.059
-0.059
-0.06
-0.058
-0.059
-0.06
-0.058
-0.056
-0.053
-0.048
-0.035
-0.023
-0.012
-0
0.01
0.013
0.012
0.008
0
-0.009
-0.017
-0.025
-0.031
-0.037
-0.042
-0.045
-0.045
-0.044
-0.042
-0.041
-0.042
-0.043
-0.041
-0.04
-0.025
0.002
0.039
0.088
0.149
0.206
0.257
0.282
0.281
0.257
0.21
0.144
0.074
0.02
-0.022
-0.05
-0.063
-0.059
-0.056
-0.057
-0.058
-0.059
-0.057
-0.056
-0.05
-0.046
-0.041
-0.034
-0.025
-0.018
0
0.018
0.034
0.05
0.067
0.075
0.084
0.091
0.095
0.097
0.099
0.098
0.095
0.089
0.08
0.069
0.058
0.048
0.032
0.016
-0.003
-0.021
-0.036
-0.044
-0.05
-0.052
-0.054
-0.054
-0.053
-0.05
-0.05
-0.05
-0.051
-0.052
-0.052
-0.049
-0.048
-0.048
-0.048
-0.049
-0.049
-0.046
-0.045
-0.043
-0.044
-0.044
-0.042
-0.04
-0.04
-0.038
-0.039
-0.041
-0.041
-0.039
-0.039
-0.038
-0.038
-0.035
-0.031
-0.023
-0.009
0.005
0.014
0.022
0.029
0.029
0.022
0.014
0.002
-0.011
-0.023
-0.028
-0.03
-0.031
-0.032
-0.033
-0.033
-0.033
-0.033
-0.033
-0.033
-0.035
-0.035
-0.039
0.001
0.051
0.111
0.183
0.27
0.324
0.328
0.307
0.258
0.184
0.088
0.022
-0.019
-0.046
-0.062
-0.064
-0.053
-0.052
-0.051
-0.049
-0.05
-0.052
-0.052
-0.052
-0.046
-0.037
-0.029
-0.02
-0.008
0
0.018
0.036
0.051
0.065
0.08
0.085
0.091
0.095
0.096
0.095
0.094
0.092
0.085
0.077
0.064
0.049
0.035
0.024
0.008
-0.008
-0.025
-0.042
