-0.05
-0.049
-0.045
-0.04
-0.035
-0.029
-0.019
-0.011
0.001
0.01
0.016
0.02
0.023
0.02
0.011
-0.002
-0.016
-0.029
-0.039
-0.042
-0.042
-0.041
-0.041
-0.041
-0.042
-0.041
-0.039
-0.04
-0.044
-0.048
-0.05
-0.045
0.02
0.097
0.187
0.289
0.386
0.411
0.333
0.233
0.12
0.007
-0.091
-0.09
-0.076
-0.064
-0.058
-0.054
-0.051
-0.051
-0.05
-0.048
-0.048
-0.049
-0.048
-0.047
-0.036
-0.024
-0.011
0.002
0.018
0.027
0.046
0.062
0.076
0.088
0.1
0.102
0.105
0.105
0.102
0.098
0.096
0.093
0.077
0.065
0.05
0.033
0.015
0.012
-0.005
-0.019
-0.033
-0.046
-0.056
-0.053
-0.053
-0.051
-0.05
-0.051
-0.05
-0.048
-0.049
-0.048
-0.048
-0.049
-0.048
-0.045
-0.044
-0.042
-0.042
-0.043
-0.042
-0.039
-0.041
-0.039
-0.039
-0.04
-0.041
-0.038
-0.038
-0.037
-0.035
-0.034
-0.034
-0.034
-0.026
-0.019
-0.013
-0.003
0.012
0.019
0.024
0.031
0.033
0.031
0.027
0.024
0.01
-0.001
-0.011
-0.019
-0.027
-0.027
-0.028
-0.028
-0.03
-0.031
-0.029
-0.027
-0.027
-0.03
0.051
0.142
0.221
0.288
0.344
0.299
0.192
0.1
0.026
-0.029
-0.068
-0.055
-0.047
-0.043
-0.043
-0.042
-0.041
-0.041
-0.039
-0.04
-0.039
-0.035
-0.027
-0.02
-0.005
0.01
0.026
0.042
0.059
0.07
0.08
0.088
0.095
0.102
0.108
0.109
0.106
0.1
0.094
0.088
0.082
0.074
0.056
0.037
0.018
0.001
-0.015
-0.023
-0.032
-0.042
-0.049
-0.053
-0.053
-0.053
-0.052
-0.053
-0.055
-0.055
-0.053
-0.053
-0.052
-0.052
-0.053
-0.054
-0.053
-0.05
-0.047
-0.048
-0.047
-0.049
-0.05
-0.051
-0.049
-0.048
-0.047
-0.048
-0.048
-0.048
-0.045
-0.042
-0.027
-0.017
-0.005
0.007
0.019
0.019
0.017
0.01
0.001
-0.008
-0.017
-0.025
-0.032
-0.039
-0.046
-0.049
-0.048
-0.048
-0.047
-0.047
-0.047
-0.047
-0.045
-0.045
-0.006
0.021
0.058
0.109
0.172
0.204
0.231
0.257
0.257
0.234
0.188
0.147
0.079
0.021
-0.023
-0.052
-0.065
-0.065
-0.062
-0.063
-0.064
-0.063
-0.061
-0.06
-0.058
-0.055
-0.05
-0.043
-0.033
-0.023
-0.005
0.011
0.026
0.043
0.06
0.068
0.077
0.082
0.085
0.087
0.09
0.089
0.086
0.079
0.069
0.059
0.049
0.038
0.022
0.005
-0.013
-0.03
-0.044
-0.052
-0.057
-0.062
-0.066
-0.067
-0.065
-0.064
-0.06
-0.058
-0.059
-0.06
-0.058
-0.059
-0.057
-0.057
-0.058
-0.059
-0.057
-0.056
-0.054
-0.053
-0.054
-0.054
-0.053
-0.053
-0.051
-0.05
-0.051
-0.051
-0.049
-0.049
-0.047
-0.047
-0.047
-0.045
-0.039
-0.033
-0.017
-0.003
0.007
0.016
0.025
0.024
0.019
0.01
-0.003
-0.016
-0.027
-0.032
-0.035
-0.037
-0.038
-0.04
-0.039
-0.038
-0.038
-0.038
0
0.047
0.105
0.179
0.267
0.322
0.328
0.307
0.259
0.186
0.091
0.024
-0.017
-0.046
-0.064
-0.067
-0.056
-0.055
-0.052
-0.051
-0.05
-0.051
-0.051
-0.05
-0.043
-0.036
-0.028
-0.018
-0.004
0.005
0.025
0.045
0.065
0.081
0.095
0.098
0.101
0.1
0.099
0.1
0.101
0.098
0.092
0.083
0.071
0.057
0.043
0.033
0.017
0
-0.018
-0.035
-0.048
-0.053
-0.055
-0.054
-0.051
-0.05
-0.05
-0.049
-0.047
-0.048
-0.05
-0.051
-0.051
-0.052
-0.05
-0.047
-0.044
-0.042
-0.043
-0.043
-0.042
-0.043
-0.042
-0.041
-0.041
-0.043
-0.043
-0.043
-0.039
-0.035
-0.031
-0.025
-0.016
-0.009
0.001
0.011
0.018
0.021
0.024
0.024
0.01
-0.001
-0.014
-0.028
-0.04
-0.038
-0.042
-0.041
-0.043
-0.044
-0.043
-0.039
-0.04
-0.038
-0.038
-0.043
-0.049
-0.045
0.035
0.107
0.191
0.29
0.39
0.401
0.331
0.264
0.168
0.051
-0.061
-0.071
-0.09
-0.092
-0.082
-0.07
-0.06
-0.057
-0.058
-0.057
-0.057
-0.059
-0.06
-0.057
-0.045
-0.031
-0.013
0.005
0.025
0.034
0.049
0.06
0.068
0.075
