-0.045
-0.044
-0.044
-0.045
-0.045
-0.045
-0.046
-0.047
-0.048
-0.046
-0.044
-0.04
-0.026
-0.014
-0.002
0.011
0.023
0.022
0.017
0.011
0.002
-0.007
-0.016
-0.021
-0.029
-0.035
-0.042
-0.045
-0.046
-0.045
-0.045
-0.045
-0.046
-0.046
-0.044
-0.041
-0.005
0.02
0.055
0.102
0.161
0.194
0.223
0.253
0.257
0.237
0.195
0.156
0.085
0.028
-0.017
-0.049
-0.068
-0.068
-0.069
-0.068
-0.067
-0.065
-0.064
-0.063
-0.059
-0.053
-0.042
-0.031
-0.018
-0.008
0.007
0.023
0.04
0.056
0.071
0.076
0.079
0.081
0.084
0.085
0.085
0.083
0.074
0.063
0.053
0.041
0.026
0.016
-0.002
-0.019
-0.034
-0.047
-0.06
-0.064
-0.068
-0.07
-0.069
-0.068
-0.067
-0.066
-0.067
-0.069
-0.068
-0.067
-0.064
-0.062
-0.062
-0.063
-0.063
-0.063
-0.063
-0.062
-0.061
-0.061
-0.06
-0.058
-0.057
-0.057
-0.056
-0.057
-0.056
-0.054
-0.052
-0.051
-0.05
-0.048
-0.044
-0.038
-0.03
-0.022
-0.011
-0.003
0.006
0.013
0.018
0.016
0.004
-0.009
-0.022
-0.033
-0.043
-0.044
-0.046
-0.047
-0.047
-0.045
-0.043
-0.043
-0.043
-0.044
0.013
0.083
0.168
0.264
0.366
0.4
0.332
0.263
0.171
0.058
-0.052
-0.068
-0.086
-0.091
-0.083
-0.067
-0.055
-0.056
-0.054
-0.054
-0.054
-0.051
-0.049
-0.05
-0.041
-0.031
-0.02
-0.005
0.013
0.022
0.038
0.053
0.067
0.081
0.094
0.096
0.097
0.096
0.095
0.096
0.095
0.092
0.08
0.066
0.051
0.036
0.021
0.01
-0.006
-0.022
-0.036
-0.047
-0.055
-0.055
-0.055
-0.055
-0.055
-0.054
-0.052
-0.051
-0.051
-0.052
-0.052
-0.052
-0.05
-0.046
-0.043
-0.043
-0.043
-0.045
-0.046
-0.046
-0.043
-0.042
-0.041
-0.042
-0.042
-0.041
-0.039
-0.038
-0.032
-0.026
-0.019
-0.008
0.006
0.014
0.021
0.025
0.026
0.025
0.024
0.019
0.007
-0.006
-0.019
-0.029
-0.036
-0.037
-0.036
-0.038
-0.038
-0.037
-0.035
-0.035
