-0.003
-0.01
-0.021
-0.027
-0.036
-0.042
-0.045
-0.048
-0.049
-0.05
-0.051
-0.052
-0.051
-0.051
-0.052
-0.051
-0.016
0.008
0.045
0.091
0.147
0.181
0.213
0.248
0.258
0.243
0.201
0.161
0.088
0.028
-0.016
-0.048
-0.067
-0.066
-0.064
-0.063
-0.061
-0.06
-0.062
-0.062
-0.057
-0.053
-0.047
-0.039
-0.032
-0.028
-0.007
0.01
0.028
0.046
0.062
0.065
0.074
0.081
0.087
0.092
0.092
0.09
0.082
0.077
0.071
0.063
0.051
0.044
0.023
0.006
-0.009
-0.024
-0.042
-0.048
-0.055
-0.06
-0.061
-0.061
-0.06
-0.061
-0.06
-0.061
-0.061
-0.06
-0.058
-0.058
-0.056
-0.054
-0.053
-0.054
-0.053
-0.053
-0.05
-0.049
-0.049
-0.05
-0.05
-0.05
-0.049
-0.047
-0.043
-0.042
-0.04
-0.035
-0.027
-0.02
-0.006
0.006
0.015
0.021
0.025
0.024
0.014
0.002
-0.01
-0.024
-0.036
-0.039
-0.04
-0.04
-0.042
-0.045
-0.046
-0.045
-0.043
-0.039
-0.038
-0.04
-0.044
-0.044
0.013
0.082
0.163
0.258
0.36
0.398
0.362
0.301
0.213
0.099
-0.016
-0.06
-0.079
-0.085
-0.078
-0.065
-0.054
-0.053
-0.051
-0.05
-0.049
-0.05
-0.05
-0.049
-0.039
-0.027
-0.016
-0.004
0.012
0.021
0.038
0.055
0.069
0.08
0.091
0.094
0.098
0.1
0.1
0.098
0.096
0.092
0.081
0.069
0.054
0.036
0.019
0.01
-0.009
-0.023
-0.037
-0.051
-0.063
-0.061
-0.061
-0.058
-0.058
-0.058
-0.058
-0.055
-0.056
-0.053
-0.053
-0.053
-0.054
-0.052
-0.051
-0.05
-0.05
-0.051
-0.051
-0.05
-0.049
-0.047
-0.046
-0.047
-0.048
-0.047
-0.046
-0.044
-0.043
-0.045
-0.046
-0.046
-0.04
-0.033
-0.024
-0.015
-0.001
0.007
0.013
0.016
0.019
0.013
0
-0.011
-0.022
-0.035
-0.045
-0.045
-0.046
-0.046
-0.047
-0.049
-0.05
-0.049
-0.047
-0.046
-0.049
-0.051
-0.042
-0.022
0.06
0.157
0.259
0.346
0.41
0.4
0.315
0.207
0.094
-0.007
-0.091
-0.102
