-0.035
-0.015
0.019
0.068
0.17
0.257
0.321
0.362
0.377
0.319
0.206
0.104
0.019
-0.046
-0.093
-0.08
-0.069
-0.063
-0.061
-0.06
-0.057
-0.057
-0.055
-0.056
-0.056
-0.053
-0.047
-0.041
-0.026
-0.01
0.005
0.022
0.04
0.049
0.063
0.071
0.077
0.084
0.091
0.09
0.089
0.085
0.078
0.072
0.051
0.031
0.013
-0.006
-0.028
-0.033
-0.043
-0.053
-0.062
-0.067
-0.07
-0.069
-0.069
-0.069
-0.069
-0.068
-0.066
-0.065
-0.064
-0.063
-0.064
-0.064
-0.063
-0.062
-0.06
-0.059
-0.059
-0.058
-0.057
-0.056
-0.056
-0.057
-0.056
-0.055
-0.054
-0.052
-0.051
-0.053
-0.052
-0.052
-0.051
-0.047
-0.033
-0.024
-0.011
0.002
0.014
0.014
0.01
0.005
-0.003
-0.012
-0.021
-0.025
-0.033
-0.04
-0.047
-0.051
-0.052
-0.051
-0.049
-0.05
-0.019
0.024
0.08
0.146
0.224
0.28
0.294
0.285
0.254
0.197
0.113
0.046
-0.006
-0.043
-0.065
-0.073
-0.067
-0.065
-0.065
-0.065
-0.064
-0.062
-0.062
-0.061
-0.058
-0.051
-0.041
-0.03
-0.018
-0.008
0.013
0.03
0.047
0.064
0.08
0.08
0.085
0.088
0.092
0.094
0.095
0.092
0.083
0.073
0.065
0.054
0.041
0.032
0.013
-0.006
-0.022
-0.036
-0.05
-0.053
-0.058
-0.06
-0.061
-0.059
-0.059
-0.058
-0.059
-0.059
-0.058
-0.056
-0.055
-0.054
-0.054
-0.055
-0.055
-0.053
-0.052
-0.051
-0.051
-0.051
-0.05
-0.048
-0.048
-0.048
-0.048
-0.05
-0.049
-0.047
-0.046
-0.045
-0.038
-0.036
-0.031
-0.023
-0.015
-0.013
-0.002
0.007
0.016
0.025
0.031
0.029
0.017
0.003
-0.01
-0.021
-0.032
-0.035
-0.037
-0.038
-0.038
-0.036
-0.034
-0.033
-0.032
-0.032
-0.031
-0.031
-0.034
-0.039
0.014
0.079
0.158
0.253
0.356
0.4
0.367
0.309
0.227
0.122
0.007
-0.042
-0.067
-0.079
-0.076
-0.062
-0.049
-0.048
-0.049
-0.05
-0.049
-0.048
-0.047
-0.047
-0.039
-0.029
-0.018
-0.005
0.012
0.021
