-0.056
-0.056
-0.057
-0.054
-0.048
-0.041
-0.025
-0.012
-0.002
0.007
0.016
0.015
0.007
-0.003
-0.014
-0.026
-0.037
-0.039
-0.042
-0.046
-0.048
-0.049
-0.048
-0.048
-0.046
-0.046
-0.046
-0.043
0.014
0.058
0.141
0.211
0.291
0.323
0.31
0.271
0.231
0.168
0.082
0.042
-0.004
-0.039
-0.06
-0.067
-0.059
-0.058
-0.058
-0.056
-0.044
-0.033
-0.019
-0.003
0.011
0.014
0.028
0.043
0.058
0.073
0.086
0.088
0.089
0.09
0.091
0.091
0.088
0.085
0.073
0.06
0.048
0.034
0.017
0.008
-0.01
-0.026
-0.039
-0.051
-0.062
-0.063
-0.064
-0.065
-0.063
-0.061
-0.061
-0.06
-0.06
-0.06
-0.058
-0.054
-0.053
-0.052
-0.053
-0.053
-0.053
-0.051
-0.051
-0.05
-0.052
-0.053
-0.052
-0.05
-0.049
-0.048
-0.048
-0.048
-0.046
-0.045
-0.044
-0.042
-0.039
-0.035
-0.027
-0.017
-0.007
0.002
0.01
0.016
0.021
0.024
0.023
0.018
0.004
-0.009
-0.02
-0.029
-0.038
-0.038
-0.04
-0.042
-0.041
-0.039
-0.038
-0.037
-0.039
-0.042
-0.046
-0.047
-0.039
-0.019
0.085
0.179
0.283
0.377
0.444
0.412
0.327
0.217
0.101
0.001
-0.083
-0.096
-0.092
-0.08
-0.069
-0.06
-0.056
-0.057
-0.056
-0.057
-0.056
-0.055
-0.053
-0.052
-0.042
-0.029
-0.014
0.003
0.019
0.028
0.042
0.056
0.069
0.082
0.092
0.093
0.091
0.089
0.087
0.085
0.081
0.076
0.061
0.045
0.03
0.014
-0.001
-0.01
-0.026
-0.042
-0.053
-0.063
-0.07
-0.07
-0.07
-0.071
-0.07
-0.069
-0.067
-0.065
-0.065
-0.066
-0.068
-0.068
-0.065
-0.062
-0.061
-0.06
-0.061
-0.062
-0.062
-0.061
-0.059
-0.059
-0.059
-0.059
-0.059
-0.058
-0.056
-0.056
-0.05
-0.043
-0.032
-0.019
-0.004
0.003
0.007
0.007
0.006
0.002
-0.003
-0.01
-0.022
-0.034
-0.043
-0.05
-0.054
-0.054
-0.054
-0.055
-0.055
-0.054
-0.052
-0.051
-0.054
-0.058
-0.051
-0.032
-0.001
0.044
0.145
0.239
