-0.126
-0.125
-0.123
-0.122
-0.121
-0.12
-0.118
-0.117
-0.116
-0.114
-0.113
-0.112
-0.111
-0.111
-0.11
-0.11
-0.109
-0.109
-0.107
-0.106
-0.105
-0.103
-0.101
-0.101
-0.1
-0.1
-0.092
-0.091
-0.09
-0.088
-0.087
-0.093
-0.092
-0.09
-0.09
-0.089
-0.088
-0.088
-0.089
-0.089
-0.088
-0.087
-0.083
-0.074
-0.062
-0.048
-0.031
-0.012
0.006
0.02
0.033
0.043
0.051
0.055
0.056
0.055
0.052
0.045
0.035
0.024
0.011
-0.004
-0.022
-0.039
-0.053
-0.064
-0.071
-0.075
-0.076
-0.077
-0.077
-0.077
-0.077
-0.076
-0.075
-0.074
-0.074
-0.072
-0.07
-0.069
-0.068
-0.068
-0.067
-0.067
-0.069
-0.077
-0.033
-0.018
0.02
0.082
0.216
0.274
0.391
0.51
0.621
0.678
0.764
0.807
0.799
0.744
0.644
0.515
0.377
0.237
0.104
-0.018
-0.114
-0.18
-0.211
-0.207
-0.181
-0.158
-0.14
-0.13
-0.128
-0.126
-0.124
-0.122
-0.121
-0.12
-0.125
-0.123
-0.123
-0.122
-0.121
-0.112
-0.111
-0.108
-0.103
-0.094
-0.082
-0.066
-0.047
-0.028
-0.009
0.008
0.024
0.042
0.061
0.079
0.098
0.117
0.135
0.151
0.163
0.171
0.176
0.179
0.181
0.182
0.184
0.183
0.181
0.179
0.175
0.169
0.163
0.157
0.15
0.139
0.126
0.112
0.093
0.071
0.051
0.032
0.012
-0.008
-0.025
-0.043
-0.06
-0.077
-0.094
-0.11
-0.122
-0.129
-0.132
-0.132
-0.13
-0.129
-0.135
-0.134
-0.133
-0.131
-0.129
-0.119
-0.118
-0.116
-0.115
-0.113
-0.111
-0.11
-0.108
-0.107
-0.105
-0.104
-0.104
-0.102
-0.101
-0.101
-0.1
-0.098
-0.09
-0.089
-0.089
-0.087
-0.086
-0.092
-0.091
-0.089
-0.088
-0.088
-0.088
-0.087
-0.086
-0.085
-0.083
-0.082
-0.08
-0.079
-0.078
-0.077
-0.076
-0.075
-0.074
-0.073
-0.072
-0.072
-0.072
-0.071
-0.069
-0.062
-0.051
-0.037
-0.021
-0.005
0.012
0.027
0.041
0.052
0.061
0.065
0.066
0.064
0.061
0.054
0.044
0.032
0.018
0.003
