0.059
0.151
0.255
0.35
0.423
0.419
0.338
0.23
0.11
0.007
-0.077
-0.091
-0.088
-0.076
-0.064
-0.056
-0.05
-0.049
-0.047
-0.047
-0.046
-0.045
-0.042
-0.04
-0.024
-0.013
-0.001
0.016
0.034
0.039
0.058
0.071
0.083
0.095
0.105
0.104
0.105
0.102
0.099
0.097
0.083
0.067
0.052
0.034
0.014
0.005
-0.008
-0.022
-0.034
-0.043
-0.049
-0.049
-0.048
-0.048
-0.049
-0.048
-0.047
-0.047
-0.046
-0.046
-0.047
-0.047
-0.045
-0.045
-0.044
-0.045
-0.046
-0.046
-0.043
-0.042
-0.04
-0.041
-0.043
-0.043
-0.041
-0.041
-0.038
-0.037
-0.038
-0.038
-0.036
-0.037
-0.03
-0.023
-0.014
-0.004
0.011
0.018
0.024
0.027
0.026
0.024
0.021
0.014
0.003
-0.01
-0.022
-0.032
-0.037
-0.038
-0.038
-0.039
-0.04
-0.04
-0.039
-0.039
-0.04
-0.044
-0.044
-0.032
-0.006
0.032
0.13
0.229
0.309
0.366
0.4
0.359
0.246
0.134
0.036
-0.042
-0.101
-0.091
-0.076
-0.066
-0.061
-0.059
-0.058
-0.057
-0.054
-0.054
-0.055
-0.055
-0.05
-0.046
-0.031
-0.017
-0.002
0.014
0.032
0.041
0.055
0.066
0.075
0.082
0.091
0.091
0.091
0.089
0.085
0.08
0.076
0.069
0.055
0.038
0.018
-0.001
-0.017
-0.025
-0.036
-0.046
-0.056
-0.064
-0.068
-0.067
-0.065
-0.064
-0.064
-0.064
-0.063
-0.063
-0.061
-0.06
-0.062
-0.064
-0.063
-0.063
-0.062
-0.062
-0.062
-0.063
-0.062
-0.061
-0.06
-0.059
-0.06
-0.061
-0.06
-0.06
-0.058
-0.057
-0.058
-0.058
-0.056
-0.055
-0.044
-0.032
-0.02
-0.007
0.006
0.011
0.013
0.011
0.005
-0.003
-0.011
-0.02
-0.029
-0.037
-0.045
-0.051
-0.053
-0.053
-0.051
-0.05
-0.05
-0.05
-0.048
-0.048
-0.024
-0.012
0.011
0.046
0.094
0.129
0.214
0.273
0.304
0.312
0.297
0.229
0.135
0.058
-0.004
-0.051
-0.083
-0.073
-0.067
-0.063
-0.062
-0.062
-0.062
-0.06
-0.059
-0.059
-0.057
-0.052
-0.044
-0.036
