0.103
0.103
0.1
0.099
0.096
0.088
0.077
0.069
0.05
0.034
0.018
0.002
-0.017
-0.025
-0.035
-0.042
-0.047
-0.051
-0.053
-0.052
-0.052
-0.05
-0.048
-0.047
-0.047
-0.047
-0.048
-0.047
-0.046
-0.047
-0.048
-0.047
-0.047
-0.047
-0.045
-0.045
-0.046
-0.046
-0.047
-0.047
-0.045
-0.045
-0.045
-0.044
-0.044
-0.044
-0.043
-0.042
-0.041
-0.037
-0.026
-0.012
0.002
0.013
0.022
0.024
0.019
0.015
0.008
-0.001
-0.014
-0.022
-0.031
-0.036
-0.039
-0.041
-0.042
-0.042
-0.043
-0.042
-0.042
-0.043
-0.045
-0.045
-0.029
-0
0.041
0.092
0.154
0.21
0.258
0.281
0.281
0.256
0.204
0.136
0.063
0.008
-0.032
-0.058
-0.071
-0.066
-0.065
-0.064
-0.062
-0.061
-0.062
-0.061
-0.055
-0.048
-0.04
-0.029
-0.015
-0.007
0.005
0.02
0.035
0.046
0.056
0.064
0.07
0.076
0.081
0.084
0.084
0.082
0.076
0.07
0.063
0.055
0.043
0.031
0.01
-0.012
-0.033
-0.051
-0.065
-0.068
-0.071
-0.069
-0.066
-0.067
-0.069
-0.069
-0.07
-0.071
-0.069
-0.067
-0.067
-0.067
-0.068
-0.068
-0.066
-0.064
-0.063
-0.063
-0.064
-0.064
-0.062
-0.059
-0.058
-0.058
-0.057
-0.057
-0.057
-0.055
-0.055
-0.057
-0.054
-0.054
-0.05
-0.045
-0.038
-0.035
-0.02
-0.009
0.002
0.012
0.019
0.014
0.005
-0.008
-0.023
-0.036
-0.046
-0.048
-0.049
-0.049
-0.046
-0.045
-0.047
-0.048
-0.046
-0.046
-0.046
-0.044
-0.043
-0.048
0.014
0.063
0.124
0.197
0.284
0.313
0.29
0.266
0.218
0.148
0.053
0.013
-0.028
-0.056
-0.07
-0.069
-0.056
-0.058
-0.056
-0.058
-0.057
-0.056
-0.053
-0.055
-0.044
-0.037
-0.028
-0.015
-0.001
0.002
0.022
0.041
0.057
0.072
0.087
0.091
0.092
0.094
0.095
0.093
0.089
0.086
0.075
0.063
0.051
0.034
0.016
0.007
-0.01
-0.024
-0.035
-0.048
-0.059
-0.059
-0.059
-0.057
-0.055
-0.054
-0.054
-0.053
-0.052
-0.051
-0.049
-0.047
-0.046
-0.044
-0.044
-0.042
-0.041
-0.043
-0.044
-0.043
-0.044
-0.042
-0.04
-0.041
-0.042
-0.041
-0.042
-0.04
-0.029
-0.019
-0.011
-0.001
0.01
0.014
0.02
0.025
0.028
0.027
0.022
0.017
0.004
-0.006
-0.014
-0.023
-0.032
-0.033
-0.034
-0.033
-0.031
-0.03
-0.03
-0.03
-0.032
-0.035
-0.038
-0.036
-0.022
0.004
0.089
0.188
0.285
0.362
0.413
0.394
0.284
0.171
0.066
-0.024
-0.1
-0.089
-0.078
-0.065
-0.054
-0.048
-0.046
-0.046
-0.046
-0.046
-0.044
-0.043
-0.042
-0.039
-0.024
-0.01
0.005
0.022
0.036
0.041
0.057
0.07
0.084
0.094
0.101
0.101
0.099
0.097
0.096
0.094
0.089
0.084
0.068
0.053
0.025
-0
-0.025
-0.041
-0.057
-0.057
-0.059
-0.059
-0.057
-0.056
-0.057
-0.056
-0.057
-0.057
-0.056
-0.054
-0.055
-0.054
-0.055
-0.054
-0.053
-0.052
-0.052
-0.052
-0.053
-0.053
-0.051
-0.05
-0.052
-0.052
-0.053
-0.053
-0.051
-0.05
-0.05
-0.049
-0.042
-0.033
-0.02
-0.006
0.006
0.011
0.013
0.013
0.011
0.007
-0
-0.008
-0.021
-0.031
-0.038
-0.043
-0.049
-0.049
-0.05
-0.051
-0.05
-0.048
-0.048
-0.049
-0.056
-0.054
-0.04
-0.013
0.023
0.078
0.177
0.259
0.316
0.348
0.352
0.289
0.185
0.09
0.018
-0.038
-0.081
-0.077
-0.07
-0.07
-0.071
-0.071
-0.069
-0.064
-0.059
-0.051
-0.036
-0.021
-0.003
0.015
0.031
0.042
0.052
0.061
0.071
0.079
0.084
0.085
0.081
0.076
0.074
0.069
0.062
0.055
0.037
0.019
0.003
-0.013
-0.031
-0.04
-0.052
-0.061
-0.067
-0.069
-0.071
-0.07
-0.071
-0.071
-0.071
-0.068
-0.068
-0.067
-0.068
-0.067
-0.066
-0.063
-0.061
-0.059
-0.06
-0.061
-0.06
-0.059
-0.059
-0.058
-0.059
-0.059
-0.058
-0.056
-0.054
-0.055
-0.054
-0.055
-0.054
-0.052
-0.05
-0.05
-0.04
-0.029
-0.015
-0
0.012
0.015
0.012
0.006
-0
-0.007
-0.016
-0.024
