0.092
0.092
0.091
0.087
0.082
0.078
0.065
0.051
0.035
0.016
-0.003
-0.011
-0.025
-0.036
-0.045
-0.055
-0.063
-0.063
-0.062
-0.06
-0.058
-0.058
-0.058
-0.058
-0.057
-0.055
-0.054
-0.054
-0.054
-0.052
-0.052
-0.052
-0.051
-0.05
-0.049
-0.047
-0.046
-0.045
-0.045
-0.044
-0.043
-0.042
-0.04
-0.04
-0.041
-0.041
-0.033
-0.023
-0.011
0.001
0.012
0.018
0.022
0.025
0.024
0.019
0.011
0.004
-0.008
-0.017
-0.024
-0.032
-0.039
-0.039
-0.039
-0.039
-0.037
-0.037
-0.038
-0.037
-0.042
-0.042
-0.03
-0.007
0.026
0.079
0.183
0.272
0.334
0.37
0.379
0.318
0.208
0.113
0.034
-0.03
-0.079
-0.072
-0.063
-0.056
-0.051
-0.05
-0.05
-0.048
-0.047
-0.046
-0.043
-0.04
-0.037
-0.031
-0.013
0.003
0.02
0.036
0.05
0.056
0.07
0.081
0.091
0.099
0.103
0.102
0.097
0.096
0.092
0.087
0.078
0.073
0.056
0.04
0.023
0.007
-0.012
-0.022
-0.033
-0.042
-0.048
-0.052
-0.056
-0.055
-0.055
-0.054
-0.052
-0.052
-0.052
-0.053
-0.053
-0.052
-0.051
-0.051
-0.051
-0.051
-0.052
-0.051
-0.049
-0.048
-0.048
-0.049
-0.05
-0.05
-0.048
-0.047
-0.047
-0.045
-0.045
-0.045
-0.043
-0.043
-0.044
-0.042
-0.032
-0.02
-0.006
0.007
0.018
0.021
0.018
0.014
0.008
-0.001
-0.012
-0.021
-0.031
-0.037
-0.041
-0.043
-0.046
-0.045
-0.045
-0.044
-0.033
-0.009
0.025
0.068
0.121
0.178
0.24
0.278
0.292
0.281
0.244
0.175
0.091
0.027
-0.021
-0.055
-0.077
-0.07
-0.067
-0.066
-0.066
-0.065
-0.065
-0.065
-0.066
-0.062
-0.056
-0.049
-0.04
-0.03
-0.014
0.003
0.02
0.037
0.052
0.061
0.068
0.075
0.081
0.084
0.084
0.083
0.077
0.071
0.064
0.055
0.043
0.033
0.015
-0.003
-0.018
-0.034
-0.049
-0.058
-0.065
-0.07
-0.073
-0.074
-0.073
-0.073
-0.074
-0.073
-0.074
-0.073
-0.072
-0.071
-0.071
-0.071
-0.071
-0.07
