-0.213
-0.187
-0.161
-0.144
-0.134
-0.131
-0.13
-0.128
-0.127
-0.126
-0.125
-0.125
-0.124
-0.125
-0.124
-0.122
-0.121
-0.119
-0.116
-0.111
-0.103
-0.09
-0.074
-0.056
-0.038
-0.021
-0.003
0.015
0.033
0.052
0.071
0.09
0.11
0.127
0.141
0.152
0.161
0.167
0.171
0.174
0.177
0.179
0.18
0.179
0.176
0.172
0.165
0.159
0.152
0.144
0.134
0.12
0.104
0.086
0.066
0.045
0.025
0.004
-0.015
-0.032
-0.048
-0.067
-0.087
-0.104
-0.123
-0.134
-0.141
-0.143
-0.142
-0.136
-0.135
-0.133
-0.132
-0.131
-0.129
-0.126
-0.124
-0.122
-0.12
-0.119
-0.118
-0.118
-0.116
-0.116
-0.115
-0.114
-0.112
-0.111
-0.11
-0.109
-0.107
-0.105
-0.103
-0.102
-0.101
-0.1
-0.099
-0.099
-0.097
-0.096
-0.094
-0.093
-0.092
-0.092
-0.091
-0.091
-0.09
-0.089
-0.088
-0.087
-0.086
-0.086
-0.086
-0.086
-0.085
-0.084
-0.082
-0.08
-0.078
-0.076
-0.075
-0.071
-0.064
-0.054
-0.039
-0.022
-0.004
0.014
0.029
0.04
0.05
0.057
0.061
0.062
0.061
0.058
0.052
0.041
0.029
0.016
0.001
-0.015
-0.031
-0.044
-0.055
-0.063
-0.067
-0.069
-0.069
-0.07
-0.07
-0.071
-0.071
-0.07
-0.069
-0.068
-0.068
-0.067
-0.071
-0.07
-0.069
-0.067
-0.066
-0.063
-0.07
-0.078
-0.066
-0.029
0.032
0.119
0.227
0.344
0.462
0.575
0.681
0.77
0.817
0.814
0.761
0.663
0.536
0.398
0.258
0.122
-0.002
-0.101
-0.169
-0.202
-0.204
-0.178
-0.154
-0.135
-0.124
-0.117
-0.116
-0.115
-0.115
-0.114
-0.112
-0.11
-0.109
-0.108
-0.105
-0.104
-0.103
-0.102
-0.1
-0.095
-0.086
-0.074
-0.06
-0.042
-0.023
-0.005
0.013
0.03
0.049
0.07
0.092
0.112
0.132
0.15
0.167
0.179
0.186
0.192
0.196
0.198
0.2
0.202
0.202
0.199
0.195
0.191
0.185
0.179
0.172
0.164
0.152
0.139
0.124
0.104
0.081
0.059
0.039
0.02
0.001
-0.017
-0.035
-0.051
