-0.054
-0.054
-0.055
-0.055
-0.053
-0.053
-0.052
-0.051
-0.052
-0.052
-0.05
-0.049
-0.046
-0.043
-0.038
-0.031
-0.021
-0.011
0.001
0.009
0.014
0.018
0.02
0.016
0.006
-0.006
-0.019
-0.031
-0.04
-0.043
-0.043
-0.044
-0.045
-0.046
-0.044
-0.044
-0.042
-0.041
-0.043
-0.049
-0.052
-0.045
0.021
0.099
0.192
0.296
0.391
0.412
0.359
0.278
0.17
0.052
-0.05
-0.082
-0.091
-0.087
-0.075
-0.063
-0.053
-0.053
-0.052
-0.051
-0.053
-0.054
-0.052
-0.05
-0.038
-0.026
-0.015
-0.001
0.015
0.022
0.041
0.058
0.071
0.085
0.098
0.101
0.101
0.101
0.098
0.095
0.093
0.093
0.078
0.065
0.049
0.033
0.016
0.012
-0.003
-0.017
-0.032
-0.044
-0.052
-0.052
-0.049
-0.048
-0.047
-0.049
-0.05
-0.051
-0.048
-0.048
-0.045
-0.043
-0.044
-0.045
-0.044
-0.044
-0.042
-0.041
-0.041
-0.041
-0.04
-0.039
-0.037
-0.036
-0.036
-0.038
-0.037
-0.037
-0.03
-0.022
-0.015
-0.007
0.005
0.012
0.02
0.025
0.026
0.024
0.021
0.015
0.004
-0.006
-0.018
-0.028
-0.036
-0.037
-0.036
-0.035
-0.036
-0.037
-0.036
-0.036
-0.036
-0.039
-0.043
-0.039
-0.021
0.01
0.102
0.204
0.296
0.366
0.412
0.385
0.271
0.157
0.064
-0.018
-0.086
-0.072
-0.058
-0.058
-0.055
-0.052
-0.053
-0.054
-0.052
-0.049
-0.035
-0.019
-0.003
0.012
0.029
0.038
0.053
0.066
0.076
0.083
0.091
0.092
0.092
0.092
0.088
0.082
0.077
0.072
0.058
0.043
0.025
0.006
-0.011
-0.02
-0.033
-0.043
-0.053
-0.063
-0.069
-0.067
-0.065
-0.063
-0.062
-0.064
-0.064
-0.063
-0.062
-0.061
-0.061
-0.063
-0.064
-0.063
-0.061
-0.058
-0.057
-0.058
-0.057
-0.057
-0.056
-0.054
-0.053
-0.055
-0.055
-0.056
-0.055
-0.054
-0.054
-0.056
-0.056
-0.056
-0.045
-0.033
-0.021
-0.01
0.003
0.007
0.01
0.011
0.008
0.001
-0.007
-0.015
-0.025
-0.033
-0.041
-0.048
-0.053
-0.054
