-0.131
-0.135
-0.136
-0.135
-0.134
-0.134
-0.133
-0.132
-0.13
-0.129
-0.128
-0.127
-0.126
-0.126
-0.125
-0.124
-0.122
-0.122
-0.12
-0.12
-0.118
-0.118
-0.116
-0.115
-0.113
-0.113
-0.113
-0.113
-0.112
-0.112
-0.11
-0.109
-0.108
-0.107
-0.105
-0.104
-0.103
-0.101
-0.1
-0.099
-0.099
-0.099
-0.098
-0.097
-0.096
-0.094
-0.091
-0.09
-0.09
-0.089
-0.088
-0.089
-0.089
-0.088
-0.087
-0.083
-0.075
-0.063
-0.049
-0.033
-0.015
0.002
0.016
0.027
0.037
0.045
0.049
0.049
0.05
0.048
0.042
0.032
0.02
0.005
-0.013
-0.031
-0.053
-0.066
-0.075
-0.081
-0.085
-0.081
-0.083
-0.083
-0.084
-0.083
-0.082
-0.081
-0.08
-0.079
-0.079
-0.078
-0.078
-0.078
-0.077
-0.076
-0.075
-0.076
-0.084
-0.091
-0.078
-0.044
0.014
0.101
0.212
0.332
0.449
0.558
0.663
0.754
0.802
0.798
0.747
0.649
0.518
0.377
0.24
0.111
-0.012
-0.113
-0.183
-0.215
-0.214
-0.189
-0.163
-0.145
-0.136
-0.133
-0.132
-0.131
-0.13
-0.129
-0.127
-0.125
-0.124
-0.122
-0.121
-0.12
-0.119
-0.118
-0.116
-0.112
-0.104
-0.092
-0.076
-0.057
-0.039
-0.022
-0.005
0.011
0.03
0.05
0.069
0.088
0.108
0.127
0.141
0.153
0.161
0.166
0.17
0.174
0.176
0.178
0.178
0.177
0.175
0.172
0.166
0.161
0.149
0.14
0.129
0.117
0.101
0.086
0.064
0.044
0.024
0.005
-0.015
-0.032
-0.048
-0.065
-0.081
-0.099
-0.115
-0.126
-0.133
-0.137
-0.137
-0.136
-0.134
-0.133
-0.132
-0.131
-0.129
-0.128
-0.127
-0.125
-0.118
-0.117
-0.115
-0.113
-0.111
-0.116
-0.115
-0.114
-0.113
-0.111
-0.11
-0.109
-0.109
-0.109
-0.108
-0.107
-0.106
-0.105
-0.103
-0.102
-0.1
-0.098
-0.097
-0.097
-0.096
-0.096
-0.095
-0.094
-0.093
-0.092
-0.09
-0.088
-0.088
-0.087
-0.079
-0.079
-0.08
-0.078
-0.081
-0.087
-0.086
-0.084
-0.083
-0.076
-0.068
-0.057
-0.043
-0.027
-0.01
0.006
