-0.057
-0.055
-0.054
-0.054
-0.054
-0.056
-0.056
-0.056
-0.055
-0.054
-0.053
-0.051
-0.051
-0.052
-0.054
-0.054
-0.054
-0.053
-0.052
-0.051
-0.051
-0.05
-0.05
-0.051
-0.05
-0.05
-0.051
-0.049
-0.036
-0.024
-0.01
0.003
0.014
0.015
0.01
0.007
0.002
-0.006
-0.017
-0.023
-0.032
-0.039
-0.044
-0.047
-0.049
-0.05
-0.05
-0.05
-0.05
-0.05
-0.052
-0.052
-0.021
0
0.033
0.077
0.131
0.165
0.206
0.249
0.268
0.261
0.227
0.185
0.105
0.037
-0.014
-0.05
-0.074
-0.074
-0.069
-0.067
-0.066
-0.064
-0.064
-0.066
-0.062
-0.057
-0.05
-0.039
-0.026
-0.016
0.001
0.019
0.035
0.051
0.066
0.073
0.078
0.082
0.085
0.086
0.081
0.073
0.062
0.048
0.033
0.023
0.007
-0.008
-0.025
-0.043
-0.058
-0.063
-0.067
-0.068
-0.067
-0.068
-0.068
-0.067
-0.065
-0.064
-0.063
-0.062
-0.061
-0.06
-0.059
-0.057
-0.057
-0.058
-0.058
-0.057
-0.056
-0.055
-0.055
-0.055
-0.056
-0.056
-0.054
-0.053
-0.052
-0.053
-0.052
-0.051
-0.049
-0.047
-0.044
-0.04
-0.032
-0.023
-0.009
0.004
0.013
0.019
0.024
0.022
0.012
0.001
-0.012
-0.027
-0.039
-0.043
-0.044
-0.043
-0.043
-0.045
-0.045
-0.044
-0.043
-0.042
-0.041
-0.042
-0.047
-0.049
0.005
0.07
0.148
0.24
0.343
0.389
0.361
0.307
0.226
0.118
0
-0.049
-0.074
-0.083
-0.08
-0.068
-0.058
-0.057
-0.055
-0.053
-0.051
-0.05
-0.049
-0.049
-0.037
-0.026
-0.014
-0.002
0.012
0.018
0.035
0.052
0.066
0.079
0.092
0.095
0.098
0.1
0.1
0.097
0.096
0.093
0.085
0.076
0.063
0.046
0.03
0.019
0.002
-0.013
-0.027
-0.041
-0.053
-0.056
-0.056
-0.053
-0.053
-0.053
-0.052
-0.052
-0.051
-0.049
-0.048
-0.049
-0.048
-0.047
-0.046
-0.045
-0.044
-0.045
-0.045
-0.044
-0.042
-0.04
-0.039
-0.04
-0.041
-0.04
-0.039
-0.037
-0.036
-0.036
-0.035
-0.035
-0.031
-0.024
