-0.069
-0.069
-0.067
-0.062
-0.052
-0.048
-0.032
-0.014
0.002
0.015
0.029
0.042
0.051
0.058
0.061
0.061
0.058
0.053
0.046
0.035
0.023
0.008
-0.009
-0.026
-0.042
-0.054
-0.064
-0.071
-0.075
-0.076
-0.076
-0.077
-0.077
-0.077
-0.076
-0.077
-0.076
-0.075
-0.073
-0.071
-0.069
-0.068
-0.068
-0.068
-0.069
-0.073
-0.083
-0.085
-0.027
0.015
0.083
0.185
0.305
0.379
0.487
0.595
0.704
0.784
0.812
0.791
0.722
0.603
0.463
0.329
0.201
0.071
-0.052
-0.144
-0.192
-0.211
-0.198
-0.169
-0.147
-0.139
-0.132
-0.131
-0.129
-0.128
-0.127
-0.126
-0.126
-0.125
-0.124
-0.123
-0.123
-0.122
-0.121
-0.121
-0.118
-0.113
-0.103
-0.088
-0.07
-0.05
-0.032
-0.014
0.002
0.02
0.039
0.056
0.075
0.095
0.115
0.13
0.143
0.153
0.16
0.165
0.169
0.172
0.174
0.175
0.174
0.171
0.166
0.161
0.156
0.15
0.144
0.136
0.126
0.112
0.094
0.075
0.042
0.021
0
-0.021
-0.039
-0.041
-0.057
-0.075
-0.093
-0.11
-0.123
-0.133
-0.14
-0.143
-0.142
-0.141
-0.14
-0.138
-0.136
-0.135
-0.133
-0.132
-0.131
-0.129
-0.128
-0.127
-0.125
-0.124
-0.123
-0.122
-0.121
-0.119
-0.118
-0.117
-0.116
-0.115
-0.115
-0.113
-0.112
-0.111
-0.111
-0.11
-0.11
-0.111
-0.11
-0.109
-0.108
-0.107
-0.105
-0.104
-0.103
-0.102
-0.101
-0.1
-0.1
-0.098
-0.096
-0.095
-0.094
-0.093
-0.091
-0.09
-0.09
-0.09
-0.091
-0.091
-0.089
-0.082
-0.072
-0.058
-0.044
-0.027
-0.011
0.006
0.021
0.033
0.042
0.048
0.051
0.051
0.049
0.044
0.036
0.025
0.012
-0.002
-0.016
-0.032
-0.047
-0.06
-0.069
-0.076
-0.08
-0.081
-0.084
-0.085
-0.085
-0.083
-0.082
-0.078
-0.078
-0.078
-0.079
-0.078
-0.079
-0.079
-0.079
-0.078
-0.077
-0.08
-0.088
-0.088
-0.066
-0.019
0.054
0.152
0.263
0.375
0.492
0.606
0.709
0.781
0.806
0.781
0.707
0.593
