-0.022
-0.054
-0.073
-0.076
-0.065
-0.064
-0.062
-0.062
-0.062
-0.06
-0.059
-0.058
-0.053
-0.047
-0.039
-0.027
-0.013
-0.005
0.012
0.028
0.044
0.06
0.077
0.082
0.087
0.089
0.09
0.092
0.093
0.09
0.082
0.071
0.059
0.046
0.034
0.023
0.007
-0.012
-0.028
-0.042
-0.052
-0.056
-0.058
-0.059
-0.06
-0.059
-0.057
-0.057
-0.055
-0.055
-0.055
-0.054
-0.052
-0.051
-0.05
-0.05
-0.051
-0.05
-0.047
-0.047
-0.045
-0.046
-0.047
-0.046
-0.044
-0.044
-0.043
-0.044
-0.046
-0.046
-0.044
-0.044
-0.038
-0.036
-0.033
-0.026
-0.018
-0.013
0
0.009
0.016
0.023
0.028
0.025
0.016
0.004
-0.01
-0.022
-0.03
-0.034
-0.034
-0.033
-0.034
-0.034
-0.033
-0.033
-0.033
-0.033
-0.038
-0.039
0.018
0.086
0.167
0.264
0.298
0.258
0.194
0.105
-0.005
-0.048
-0.067
-0.074
-0.067
-0.054
-0.042
-0.041
-0.039
-0.038
-0.038
-0.039
-0.037
-0.037
-0.028
-0.018
-0.008
0.005
0.02
0.028
0.045
0.06
0.073
0.087
0.101
0.104
0.107
0.107
0.105
0.104
0.103
0.099
0.09
0.077
0.061
0.045
0.029
0.019
0.004
-0.013
-0.029
-0.043
-0.052
-0.054
-0.053
-0.053
-0.054
-0.054
-0.052
-0.051
-0.049
-0.049
-0.05
-0.051
-0.049
-0.048
-0.046
-0.045
-0.047
-0.048
-0.047
-0.048
-0.046
-0.046
-0.047
-0.048
-0.046
-0.046
-0.045
-0.045
-0.046
-0.047
-0.046
-0.046
-0.04
-0.034
-0.027
-0.018
-0.005
0.003
0.013
0.019
0.021
0.021
0.02
0.015
0.004
-0.008
-0.021
-0.032
-0.04
-0.041
-0.04
-0.041
-0.042
-0.043
-0.041
-0.041
-0.039
-0.04
-0.046
-0.049
-0.039
-0.018
0.064
0.159
0.26
0.347
0.411
0.4
0.316
0.204
0.086
-0.016
-0.097
-0.107
-0.098
-0.084
-0.074
-0.067
-0.063
-0.063
-0.061
-0.059
-0.06
-0.061
-0.06
-0.057
-0.044
-0.029
-0.015
0
0.018
0.027
0.043
0.057
0.069
0.079
0.087
0.088
0.089
0.088
0.084
0.08
0.076
0.072
0.054
0.04
0.023
0.005
-0.012
-0.015
-0.03
-0.042
-0.054
-0.064
-0.071
-0.069
-0.07
-0.068
-0.068
-0.068
-0.066
-0.063
-0.064
-0.063
-0.064
-0.066
-0.066
-0.063
-0.063
-0.061
-0.061
-0.061
-0.061
-0.058
-0.059
-0.058
-0.056
-0.054
-0.054
-0.052
-0.053
-0.054
-0.054
-0.053
-0.051
-0.048
-0.037
-0.029
-0.02
-0.008
0.006
0.01
0.011
0.014
0.011
0.005
-0.001
-0.003
-0.016
-0.024
-0.034
-0.042
-0.048
-0.045
-0.046
-0.044
-0.045
-0.045
-0.046
-0.043
-0.047
-0.047
0.039
0.137
0.199
0.276
0.34
0.301
0.191
0.123
0.048
-0.016
-0.065
-0.056
-0.053
-0.052
-0.052
-0.049
-0.047
-0.047
-0.046
-0.045
-0.041
-0.035
-0.025
-0.016
0.001
0.017
0.034
0.053
0.071
0.08
0.088
0.093
0.098
0.102
0.105
0.105
0.101
0.093
0.086
0.077
0.068
0.059
0.042
0.023
0.006
-0.009
-0.024
-0.032
-0.039
-0.045
-0.049
-0.049
-0.048
-0.048
-0.048
-0.049
-0.05
-0.049
-0.047
-0.045
-0.045
-0.045
-0.045
-0.044
-0.043
-0.041
-0.039
-0.04
-0.04
-0.039
-0.038
-0.039
-0.039
-0.041
-0.042
-0.04
-0.037
-0.035
-0.034
-0.035
-0.036
-0.034
-0.029
-0.023
-0.01
0.002
0.013
0.024
0.033
0.034
0.029
0.02
0.008
-0.003
-0.014
-0.021
-0.025
-0.03
-0.032
-0.032
-0.031
-0.031
-0.03
-0.031
-0.032
-0.03
-0.028
-0.03
0.003
0.045
0.098
0.165
0.245
0.301
0.318
0.307
0.272
0.213
0.131
0.065
0.016
-0.022
-0.047
-0.056
-0.051
-0.051
-0.049
-0.049
-0.05
-0.048
-0.046
-0.046
-0.038
-0.033
-0.028
-0.018
-0.005
-0
0.017
0.032
0.047
0.063
0.08
0.085
0.092
0.095
0.095
0.096
0.097
0.094
0.088
0.078
0.066
0.054
0.041
0.031
0.015
-0.002
-0.02
-0.037
-0.051
-0.058
-0.06
-0.063
-0.065
-0.064
-0.062
-0.062
-0.061
-0.061
-0.062
-0.063
-0.061
-0.061
-0.059
-0.058
-0.059
-0.059
