-0.078
-0.077
-0.077
-0.077
-0.076
-0.075
-0.074
-0.068
-0.058
-0.046
-0.03
-0.013
0.003
0.017
0.03
0.043
0.053
0.059
0.063
0.064
0.061
0.055
0.046
0.035
0.021
0.005
-0.012
-0.028
-0.042
-0.054
-0.063
-0.07
-0.074
-0.075
-0.068
-0.068
-0.067
-0.066
-0.066
-0.072
-0.072
-0.07
-0.069
-0.069
-0.069
-0.068
-0.067
-0.066
-0.065
-0.07
-0.08
-0.078
-0.053
-0.005
0.071
0.181
0.3
0.411
0.518
0.627
0.733
0.802
0.818
0.786
0.667
0.538
0.397
0.265
0.138
0.049
-0.068
-0.152
-0.197
-0.208
-0.188
-0.16
-0.139
-0.128
-0.123
-0.121
-0.12
-0.119
-0.118
-0.118
-0.118
-0.118
-0.116
-0.113
-0.112
-0.111
-0.11
-0.11
-0.109
-0.103
-0.092
-0.076
-0.057
-0.038
-0.018
-0.001
0.015
0.033
0.05
0.067
0.084
0.104
0.123
0.139
0.151
0.161
0.168
0.173
0.168
0.171
0.172
0.173
0.171
0.176
0.171
0.165
0.159
0.152
0.146
0.137
0.126
0.111
0.093
0.072
0.042
0.022
0.002
-0.017
-0.048
-0.053
-0.07
-0.087
-0.105
-0.107
-0.12
-0.129
-0.135
-0.137
-0.136
-0.135
-0.134
-0.133
-0.131
-0.13
-0.13
-0.128
-0.127
-0.126
-0.125
-0.123
-0.121
-0.12
-0.12
-0.118
-0.124
-0.123
-0.122
-0.12
-0.119
-0.112
-0.112
-0.112
-0.111
-0.111
-0.11
-0.109
-0.108
-0.107
-0.105
-0.104
-0.102
-0.101
-0.099
-0.098
-0.098
-0.097
-0.096
-0.095
-0.094
-0.093
-0.091
-0.091
-0.09
-0.089
-0.087
-0.086
-0.086
-0.086
-0.085
-0.086
-0.083
-0.076
-0.065
-0.052
-0.036
-0.019
-0.002
0.014
0.027
0.038
0.045
0.05
0.053
0.053
0.05
0.045
0.037
0.025
0.011
-0.003
-0.019
-0.035
-0.051
-0.063
-0.072
-0.077
-0.08
-0.08
-0.085
-0.085
-0.085
-0.083
-0.082
-0.076
-0.076
-0.075
-0.075
-0.075
-0.073
-0.072
-0.071
-0.071
-0.07
-0.076
-0.086
-0.082
-0.055
-0.003
0.075
0.177
0.288
0.402
0.52
0.633
0.733
0.795
