-0.056
-0.053
-0.05
-0.051
-0.053
-0.052
-0.051
-0.049
-0.046
-0.046
-0.048
-0.047
-0.047
-0.045
-0.042
-0.043
-0.045
-0.045
-0.046
-0.044
-0.041
-0.041
-0.043
-0.043
-0.043
-0.042
-0.04
-0.041
-0.043
-0.041
-0.032
-0.02
-0.006
0.005
0.015
0.019
0.014
0.012
0.009
0.001
-0.011
-0.015
-0.025
-0.031
-0.035
-0.039
-0.043
-0.044
-0.045
-0.043
-0.04
-0.04
-0.041
-0.041
-0.015
0.004
0.033
0.073
0.122
0.157
0.201
0.251
0.275
0.272
0.242
0.203
0.12
0.051
-0
-0.04
-0.07
-0.069
-0.065
-0.063
-0.061
-0.061
-0.057
-0.054
-0.051
-0.047
-0.041
-0.035
-0.016
0
0.019
0.036
0.051
0.056
0.064
0.073
0.081
0.085
0.084
0.082
0.074
0.071
0.067
0.059
0.047
0.041
0.019
0.004
-0.011
-0.027
-0.046
-0.053
-0.062
-0.071
-0.075
-0.074
-0.072
-0.071
-0.069
-0.067
-0.068
-0.069
-0.068
-0.067
-0.065
-0.064
-0.066
-0.068
-0.067
-0.066
-0.063
-0.062
-0.063
-0.065
-0.064
-0.063
-0.06
-0.058
-0.06
-0.062
-0.061
-0.061
-0.058
-0.055
-0.052
-0.047
-0.04
-0.031
-0.016
-0.003
0.005
0.01
0.015
0.013
0.006
-0.004
-0.018
-0.033
-0.044
-0.048
-0.049
-0.047
-0.049
-0.051
-0.05
-0.049
-0.047
-0.045
-0.047
-0.05
-0.054
-0.057
-0.005
0.059
0.131
0.219
0.322
0.371
0.349
0.302
0.226
0.123
0.008
-0.044
-0.069
-0.081
-0.082
-0.073
-0.061
-0.06
-0.059
-0.057
-0.059
-0.061
-0.061
-0.059
-0.049
-0.037
-0.027
-0.017
-0.003
0.006
0.025
0.044
0.059
0.071
0.084
0.087
0.091
0.094
0.094
0.092
0.091
0.088
0.081
0.072
0.057
0.04
0.024
0.014
-0.008
-0.021
-0.037
-0.053
-0.065
-0.061
-0.063
-0.06
-0.059
-0.06
-0.06
-0.056
-0.054
-0.052
-0.053
-0.055
-0.054
-0.054
-0.054
-0.052
-0.048
-0.048
-0.049
-0.046
-0.043
-0.045
-0.045
-0.04
-0.042
-0.041
-0.041
-0.042
-0.042
-0.038
-0.033
-0.025
