-0.009
-0.02
-0.032
-0.034
-0.036
-0.037
-0.036
-0.035
-0.036
-0.037
-0.037
-0.036
-0.035
-0.035
-0.039
-0.042
0.035
0.102
0.181
0.274
0.375
0.394
0.335
0.279
0.199
0.093
-0.026
-0.048
-0.073
-0.084
-0.082
-0.067
-0.053
-0.052
-0.05
-0.046
-0.043
-0.044
-0.046
-0.047
-0.036
-0.026
-0.014
0.001
0.029
0.045
0.062
0.079
0.096
0.098
0.099
0.099
0.096
0.092
0.089
0.085
0.072
0.058
0.04
0.02
0.003
-0.005
-0.018
-0.03
-0.042
-0.053
-0.061
-0.06
-0.058
-0.056
-0.056
-0.058
-0.058
-0.057
-0.055
-0.054
-0.053
-0.054
-0.053
-0.052
-0.051
-0.051
-0.052
-0.055
-0.055
-0.055
-0.053
-0.051
-0.05
-0.051
-0.051
-0.05
-0.048
-0.046
-0.046
-0.048
-0.048
-0.048
-0.039
-0.029
-0.019
-0.009
0.003
0.008
0.013
0.016
0.016
0.011
-0.004
-0.017
-0.03
-0.041
-0.049
-0.047
-0.047
-0.046
-0.046
-0.048
-0.049
-0.048
-0.052
-0.053
-0.046
-0.029
0
0.046
0.137
0.231
0.301
0.345
0.364
0.326
0.213
0.111
0.025
-0.045
-0.099
-0.089
-0.079
-0.069
-0.065
-0.066
-0.067
-0.065
-0.065
-0.063
-0.062
-0.06
-0.055
-0.047
-0.03
-0.012
0.005
0.02
0.035
0.043
0.055
0.068
0.078
0.084
0.09
0.092
0.09
0.088
0.084
0.077
0.069
0.063
0.048
0.032
0.016
-0.003
-0.022
-0.031
-0.042
-0.049
-0.056
-0.063
-0.067
-0.067
-0.065
-0.062
-0.061
-0.061
-0.06
-0.06
-0.059
-0.057
-0.056
-0.057
-0.058
-0.058
-0.056
-0.054
-0.051
-0.051
-0.051
-0.051
-0.051
-0.05
-0.049
-0.051
-0.051
-0.048
-0.038
-0.024
-0.009
0.003
0.014
0.018
0.018
0.016
0.012
0.004
-0.007
-0.016
-0.025
-0.031
-0.035
-0.04
-0.044
-0.043
-0.043
-0.041
-0.04
-0.041
-0.042
-0.041
-0.035
-0.016
0.014
0.055
0.107
0.165
0.238
0.288
0.311
0.307
0.278
0.208
0.12
0.051
-0.001
-0.041
-0.069
-0.06
-0.055
-0.053
-0.05
-0.05
