-0.051
-0.057
-0.059
-0.059
-0.058
-0.057
-0.058
-0.059
-0.058
-0.057
-0.054
-0.052
-0.053
-0.054
-0.054
-0.054
-0.053
-0.052
-0.053
-0.054
-0.054
-0.053
-0.052
-0.052
-0.052
-0.052
-0.051
-0.05
-0.048
-0.047
-0.049
-0.051
-0.05
-0.046
-0.032
-0.018
-0.006
0.004
0.014
0.016
0.015
0.011
0.004
-0.007
-0.017
-0.026
-0.033
-0.039
-0.044
-0.048
-0.049
-0.048
-0.045
-0.043
-0.044
-0.045
-0.045
-0.046
-0.031
-0.004
0.033
0.081
0.142
0.199
0.225
0.254
0.257
0.233
0.188
0.15
0.079
0.023
-0.021
-0.052
-0.068
-0.064
-0.064
-0.062
-0.063
-0.065
-0.065
-0.062
-0.058
-0.052
-0.047
-0.041
-0.032
-0.024
-0.005
0.014
0.03
0.046
0.062
0.068
0.075
0.082
0.085
0.086
0.088
0.089
0.08
0.075
0.048
0.024
-0.007
-0.027
-0.052
-0.054
-0.062
-0.064
-0.066
-0.066
-0.067
-0.066
-0.067
-0.067
-0.069
-0.07
-0.067
-0.064
-0.064
-0.061
-0.061
-0.062
-0.062
-0.059
-0.06
-0.057
-0.056
-0.057
-0.057
-0.055
-0.055
-0.052
-0.051
-0.051
-0.05
-0.048
-0.048
-0.045
-0.039
-0.032
-0.024
-0.015
-0.005
0.004
0.01
0.016
0.021
0.019
0.009
-0.004
-0.017
-0.027
-0.036
-0.039
-0.041
-0.043
-0.045
-0.044
-0.041
-0.04
-0.039
-0.039
-0.039
-0.04
-0.043
-0.041
0.018
0.087
0.173
0.273
0.374
0.407
0.363
0.291
0.196
0.083
-0.025
-0.064
-0.081
-0.086
-0.077
-0.063
-0.052
-0.051
-0.05
-0.052
-0.053
-0.053
-0.051
-0.05
-0.041
-0.032
-0.02
-0.005
0.012
0.022
0.039
0.053
0.067
0.081
0.094
0.097
0.099
0.097
0.096
0.095
0.094
0.091
0.081
0.067
0.053
0.039
0.024
0.013
-0.004
-0.022
-0.038
-0.049
-0.057
-0.056
-0.054
-0.053
-0.052
-0.051
-0.049
-0.048
-0.047
-0.048
-0.049
-0.048
-0.046
-0.046
-0.045
-0.046
-0.047
-0.046
-0.043
-0.042
-0.04
-0.04
-0.042
-0.041
-0.039
-0.04
-0.037
-0.038
-0.038
-0.036
