0.097
0.095
0.082
0.074
0.065
0.053
0.036
0.029
0.006
-0.011
-0.026
-0.04
-0.056
-0.057
-0.061
-0.062
-0.061
-0.06
-0.061
-0.06
-0.06
-0.058
-0.056
-0.055
-0.056
-0.056
-0.057
-0.056
-0.055
-0.053
-0.054
-0.054
-0.055
-0.055
-0.056
-0.054
-0.053
-0.051
-0.05
-0.049
-0.05
-0.052
-0.052
-0.051
-0.045
-0.037
-0.03
-0.022
-0.01
-0.002
0.006
0.012
0.015
0.014
0.012
0.008
-0.004
-0.015
-0.028
-0.041
-0.049
-0.05
-0.049
-0.048
-0.049
-0.051
-0.05
-0.049
-0.048
-0.048
-0.053
-0.054
-0.043
-0.018
0.067
0.166
0.265
0.347
0.406
0.391
0.301
0.19
0.077
-0.022
-0.101
-0.108
-0.099
-0.084
-0.074
-0.068
-0.068
-0.069
-0.067
-0.061
-0.048
-0.032
-0.018
-0.004
0.012
0.022
0.038
0.053
0.065
0.073
0.081
0.082
0.084
0.085
0.083
0.078
0.074
0.069
0.055
0.041
0.024
0.004
-0.014
-0.022
-0.034
-0.045
-0.054
-0.065
-0.072
-0.071
-0.069
-0.067
-0.067
-0.068
-0.068
-0.066
-0.067
-0.065
-0.065
-0.066
-0.066
-0.062
-0.06
-0.057
-0.053
-0.052
-0.053
-0.054
-0.052
-0.052
-0.053
-0.05
-0.049
-0.051
-0.052
-0.049
-0.04
-0.028
-0.016
-0.005
0.008
0.012
0.016
0.018
0.017
0.012
0.004
-0.003
-0.014
-0.022
-0.03
-0.038
-0.044
-0.045
-0.045
-0.043
-0.042
-0.043
-0.043
-0.042
-0.045
-0.042
-0.028
-0.005
0.03
0.083
0.185
0.269
0.325
0.353
0.358
0.294
0.184
0.093
0.018
-0.042
-0.088
-0.074
-0.064
-0.056
-0.053
-0.054
-0.054
-0.054
-0.053
-0.051
-0.032
-0.013
0.006
0.025
0.047
0.057
0.069
0.081
0.09
0.095
0.099
0.099
0.097
0.096
0.093
0.086
0.076
0.068
0.051
0.035
0.019
0.001
-0.018
-0.027
-0.037
-0.043
-0.047
-0.053
-0.056
-0.056
-0.056
-0.054
-0.053
-0.053
-0.054
-0.054
-0.053
-0.049
-0.046
-0.046
-0.046
-0.046
-0.046
-0.045
-0.043
-0.044
-0.045
-0.045
-0.044
-0.041
