-0.052
-0.053
-0.054
-0.052
-0.047
-0.042
-0.026
-0.011
0.003
0.02
0.039
0.048
0.063
0.074
0.082
0.09
0.096
0.096
0.095
0.091
0.087
0.083
0.08
0.073
0.058
0.04
0.02
0.002
-0.014
-0.023
-0.034
-0.044
-0.054
-0.061
-0.066
-0.066
-0.065
-0.064
-0.065
-0.063
-0.061
-0.062
-0.06
-0.059
-0.061
-0.061
-0.06
-0.06
-0.059
-0.058
-0.058
-0.057
-0.056
-0.055
-0.054
-0.054
-0.055
-0.055
-0.053
-0.053
-0.051
-0.051
-0.052
-0.052
-0.05
-0.05
-0.039
-0.028
-0.016
-0.004
0.01
0.015
0.017
0.014
0.007
-0
-0.009
-0.018
-0.028
-0.035
-0.041
-0.045
-0.049
-0.048
-0.049
-0.052
-0.053
-0.051
-0.049
-0.047
-0.021
-0.006
0.018
0.054
0.104
0.139
0.193
0.248
0.252
0.256
0.237
0.196
0.112
0.062
0.002
-0.042
-0.071
-0.068
-0.062
-0.059
-0.06
-0.061
-0.06
-0.059
-0.056
-0.053
-0.044
-0.039
-0.031
-0.023
-0.004
0.007
0.022
0.038
0.054
0.061
0.071
0.082
0.089
0.093
0.095
0.094
0.086
0.079
0.071
0.066
0.061
0.057
0.037
0.022
0.003
-0.015
-0.031
-0.036
-0.046
-0.053
-0.059
-0.062
-0.061
-0.058
-0.057
-0.056
-0.056
-0.056
-0.055
-0.052
-0.052
-0.05
-0.049
-0.049
-0.049
-0.048
-0.048
-0.048
-0.048
-0.046
-0.044
-0.044
-0.045
-0.045
-0.044
-0.042
-0.041
-0.04
-0.04
-0.04
-0.037
-0.032
-0.024
-0.016
-0.003
0.009
0.019
0.028
0.034
0.032
0.021
0.009
-0.003
-0.014
-0.025
-0.03
-0.034
-0.037
-0.036
-0.035
-0.034
-0.033
-0.033
-0.035
-0.038
-0.037
-0.038
-0.042
0.006
0.07
0.142
0.229
0.329
0.38
0.358
0.312
0.242
0.15
0.037
-0.019
-0.051
-0.069
-0.073
-0.062
-0.047
-0.046
-0.046
-0.047
-0.047
-0.046
-0.045
-0.044
-0.037
-0.028
-0.017
-0.003
0.012
0.02
0.04
0.055
0.071
0.086
0.1
0.098
0.102
0.103
0.104
0.106
0.106
0.1
0.087
0.074
0.06
0.047
