-0.064
-0.066
-0.066
-0.063
-0.065
-0.064
-0.064
-0.065
-0.066
-0.064
-0.063
-0.06
-0.058
-0.058
-0.059
-0.057
-0.055
-0.052
-0.049
-0.045
-0.04
-0.034
-0.023
-0.011
-0.001
0.006
0.009
0.009
-0.005
-0.016
-0.027
-0.041
-0.054
-0.053
-0.057
-0.055
-0.055
-0.056
-0.057
-0.055
-0.056
-0.054
-0.053
-0.054
-0.058
-0.061
0.01
0.073
0.148
0.236
0.337
0.364
0.313
0.266
0.194
0.093
-0.024
-0.05
-0.078
-0.093
-0.093
-0.08
-0.068
-0.069
-0.068
-0.067
-0.066
-0.063
-0.051
-0.039
-0.026
-0.01
0.007
0.017
0.034
0.047
0.06
0.072
0.082
0.085
0.086
0.085
0.082
0.079
0.078
0.075
0.062
0.046
0.029
0.012
-0.004
-0.011
-0.024
-0.038
-0.052
-0.063
-0.071
-0.07
-0.068
-0.067
-0.067
-0.067
-0.065
-0.063
-0.062
-0.062
-0.062
-0.063
-0.062
-0.06
-0.058
-0.058
-0.059
-0.059
-0.058
-0.057
-0.055
-0.054
-0.055
-0.055
-0.053
-0.051
-0.049
-0.048
-0.049
-0.049
-0.047
-0.046
-0.037
-0.029
-0.02
-0.009
0.004
0.011
0.017
0.018
0.017
0.012
0.008
0.001
-0.01
-0.02
-0.031
-0.039
-0.044
-0.042
-0.042
-0.041
-0.041
-0.041
-0.039
-0.037
-0.038
-0.043
-0.042
-0.028
-0.001
0.04
0.142
0.24
0.316
0.369
0.399
0.354
0.241
0.132
0.038
-0.039
-0.096
-0.085
-0.071
-0.06
-0.055
-0.053
-0.051
-0.049
-0.05
-0.049
-0.051
-0.051
-0.047
-0.04
-0.024
-0.007
0.008
0.024
0.043
0.052
0.067
0.08
0.089
0.096
0.102
0.103
0.102
0.1
0.096
0.089
0.083
0.076
0.061
0.046
0.027
0.009
-0.007
-0.016
-0.026
-0.035
-0.044
-0.053
-0.057
-0.057
-0.056
-0.054
-0.053
-0.053
-0.052
-0.052
-0.052
-0.051
-0.05
-0.049
-0.046
-0.044
-0.044
-0.046
-0.046
-0.046
-0.044
-0.042
-0.042
-0.042
-0.041
-0.041
-0.04
-0.039
-0.04
-0.042
-0.042
-0.041
-0.029
-0.017
-0.006
0.006
0.019
0.022
0.024
0.022
0.015
0.005
