-0.129
-0.128
-0.127
-0.125
-0.124
-0.122
-0.12
-0.119
-0.119
-0.117
-0.116
-0.116
-0.115
-0.113
-0.109
-0.107
-0.105
-0.103
-0.103
-0.104
-0.105
-0.105
-0.104
-0.102
-0.102
-0.101
-0.097
-0.097
-0.096
-0.094
-0.092
-0.094
-0.094
-0.093
-0.092
-0.09
-0.088
-0.086
-0.085
-0.085
-0.084
-0.084
-0.084
-0.084
-0.082
-0.081
-0.077
-0.069
-0.057
-0.043
-0.026
-0.007
0.009
0.023
0.034
0.044
0.051
0.055
0.055
0.055
0.052
0.045
0.035
0.023
0.009
-0.006
-0.024
-0.039
-0.052
-0.062
-0.068
-0.072
-0.073
-0.073
-0.073
-0.074
-0.074
-0.075
-0.074
-0.073
-0.073
-0.072
-0.069
-0.068
-0.068
-0.067
-0.067
-0.067
-0.07
-0.077
-0.081
-0.065
-0.026
0.036
0.128
0.242
0.362
0.478
0.587
0.691
0.776
0.816
0.805
0.746
0.641
0.507
0.366
0.229
0.1
-0.02
-0.113
-0.176
-0.202
-0.195
-0.169
-0.146
-0.13
-0.122
-0.12
-0.119
-0.118
-0.117
-0.116
-0.115
-0.114
-0.112
-0.111
-0.108
-0.107
-0.106
-0.103
-0.1
-0.095
-0.085
-0.072
-0.057
-0.038
-0.019
-0.002
0.014
0.031
0.05
0.07
0.088
0.107
0.126
0.144
0.158
0.167
0.175
0.191
0.195
0.197
0.2
0.202
0.19
0.187
0.183
0.178
0.173
0.167
0.161
0.154
0.143
0.13
0.115
0.095
0.073
0.053
0.034
0.013
-0.007
-0.025
-0.042
-0.059
-0.076
-0.092
-0.107
-0.117
-0.124
-0.126
-0.126
-0.125
-0.124
-0.122
-0.121
-0.12
-0.118
-0.117
-0.117
-0.116
-0.115
-0.113
-0.112
-0.11
-0.109
-0.108
-0.107
-0.105
-0.103
-0.102
-0.101
-0.101
-0.1
-0.099
-0.098
-0.098
-0.095
-0.095
-0.094
-0.092
-0.091
-0.09
-0.089
-0.088
-0.087
-0.087
-0.086
-0.085
-0.085
-0.084
-0.083
-0.082
-0.08
-0.079
-0.078
-0.077
-0.077
-0.076
-0.075
-0.075
-0.075
-0.074
-0.073
-0.07
-0.062
-0.05
-0.034
-0.017
0.001
0.018
0.033
0.045
0.055
0.059
0.062
0.062
0.061
0.057
0.053
