-0.067
-0.085
-0.102
-0.115
-0.123
-0.127
-0.127
-0.126
-0.125
-0.123
-0.123
-0.122
-0.12
-0.119
-0.118
-0.116
-0.114
-0.114
-0.112
-0.111
-0.109
-0.108
-0.106
-0.105
-0.103
-0.103
-0.102
-0.102
-0.101
-0.101
-0.1
-0.099
-0.098
-0.097
-0.097
-0.096
-0.094
-0.093
-0.093
-0.092
-0.091
-0.09
-0.09
-0.089
-0.088
-0.087
-0.087
-0.086
-0.085
-0.085
-0.083
-0.082
-0.082
-0.08
-0.079
-0.078
-0.077
-0.076
-0.075
-0.071
-0.064
-0.054
-0.039
-0.023
-0.007
0.009
0.025
0.038
0.049
0.057
0.061
0.062
0.061
0.057
0.051
0.041
0.028
0.011
-0.006
-0.024
-0.038
-0.051
-0.061
-0.068
-0.072
-0.074
-0.075
-0.075
-0.075
-0.075
-0.074
-0.074
-0.073
-0.072
-0.072
-0.071
-0.062
-0.061
-0.061
-0.06
-0.06
-0.07
-0.079
-0.085
-0.072
-0.037
0.023
0.118
0.233
0.343
0.452
0.563
0.677
0.77
0.815
0.809
0.754
0.646
0.508
0.375
0.246
0.114
-0.019
-0.122
-0.185
-0.214
-0.201
-0.173
-0.148
-0.131
-0.121
-0.129
-0.127
-0.125
-0.123
-0.122
-0.12
-0.12
-0.12
-0.121
-0.121
-0.12
-0.119
-0.117
-0.115
-0.11
-0.103
-0.09
-0.074
-0.056
-0.039
-0.021
-0.003
0.013
0.03
0.049
0.068
0.088
0.108
0.125
0.139
0.15
0.159
0.165
0.17
0.173
0.175
0.177
0.176
0.174
0.171
0.166
0.16
0.154
0.148
0.14
0.129
0.114
0.099
0.08
0.059
0.038
0.018
-0.003
-0.021
-0.037
-0.053
-0.071
-0.088
-0.104
-0.122
-0.132
-0.14
-0.142
-0.142
-0.137
-0.136
-0.135
-0.134
-0.134
-0.132
-0.13
-0.129
-0.128
-0.127
-0.126
-0.126
-0.125
-0.124
-0.123
-0.122
-0.121
-0.113
-0.112
-0.111
-0.11
-0.108
-0.113
-0.113
-0.112
-0.115
-0.114
-0.113
-0.112
-0.111
-0.105
-0.104
-0.103
-0.103
-0.102
-0.102
-0.1
-0.099
-0.097
-0.096
-0.095
-0.095
-0.096
-0.094
-0.093
-0.093
-0.093
-0.092
-0.092
-0.091
-0.09
-0.088
-0.082
-0.074
-0.063
