0.104
0.103
0.105
0.103
0.1
0.099
0.097
0.093
0.079
0.063
0.046
0.031
0.015
0.009
-0.007
-0.023
-0.039
-0.05
-0.057
-0.057
-0.056
-0.057
-0.059
-0.058
-0.056
-0.056
-0.054
-0.054
-0.055
-0.055
-0.052
-0.052
-0.05
-0.051
-0.053
-0.053
-0.05
-0.05
-0.049
-0.049
-0.051
-0.051
-0.054
-0.053
-0.051
-0.051
-0.051
-0.047
-0.043
-0.043
-0.037
-0.032
-0.026
-0.019
-0.006
0.001
0.01
0.014
0.015
0.014
0.013
0.007
-0.003
-0.015
-0.028
-0.039
-0.045
-0.046
-0.045
-0.046
-0.047
-0.047
-0.045
-0.044
-0.049
-0.053
0.028
0.118
0.218
0.321
0.409
0.392
0.3
0.184
0.069
-0.028
-0.104
-0.11
-0.098
-0.085
-0.075
-0.068
-0.063
-0.062
-0.06
-0.06
-0.061
-0.063
-0.06
-0.056
-0.041
-0.027
-0.013
0.003
0.02
0.029
0.045
0.058
0.068
0.078
0.088
0.09
0.092
0.09
0.086
0.082
0.08
0.075
0.063
0.046
0.027
0.008
-0.008
-0.016
-0.028
-0.039
-0.05
-0.06
-0.066
-0.066
-0.065
-0.064
-0.064
-0.065
-0.064
-0.064
-0.061
-0.061
-0.062
-0.063
-0.061
-0.063
-0.062
-0.061
-0.059
-0.058
-0.055
-0.054
-0.055
-0.055
-0.054
-0.054
-0.052
-0.05
-0.051
-0.052
-0.051
-0.05
-0.04
-0.03
-0.02
-0.008
0.006
0.011
0.016
0.017
0.014
0.008
0.002
-0.006
-0.019
-0.029
-0.038
-0.046
-0.051
-0.047
-0.044
-0.041
-0.041
-0.041
-0.04
-0.04
-0.042
-0.041
-0.03
-0.007
0.029
0.081
0.185
0.27
0.328
0.362
0.373
0.312
0.2
0.104
0.023
-0.043
-0.09
-0.076
-0.066
-0.057
-0.051
-0.049
-0.049
-0.049
-0.049
-0.051
-0.053
-0.05
-0.043
-0.033
-0.015
0.003
0.019
0.035
0.052
0.061
0.074
0.086
0.093
0.098
0.102
0.105
0.1
0.098
0.092
0.085
0.078
0.075
0.054
0.038
0.018
-0.002
-0.024
-0.027
-0.039
-0.045
-0.052
-0.054
-0.058
-0.055
-0.055
-0.052
-0.052
-0.052
-0.051
-0.047
-0.048
-0.045
