-0.126
-0.125
-0.124
-0.122
-0.121
-0.12
-0.118
-0.117
-0.115
-0.113
-0.111
-0.11
-0.109
-0.108
-0.108
-0.106
-0.104
-0.103
-0.102
-0.1
-0.098
-0.097
-0.096
-0.094
-0.093
-0.093
-0.093
-0.092
-0.092
-0.092
-0.091
-0.089
-0.088
-0.087
-0.085
-0.085
-0.085
-0.084
-0.083
-0.083
-0.081
-0.08
-0.083
-0.083
-0.082
-0.081
-0.077
-0.066
-0.055
-0.04
-0.018
-0.001
0.015
0.03
0.043
0.049
0.057
0.061
0.063
0.062
0.059
0.052
0.042
0.029
0.014
-0.003
-0.02
-0.035
-0.049
-0.06
-0.068
-0.072
-0.072
-0.072
-0.073
-0.073
-0.072
-0.072
-0.071
-0.07
-0.069
-0.069
-0.068
-0.067
-0.066
-0.064
-0.064
-0.063
-0.065
-0.074
-0.081
-0.066
-0.03
0.033
0.131
0.249
0.363
0.472
0.623
0.735
0.825
0.865
0.855
0.752
0.641
0.501
0.369
0.24
0.11
-0.018
-0.118
-0.179
-0.205
-0.198
-0.169
-0.144
-0.128
-0.119
-0.116
-0.114
-0.113
-0.112
-0.112
-0.112
-0.112
-0.112
-0.111
-0.11
-0.108
-0.106
-0.105
-0.103
-0.098
-0.089
-0.076
-0.058
-0.039
-0.021
-0.004
0.013
0.031
0.049
0.067
0.086
0.118
0.139
0.156
0.17
0.181
0.176
0.182
0.186
0.188
0.19
0.191
0.191
0.189
0.186
0.182
0.177
0.17
0.162
0.154
0.143
0.129
0.113
0.094
0.074
0.053
0.033
0.012
-0.006
-0.023
-0.038
-0.055
-0.073
-0.09
-0.104
-0.109
-0.116
-0.12
-0.119
-0.117
-0.121
-0.121
-0.119
-0.118
-0.117
-0.115
-0.114
-0.114
-0.113
-0.119
-0.118
-0.118
-0.117
-0.116
-0.107
-0.107
-0.106
-0.104
-0.103
-0.102
-0.102
-0.101
-0.1
-0.1
-0.099
-0.097
-0.096
-0.094
-0.092
-0.09
-0.09
-0.089
-0.088
-0.088
-0.088
-0.087
-0.085
-0.084
-0.083
-0.082
-0.081
-0.08
-0.08
-0.079
-0.079
-0.079
-0.079
-0.078
-0.077
-0.077
-0.075
-0.07
-0.063
-0.051
-0.037
-0.009
0.008
0.025
0.039
0.051
0.048
0.054
0.058
0.058
0.057
0.054
0.048
