0.002
0.015
0.03
0.039
0.053
0.066
0.075
0.082
0.089
0.09
0.09
0.089
0.085
0.079
0.072
0.067
0.053
0.038
0.021
0.002
-0.015
-0.024
-0.036
-0.045
-0.053
-0.061
-0.066
-0.063
-0.062
-0.059
-0.057
-0.057
-0.057
-0.055
-0.056
-0.055
-0.056
-0.058
-0.058
-0.056
-0.056
-0.054
-0.053
-0.053
-0.052
-0.049
-0.049
-0.049
-0.047
-0.046
-0.046
-0.046
-0.043
-0.04
-0.029
-0.016
-0.003
0.01
0.022
0.025
0.02
0.018
0.013
0.004
-0.005
-0.008
-0.019
-0.025
-0.031
-0.037
-0.041
-0.039
-0.04
-0.038
-0.038
-0.04
-0.041
-0.038
-0.014
0.023
0.074
0.136
0.206
0.263
0.294
0.325
0.328
0.308
0.266
0.227
0.139
0.069
0.013
-0.031
-0.062
-0.059
-0.058
-0.059
-0.061
-0.061
-0.059
-0.058
-0.055
-0.05
-0.044
-0.035
-0.023
-0.013
0.005
0.02
0.04
0.057
0.075
0.085
0.093
0.091
0.087
0.079
0.068
0.058
0.046
0.035
0.018
0
-0.019
-0.035
-0.048
-0.054
-0.058
-0.061
-0.063
-0.063
-0.062
-0.061
-0.06
-0.06
-0.061
-0.061
-0.06
-0.06
-0.059
-0.06
-0.062
-0.062
-0.06
-0.058
-0.056
-0.056
-0.057
-0.057
-0.055
-0.054
-0.053
-0.054
-0.055
-0.056
-0.054
-0.053
-0.052
-0.051
-0.049
-0.046
-0.039
-0.031
-0.017
-0.006
0.002
0.009
0.016
0.016
0.009
-0.003
-0.016
-0.03
-0.041
-0.045
-0.047
-0.048
-0.051
-0.052
-0.051
-0.05
-0.049
-0.048
-0.05
-0.05
-0.052
-0.055
-0.008
0.05
0.118
0.202
0.302
0.354
0.313
0.271
0.202
0.109
-0.003
-0.033
-0.064
-0.082
-0.088
-0.08
-0.066
-0.064
-0.064
-0.063
-0.064
-0.064
-0.062
-0.06
-0.052
-0.044
-0.035
-0.024
-0.01
-0.002
0.017
0.035
0.05
0.064
0.079
0.082
0.086
0.088
0.086
0.085
0.085
0.083
0.076
0.066
0.051
0.035
0.021
0.011
-0.005
-0.021
-0.038
-0.055
-0.067
-0.07
-0.07
-0.068
-0.068
-0.069
-0.067
-0.067
-0.064
-0.062
