-0.121
-0.118
-0.117
-0.116
-0.114
-0.113
-0.112
-0.111
-0.11
-0.11
-0.11
-0.109
-0.108
-0.107
-0.093
-0.088
-0.08
-0.068
-0.052
-0.045
-0.026
-0.009
0.008
0.023
0.041
0.061
0.081
0.1
0.121
0.14
0.155
0.166
0.175
0.18
0.184
0.186
0.188
0.189
0.189
0.188
0.186
0.182
0.177
0.171
0.161
0.153
0.142
0.13
0.115
0.099
0.077
0.057
0.036
0.016
-0.003
-0.022
-0.039
-0.055
-0.072
-0.09
-0.107
-0.119
-0.125
-0.129
-0.129
-0.128
-0.125
-0.123
-0.122
-0.121
-0.118
-0.116
-0.115
-0.114
-0.112
-0.111
-0.111
-0.11
-0.109
-0.108
-0.106
-0.105
-0.103
-0.101
-0.1
-0.099
-0.097
-0.097
-0.096
-0.094
-0.093
-0.092
-0.091
-0.09
-0.09
-0.09
-0.089
-0.089
-0.089
-0.089
-0.087
-0.086
-0.086
-0.085
-0.084
-0.082
-0.081
-0.08
-0.078
-0.077
-0.077
-0.077
-0.075
-0.075
-0.074
-0.072
-0.071
-0.067
-0.061
-0.049
-0.035
-0.02
-0.003
0.012
0.026
0.039
0.05
0.057
0.06
0.062
0.061
0.056
0.05
0.041
0.029
0.015
-0
-0.016
-0.026
-0.039
-0.05
-0.057
-0.061
-0.069
-0.07
-0.07
-0.069
-0.068
-0.066
-0.065
-0.065
-0.065
-0.065
-0.064
-0.063
-0.062
-0.068
-0.067
-0.066
-0.068
-0.077
-0.078
-0.069
-0.035
0.026
0.12
0.23
0.341
0.514
0.628
0.743
0.837
0.884
0.815
0.762
0.658
0.526
0.395
0.265
0.129
-0.005
-0.107
-0.172
-0.204
-0.202
-0.176
-0.151
-0.134
-0.125
-0.122
-0.121
-0.12
-0.119
-0.118
-0.117
-0.116
-0.116
-0.114
-0.112
-0.111
-0.11
-0.108
-0.106
-0.103
-0.097
-0.085
-0.069
-0.051
-0.033
-0.015
0.003
0.018
0.034
0.052
0.07
0.089
0.109
0.126
0.14
0.153
0.163
0.169
0.172
0.174
0.176
0.176
0.176
0.174
0.172
0.167
0.162
0.156
0.139
0.132
0.122
0.109
0.093
0.087
0.066
0.044
0.022
0.003
-0.015
-0.031
-0.047
-0.065
-0.082
-0.098
-0.112
-0.123
