-0.054
-0.054
-0.053
-0.053
-0.052
-0.052
-0.053
-0.053
-0.051
-0.051
-0.049
-0.049
-0.05
-0.05
-0.047
-0.047
-0.045
-0.044
-0.045
-0.046
-0.044
-0.043
-0.041
-0.041
-0.041
-0.041
-0.039
-0.039
-0.031
-0.023
-0.014
-0.003
0.011
0.018
0.025
0.028
0.026
0.022
0.018
0.011
0.001
-0.011
-0.022
-0.031
-0.036
-0.037
-0.037
-0.034
-0.032
-0.031
-0.032
-0.032
-0.036
-0.042
-0.038
-0.02
0.01
0.054
0.156
0.251
0.324
0.373
0.399
0.35
0.237
0.131
0.04
-0.034
-0.088
-0.076
-0.062
-0.052
-0.048
-0.048
-0.047
-0.047
-0.048
-0.046
-0.047
-0.046
-0.043
-0.036
-0.019
-0.003
0.012
0.028
0.046
0.054
0.068
0.08
0.088
0.095
0.102
0.104
0.102
0.1
0.096
0.09
0.083
0.08
0.059
0.042
0.022
0.003
-0.014
-0.016
-0.028
-0.036
-0.045
-0.052
-0.057
-0.055
-0.055
-0.054
-0.052
-0.052
-0.054
-0.052
-0.053
-0.054
-0.053
-0.05
-0.051
-0.05
-0.051
-0.052
-0.051
-0.048
-0.048
-0.046
-0.045
-0.045
-0.046
-0.045
-0.046
-0.048
-0.048
-0.046
-0.042
-0.037
-0.025
-0.014
-0.005
0.006
0.017
0.022
0.017
0.011
0.003
-0.009
-0.023
-0.03
-0.036
-0.042
-0.045
-0.045
-0.045
-0.045
-0.045
-0.046
-0.045
-0.043
-0.041
-0.04
-0.015
0.022
0.071
0.133
0.207
0.263
0.288
0.287
0.263
0.216
0.145
0.078
0.02
-0.023
-0.054
-0.07
-0.069
-0.065
-0.063
-0.063
-0.059
-0.054
-0.046
-0.036
-0.024
-0.015
-0
0.014
0.029
0.047
0.065
0.071
0.077
0.08
0.08
0.082
0.084
0.081
0.075
0.066
0.036
0.008
-0.018
-0.04
-0.063
-0.066
-0.07
-0.074
-0.075
-0.075
-0.072
-0.071
-0.07
-0.072
-0.072
-0.071
-0.069
-0.068
-0.065
-0.066
-0.067
-0.067
-0.066
-0.066
-0.064
-0.064
-0.064
-0.061
-0.058
-0.059
-0.058
-0.059
-0.06
-0.059
-0.058
-0.056
-0.055
-0.055
-0.052
-0.047
-0.039
-0.03
-0.015
-0.004
0.005
0.013
