0.073
0.078
0.083
0.084
0.077
0.067
0.059
0.046
0.032
0.023
0.006
-0.014
-0.032
-0.047
-0.06
-0.064
-0.065
-0.068
-0.069
-0.068
-0.066
-0.065
-0.063
-0.062
-0.063
-0.062
-0.06
-0.06
-0.058
-0.059
-0.061
-0.061
-0.059
-0.06
-0.058
-0.057
-0.057
-0.057
-0.055
-0.055
-0.054
-0.055
-0.056
-0.055
-0.053
-0.052
-0.049
-0.047
-0.044
-0.038
-0.028
-0.02
-0.007
0.002
0.008
0.013
0.008
-0.006
-0.019
-0.03
-0.043
-0.047
-0.047
-0.048
-0.049
-0.05
-0.048
-0.047
-0.045
-0.046
-0.047
-0.049
0.01
0.079
0.163
0.261
0.365
0.396
0.353
0.282
0.184
0.068
-0.04
-0.079
-0.093
-0.096
-0.086
-0.073
-0.061
-0.061
-0.059
-0.058
-0.059
-0.059
-0.057
-0.057
-0.044
-0.034
-0.023
-0.009
0.008
0.014
0.033
0.049
0.062
0.076
0.089
0.09
0.092
0.093
0.091
0.09
0.089
0.087
0.072
0.059
0.043
0.028
0.012
0.008
-0.009
-0.024
-0.037
-0.049
-0.057
-0.055
-0.055
-0.057
-0.058
-0.058
-0.057
-0.055
-0.053
-0.051
-0.052
-0.052
-0.049
-0.047
-0.047
-0.047
-0.046
-0.047
-0.046
-0.044
-0.043
-0.044
-0.045
-0.045
-0.044
-0.042
-0.041
-0.04
-0.041
-0.041
-0.039
-0.037
-0.03
-0.023
-0.017
-0.008
0.004
0.01
0.017
0.022
0.024
0.021
0.014
0.008
-0.004
-0.014
-0.024
-0.029
-0.032
-0.03
-0.032
-0.031
-0.017
-0.017
-0.002
0.025
0.06
0.091
0.19
0.271
0.329
0.363
0.37
0.307
0.193
0.097
0.021
-0.038
-0.082
-0.068
-0.06
-0.057
-0.055
-0.054
-0.053
-0.051
-0.052
-0.053
-0.051
-0.047
-0.042
-0.035
-0.02
-0.004
0.014
0.032
0.049
0.06
0.071
0.08
0.089
0.097
0.103
0.103
0.098
0.093
0.088
0.083
0.077
0.07
0.052
0.033
0.016
0.001
-0.015
-0.024
-0.035
-0.046
-0.054
-0.058
-0.061
-0.061
-0.061
-0.062
-0.063
-0.064
-0.062
-0.059
-0.058
-0.058
-0.056
-0.057
-0.056
-0.054
-0.053
-0.055
-0.054
-0.054
-0.054
-0.051
-0.048
-0.048
-0.05
-0.051
-0.052
-0.051
-0.049
-0.046
-0.036
-0.026
-0.014
-0.001
0.012
0.015
0.012
0.006
-0.001
-0.008
-0.017
-0.025
-0.032
-0.04
-0.046
-0.047
-0.047
-0.048
-0.046
-0.047
-0.047
-0.045
-0.043
-0.044
-0.033
-0.01
0.024
0.072
0.131
0.188
0.245
0.276
0.284
0.269
0.231
0.164
0.085
0.021
-0.027
-0.059
-0.075
-0.069
-0.066
-0.067
-0.068
-0.067
-0.065
-0.064
-0.062
-0.06
-0.056
-0.048
-0.038
-0.029
-0.012
0.004
0.02
0.039
0.058
0.065
0.074
0.079
0.082
0.086
0.089
0.088
0.083
0.076
0.068
0.06
0.051
0.041
0.023
0.003
-0.016
-0.034
-0.049
-0.057
-0.063
-0.067
-0.07
-0.068
-0.066
-0.065
-0.064
-0.066
-0.067
-0.067
-0.065
-0.064
-0.063
-0.064
-0.064
-0.064
-0.062
-0.062
-0.061
-0.061
-0.061
-0.06
-0.058
-0.058
-0.058
-0.058
-0.058
-0.057
-0.054
-0.053
-0.052
-0.053
-0.052
-0.049
-0.043
-0.037
-0.022
-0.01
0
0.011
0.021
0.02
0.014
0.004
-0.008
-0.02
-0.031
-0.036
-0.039
-0.042
-0.044
-0.046
-0.046
-0.045
-0.041
-0.042
-0.006
0.038
0.094
0.162
0.245
0.301
0.313
0.299
0.26
0.196
0.11
0.043
-0.003
-0.037
-0.059
-0.066
-0.056
-0.055
-0.054
-0.053
-0.054
-0.054
-0.052
-0.051
-0.044
-0.039
-0.031
-0.021
-0.007
0.003
0.022
0.039
0.054
0.07
0.086
0.091
0.096
0.097
0.097
0.097
0.098
0.095
0.09
0.081
0.07
0.057
0.045
0.034
0.018
-0.001
-0.019
-0.035
-0.047
-0.051
-0.052
-0.053
-0.054
-0.055
-0.056
-0.056
-0.053
-0.051
-0.051
-0.05
-0.051
-0.051
-0.049
-0.048
-0.046
-0.046
-0.048
-0.048
-0.047
-0.045
-0.045
-0.044
-0.046
-0.047
-0.046
-0.044
-0.039
-0.031
-0.023
-0.014
-0.004
0.005
0.011
0.016
0.02
0.024
0.026
0.026
0.014
0.001
-0.013
-0.027
-0.039
-0.038
-0.04
-0.04
-0.04
-0.04
-0.038
-0.036
