-0.055
-0.048
-0.041
-0.033
-0.023
-0.014
0.005
0.025
0.045
0.064
0.08
0.084
0.09
0.091
0.09
0.088
0.089
0.087
0.082
0.075
0.065
0.051
0.037
0.026
0.004
-0.011
-0.028
-0.045
-0.062
-0.063
-0.067
-0.068
-0.067
-0.068
-0.068
-0.068
-0.067
-0.065
-0.065
-0.066
-0.066
-0.067
-0.067
-0.065
-0.064
-0.064
-0.065
-0.063
-0.064
-0.062
-0.06
-0.06
-0.061
-0.059
-0.06
-0.058
-0.056
-0.057
-0.057
-0.055
-0.054
-0.05
-0.042
-0.032
-0.022
-0.013
-0.003
0.006
0.01
0.011
0.013
0.013
-0.001
-0.011
-0.022
-0.035
-0.048
-0.048
-0.051
-0.049
-0.048
-0.048
-0.049
-0.048
-0.051
-0.05
-0.05
-0.052
-0.057
-0.06
0.009
0.071
0.169
0.256
0.356
0.386
0.338
0.239
0.143
0.032
-0.083
-0.103
-0.104
-0.094
-0.082
-0.072
-0.066
-0.064
-0.062
-0.063
-0.063
-0.063
-0.061
-0.058
-0.046
-0.034
-0.022
-0.008
0.009
0.019
0.036
0.049
0.062
0.073
0.084
0.087
0.089
0.089
0.086
0.083
0.081
0.077
0.065
0.049
0.032
0.015
-0
-0.009
-0.022
-0.035
-0.047
-0.057
-0.063
-0.061
-0.059
-0.059
-0.061
-0.064
-0.065
-0.065
-0.063
-0.06
-0.058
-0.057
-0.057
-0.057
-0.055
-0.053
-0.051
-0.05
-0.051
-0.052
-0.051
-0.049
-0.047
-0.045
-0.046
-0.047
-0.046
-0.045
-0.037
-0.029
-0.021
-0.01
0.002
0.01
0.013
0.016
0.014
0.011
0.008
0.006
-0.004
-0.014
-0.025
-0.034
-0.04
-0.04
-0.041
-0.041
-0.043
-0.044
-0.044
-0.041
-0.042
-0.046
-0.044
-0.03
-0.003
0.037
0.139
0.239
0.318
0.373
0.405
0.362
0.251
0.142
0.057
-0.018
-0.078
-0.07
-0.056
-0.055
-0.055
-0.053
-0.053
-0.052
-0.049
-0.041
-0.024
-0.007
0.009
0.025
0.043
0.05
0.065
0.076
0.083
0.088
0.096
0.097
0.098
0.097
0.093
0.087
0.081
0.074
0.06
0.045
0.026
0.007
-0.009
-0.017
-0.027
-0.036
-0.045
-0.053
-0.058
-0.059
