-0.03
-0.021
-0.003
0.029
0.073
0.109
0.175
0.242
0.282
0.3
0.294
0.254
0.16
0.075
0.005
-0.048
-0.084
-0.079
-0.071
-0.067
-0.068
-0.068
-0.066
-0.062
-0.059
-0.057
-0.055
-0.051
-0.045
-0.038
-0.02
-0.003
0.011
0.027
0.044
0.054
0.066
0.075
0.08
0.085
0.089
0.089
0.089
0.085
0.078
0.069
0.062
0.054
0.039
0.023
0.005
-0.013
-0.028
-0.038
-0.046
-0.053
-0.06
-0.065
-0.067
-0.066
-0.064
-0.062
-0.062
-0.063
-0.061
-0.06
-0.058
-0.056
-0.057
-0.058
-0.057
-0.057
-0.055
-0.052
-0.052
-0.053
-0.052
-0.052
-0.05
-0.048
-0.049
-0.05
-0.049
-0.049
-0.047
-0.046
-0.046
-0.047
-0.044
-0.04
-0.027
-0.013
-0.001
0.01
0.02
0.022
0.02
0.016
0.007
-0.005
-0.015
-0.023
-0.028
-0.031
-0.034
-0.038
-0.038
-0.037
-0.035
-0.034
-0.034
-0.036
-0.035
-0.035
-0.013
0.02
0.062
0.115
0.182
0.238
0.28
0.297
0.286
0.251
0.193
0.126
0.063
0.015
-0.019
-0.043
-0.054
-0.052
-0.05
-0.05
-0.046
-0.04
-0.035
-0.027
-0.017
-0.009
0.01
0.028
0.044
0.059
0.076
0.083
0.092
0.099
0.101
0.102
0.103
0.101
0.097
0.091
0.081
0.068
0.055
0.044
0.028
0.012
-0.006
-0.024
-0.04
-0.048
-0.051
-0.052
-0.055
-0.056
-0.056
-0.056
-0.055
-0.053
-0.053
-0.054
-0.053
-0.053
-0.05
-0.048
-0.049
-0.051
-0.051
-0.051
-0.049
-0.048
-0.048
-0.049
-0.049
-0.048
-0.046
-0.044
-0.044
-0.046
-0.047
-0.046
-0.045
-0.042
-0.04
-0.038
-0.033
-0.027
-0.014
-0.001
0.009
0.016
0.022
0.023
0.01
0.003
-0.008
-0.022
-0.035
-0.035
-0.043
-0.045
-0.047
-0.05
-0.051
-0.048
-0.048
-0.045
-0.044
-0.045
-0.045
-0.047
0.013
0.066
0.128
0.202
0.292
0.327
0.296
0.27
0.217
0.136
0.032
-0.002
-0.042
-0.066
-0.078
-0.078
-0.067
-0.064
-0.065
-0.062
-0.061
-0.062
-0.063
-0.06
-0.053
-0.043
-0.034
-0.025
-0.014
-0.006
0.012
0.03
0.047
0.061
0.074
0.078
0.08
0.084
0.086
0.085
0.083
0.084
0.07
0.062
0.051
0.036
0.019
0.015
-0.008
-0.028
-0.041
-0.054
-0.067
-0.067
-0.066
-0.068
-0.069
-0.069
-0.067
-0.067
-0.065
-0.066
-0.068
-0.067
-0.064
-0.063
-0.062
-0.062
-0.063
-0.063
-0.06
-0.06
-0.058
-0.058
-0.058
-0.057
-0.055
-0.055
-0.054
-0.056
-0.057
-0.057
-0.055
-0.053
-0.046
-0.04
-0.033
-0.023
-0.01
-0.002
0.005
0.009
0.009
0.008
0.005
-0.001
-0.012
-0.026
-0.037
-0.046
-0.051
-0.05
-0.048
-0.049
-0.05
-0.051
-0.049
-0.049
-0.049
-0.053
-0.058
-0.053
-0.035
-0.005
0.086
0.187
0.284
0.358
0.408
0.384
0.284
0.166
0.057
-0.033
-0.103
-0.102
-0.089
-0.077
-0.069
-0.064
-0.061
-0.06
-0.057
-0.057
-0.058
-0.057
-0.053
-0.05
-0.032
-0.018
-0.003
0.014
0.032
0.038
0.053
0.065
0.076
0.085
0.095
0.098
0.099
0.097
0.092
0.088
0.084
0.078
0.06
0.043
0.024
0.007
-0.009
-0.013
-0.025
-0.036
-0.048
-0.055
-0.059
-0.057
-0.054
-0.053
-0.054
-0.055
-0.054
-0.054
-0.053
-0.053
-0.053
-0.054
-0.053
-0.051
-0.049
-0.049
-0.05
-0.05
-0.048
-0.047
-0.045
-0.045
-0.045
-0.046
-0.045
-0.044
-0.041
-0.039
-0.036
-0.036
-0.027
-0.018
-0.007
0.005
0.02
0.026
0.031
0.031
0.026
0.019
0.012
0.003
-0.007
-0.017
-0.027
-0.035
-0.038
-0.038
-0.036
-0.035
-0.035
-0.036
-0.034
-0.033
-0.035
-0.03
-0.016
0.011
0.051
0.105
0.203
0.277
0.327
0.352
0.355
0.29
0.185
0.095
0.02
-0.038
-0.077
-0.063
-0.053
-0.048
-0.049
-0.051
-0.051
-0.05
-0.046
-0.044
-0.042
-0.04
-0.033
-0.026
-0.01
0.006
0.021
0.036
0.053
0.063
0.076
0.086
0.093
0.098
0.104
0.103
0.102
0.098
0.091
0.082
0.075
0.068
0.053
0.036
0.017
-0.002
-0.019
-0.029
-0.037
-0.044
