-0.001
0.009
0.018
0.018
0.01
-0.001
-0.012
-0.024
-0.035
-0.041
-0.044
-0.046
-0.046
-0.046
-0.044
-0.044
-0.044
-0.044
-0.044
-0.045
-0.045
-0.05
-0.008
0.046
0.112
0.192
0.285
0.34
0.332
0.299
0.243
0.163
0.059
-0.004
-0.042
-0.067
-0.079
-0.074
-0.059
-0.058
-0.057
-0.057
-0.056
-0.056
-0.054
-0.054
-0.047
-0.039
-0.029
-0.017
-0.002
0.007
0.024
0.04
0.057
0.072
0.087
0.091
0.095
0.096
0.095
0.094
0.093
0.09
0.081
0.072
0.062
0.051
0.036
0.026
0.009
-0.008
-0.023
-0.037
-0.048
-0.052
-0.054
-0.055
-0.054
-0.055
-0.053
-0.052
-0.052
-0.052
-0.051
-0.05
-0.049
-0.049
-0.048
-0.048
-0.048
-0.047
-0.046
-0.046
-0.045
-0.045
-0.044
-0.043
-0.041
-0.041
-0.04
-0.04
-0.04
-0.039
-0.033
-0.03
-0.025
-0.018
-0.009
-0.005
0.005
0.013
0.02
0.025
0.029
0.025
0.011
-0.003
-0.017
-0.028
-0.037
-0.037
-0.036
-0.036
-0.036
-0.036
-0.035
-0.035
-0.035
-0.035
-0.036
-0.039
-0.042
-0.036
0.052
0.126
0.216
0.318
0.414
0.414
0.338
0.26
0.158
0.041
-0.063
-0.07
-0.083
-0.083
-0.071
-0.058
-0.049
-0.05
-0.049
-0.048
-0.048
-0.048
-0.047
-0.043
-0.031
-0.021
-0.008
0.006
0.02
0.024
0.044
0.059
0.073
0.086
0.096
0.095
0.094
0.093
0.09
0.087
0.072
0.058
0.043
0.028
0.012
0.007
-0.009
-0.024
-0.037
-0.05
-0.06
-0.06
-0.061
-0.06
-0.06
-0.059
-0.06
-0.059
-0.06
-0.059
-0.057
-0.055
-0.056
-0.056
-0.056
-0.057
-0.056
-0.055
-0.055
-0.054
-0.054
-0.054
-0.053
-0.052
-0.051
-0.05
-0.05
-0.05
-0.049
-0.048
-0.049
-0.05
-0.043
-0.033
-0.021
-0.008
0.005
0.01
0.011
0.01
0.007
0.002
-0.005
-0.013
-0.024
-0.033
-0.039
-0.044
-0.049
-0.049
-0.05
-0.051
-0.049
-0.047
-0.046
-0.045
-0.051
-0.048
-0.032
-0.004
0.035
0.092
0.188
0.265
0.317
0.342
0.343
0.278
0.169
0.077
0.005
-0.052
-0.095
-0.082
-0.074
-0.069
-0.066
-0.064
-0.062
-0.062
-0.059
-0.061
-0.059
-0.055
-0.049
-0.044
-0.029
-0.013
0.005
0.023
0.04
0.05
0.06
0.068
0.076
0.083
0.088
0.089
0.086
0.082
0.078
0.073
0.066
0.058
0.039
0.021
0.005
-0.011
-0.028
-0.036
-0.046
-0.056
-0.064
-0.067
-0.069
-0.069
-0.068
-0.067
-0.066
-0.064
-0.062
-0.061
-0.061
-0.061
-0.061
-0.06
-0.059
-0.059
-0.059
-0.058
-0.058
-0.056
-0.054
-0.053
-0.053
-0.053
-0.053
-0.053
-0.052
-0.05
-0.048
-0.044
-0.033
-0.02
-0.006
0.007
0.019
0.021
0.018
0.012
0.005
-0.004
-0.014
-0.022
-0.03
-0.036
-0.04
-0.041
-0.04
-0.041
-0.042
-0.043
-0.042
-0.041
-0.039
-0.038
-0.023
0.002
0.04
0.09
0.151
0.208
0.261
0.288
0.291
0.271
0.225
0.158
0.083
0.024
-0.02
-0.05
-0.064
-0.058
-0.055
-0.054
-0.054
-0.053
-0.051
-0.051
-0.049
-0.046
-0.04
-0.032
-0.022
-0.013
0.004
0.02
0.036
0.053
0.071
0.078
0.085
0.09
0.095
0.098
0.101
0.1
0.097
0.09
0.082
0.073
0.064
0.053
0.035
0.016
-0.005
-0.021
-0.036
-0.044
-0.051
-0.052
-0.055
-0.054
-0.053
-0.052
-0.051
-0.051
-0.052
-0.051
-0.049
-0.049
-0.048
-0.048
-0.048
-0.047
-0.045
-0.045
-0.045
-0.046
-0.046
-0.045
-0.043
-0.042
-0.041
-0.041
-0.041
-0.04
-0.038
-0.038
-0.037
-0.038
-0.036
-0.033
-0.027
-0.02
-0.007
0.005
0.015
0.024
0.032
0.031
0.022
0.009
-0.005
-0.019
-0.031
-0.034
-0.035
-0.036
-0.037
-0.036
-0.035
-0.035
-0.035
-0.034
-0.033
-0.033
-0.033
-0.036
0
0.047
0.107
0.18
0.267
0.322
0.326
0.305
0.258
0.189
0.096
0.03
-0.014
-0.045
-0.063
-0.066
-0.055
-0.054
-0.054
-0.055
-0.056
-0.057
-0.057
-0.056
-0.047
-0.04
-0.033
-0.023
-0.01
-0.004
0.018
0.034
0.05
0.066
0.081
0.082
