0.304
0.286
0.241
0.168
0.069
0.031
-0.015
-0.042
-0.058
-0.061
-0.053
-0.052
-0.054
-0.053
-0.051
-0.052
-0.053
-0.051
-0.043
-0.034
-0.023
-0.013
-0.002
0.004
0.023
0.04
0.058
0.072
0.085
0.087
0.089
0.092
0.095
0.095
0.093
0.091
0.083
0.075
0.048
0.023
-0.008
-0.033
-0.057
-0.057
-0.062
-0.06
-0.06
-0.061
-0.063
-0.061
-0.063
-0.061
-0.059
-0.059
-0.061
-0.06
-0.061
-0.059
-0.056
-0.056
-0.057
-0.057
-0.058
-0.058
-0.056
-0.056
-0.057
-0.056
-0.057
-0.057
-0.056
-0.055
-0.053
-0.052
-0.046
-0.039
-0.033
-0.024
-0.012
-0.004
0.004
0.008
0.009
0.007
0.005
0.001
-0.01
-0.021
-0.034
-0.045
-0.053
-0.055
-0.055
-0.054
-0.051
-0.05
-0.048
-0.049
-0.055
-0.054
-0.041
-0.016
0.07
0.168
0.266
0.346
0.404
0.387
0.296
0.182
0.069
-0.028
-0.103
-0.108
-0.099
-0.085
-0.077
-0.072
-0.069
-0.066
-0.063
-0.062
-0.062
-0.062
-0.06
-0.056
-0.042
-0.029
-0.015
-0.001
0.017
0.028
0.045
0.061
0.072
0.081
0.089
0.09
0.091
0.09
0.086
0.081
0.078
0.075
0.056
0.042
0.024
0.004
-0.014
-0.016
-0.03
-0.04
-0.051
-0.06
-0.067
-0.064
-0.065
-0.064
-0.066
-0.067
-0.068
-0.064
-0.064
-0.061
-0.062
-0.062
-0.062
-0.058
-0.058
-0.056
-0.056
-0.056
-0.055
-0.052
-0.052
-0.05
-0.051
-0.052
-0.051
-0.048
-0.045
-0.043
-0.044
-0.046
-0.046
-0.046
-0.036
-0.025
-0.014
-0.003
0.011
0.018
0.023
0.027
0.024
0.017
0.008
0
-0.01
-0.019
-0.027
-0.036
-0.041
-0.041
-0.04
-0.038
-0.038
-0.039
-0.039
-0.039
-0.042
-0.039
-0.028
-0.007
0.029
0.081
0.184
0.269
0.327
0.359
0.368
0.308
0.198
0.106
0.027
-0.038
-0.085
-0.071
-0.06
-0.051
-0.048
-0.049
-0.048
-0.048
-0.046
-0.043
-0.042
-0.041
-0.037
-0.031
-0.015
0.002
0.018
0.032
0.048
0.058
0.072
0.084
0.093
0.098
