-0.126
-0.124
-0.122
-0.121
-0.119
-0.118
-0.117
-0.116
-0.115
-0.114
-0.113
-0.112
-0.111
-0.109
-0.107
-0.106
-0.106
-0.105
-0.104
-0.104
-0.103
-0.102
-0.101
-0.1
-0.098
-0.097
-0.096
-0.095
-0.088
-0.087
-0.087
-0.086
-0.084
-0.087
-0.086
-0.084
-0.082
-0.081
-0.081
-0.08
-0.078
-0.078
-0.077
-0.075
-0.074
-0.075
-0.075
-0.075
-0.075
-0.072
-0.065
-0.055
-0.042
-0.026
-0.008
0.009
0.025
0.037
0.048
0.056
0.062
0.064
0.064
0.062
0.056
0.046
0.035
0.022
0.008
-0.009
-0.025
-0.039
-0.051
-0.06
-0.057
-0.06
-0.061
-0.061
-0.06
-0.068
-0.068
-0.067
-0.067
-0.066
-0.065
-0.063
-0.062
-0.062
-0.061
-0.061
-0.062
-0.062
-0.067
-0.076
-0.069
-0.04
0.012
0.088
0.192
0.307
0.426
0.54
0.648
0.745
0.764
0.776
0.739
0.655
0.533
0.441
0.299
0.164
0.037
-0.07
-0.147
-0.192
-0.201
-0.182
-0.156
-0.135
-0.123
-0.117
-0.115
-0.114
-0.114
-0.113
-0.112
-0.111
-0.11
-0.108
-0.106
-0.105
-0.104
-0.102
-0.087
-0.085
-0.078
-0.068
-0.054
-0.051
-0.031
-0.012
0.005
0.021
0.038
0.057
0.076
0.095
0.114
0.134
0.15
0.163
0.174
0.18
0.184
0.187
0.19
0.191
0.191
0.189
0.187
0.183
0.178
0.172
0.167
0.159
0.15
0.139
0.126
0.107
0.084
0.061
0.04
0.02
-0
-0.018
-0.035
-0.052
-0.069
-0.086
-0.104
-0.117
-0.126
-0.132
-0.134
-0.132
-0.13
-0.129
-0.127
-0.126
-0.124
-0.123
-0.122
-0.12
-0.118
-0.117
-0.116
-0.116
-0.116
-0.116
-0.116
-0.115
-0.114
-0.112
-0.11
-0.109
-0.11
-0.109
-0.108
-0.106
-0.105
-0.101
-0.1
-0.099
-0.099
-0.097
-0.097
-0.096
-0.096
-0.096
-0.095
-0.094
-0.094
-0.093
-0.091
-0.089
-0.089
-0.087
-0.086
-0.086
-0.085
-0.084
-0.093
-0.093
-0.093
-0.092
-0.092
-0.081
-0.075
-0.064
-0.051
-0.034
-0.016
0.001
0.016
0.029
0.04
0.047
0.051
0.052
