0
0.008
0.015
0.018
0.018
0.015
0.012
0.007
-0.005
-0.017
-0.028
-0.036
-0.042
-0.041
-0.04
-0.041
-0.043
-0.042
-0.04
-0.04
-0.041
-0.047
-0.048
-0.037
-0.013
0.025
0.129
0.231
0.316
0.377
0.414
0.369
0.255
0.141
0.042
-0.037
-0.096
-0.086
-0.072
-0.062
-0.056
-0.053
-0.05
-0.05
-0.048
-0.049
-0.05
-0.048
-0.043
-0.038
-0.023
-0.008
0.006
0.023
0.043
0.055
0.07
0.082
0.089
0.095
0.102
0.102
0.102
0.099
0.094
0.089
0.085
0.079
0.061
0.043
0.024
0.006
-0.01
-0.014
-0.025
-0.035
-0.046
-0.054
-0.057
-0.057
-0.055
-0.054
-0.055
-0.055
-0.054
-0.054
-0.052
-0.051
-0.052
-0.052
-0.05
-0.049
-0.047
-0.047
-0.048
-0.049
-0.047
-0.046
-0.043
-0.042
-0.043
-0.043
-0.043
-0.044
-0.043
-0.043
-0.034
-0.026
-0.014
-0
0.016
0.022
0.024
0.023
0.009
-0.007
-0.024
-0.037
-0.047
-0.046
-0.044
-0.042
-0.042
-0.043
-0.042
-0.042
-0.041
-0.03
-0.009
0.025
0.072
0.13
0.218
0.279
0.312
0.321
0.308
0.239
0.143
0.064
-0.002
-0.051
-0.084
-0.073
-0.065
-0.061
-0.061
-0.062
-0.061
-0.061
-0.059
-0.057
-0.055
-0.053
-0.045
-0.037
-0.019
-0.001
0.015
0.031
0.049
0.058
0.07
0.079
0.084
0.087
0.092
0.091
0.089
0.086
0.078
0.068
0.059
0.05
0.034
0.018
-0.001
-0.02
-0.036
-0.045
-0.052
-0.058
-0.064
-0.068
-0.07
-0.07
-0.069
-0.067
-0.068
-0.07
-0.069
-0.069
-0.068
-0.065
-0.065
-0.066
-0.065
-0.065
-0.063
-0.062
-0.062
-0.063
-0.062
-0.062
-0.06
-0.059
-0.058
-0.059
-0.058
-0.058
-0.055
-0.054
-0.053
-0.053
-0.05
-0.046
-0.033
-0.018
-0.006
0.005
0.016
0.018
0.015
0.01
0.001
-0.013
-0.026
-0.034
-0.039
-0.043
-0.047
-0.05
-0.051
-0.051
-0.05
-0.049
-0.049
-0.049
-0.05
-0.05
-0.026
0.008
0.053
0.108
0.176
0.233
0.245
0.26
0.249
0.211
