0.263
0.261
0.236
0.187
0.112
0.069
0.012
-0.031
-0.061
-0.075
-0.073
-0.07
-0.07
-0.069
-0.065
-0.06
-0.051
-0.04
-0.028
-0.019
-0.002
0.014
0.03
0.048
0.064
0.07
0.075
0.078
0.081
0.084
0.086
0.084
0.077
0.066
0.057
0.046
0.034
0.023
0.005
-0.014
-0.03
-0.045
-0.057
-0.062
-0.066
-0.07
-0.07
-0.07
-0.068
-0.067
-0.067
-0.067
-0.066
-0.065
-0.062
-0.062
-0.061
-0.061
-0.061
-0.06
-0.058
-0.058
-0.058
-0.059
-0.059
-0.057
-0.055
-0.055
-0.054
-0.055
-0.055
-0.054
-0.052
-0.052
-0.052
-0.051
-0.046
-0.039
-0.03
-0.021
-0.009
0.001
0.009
0.016
0.023
0.021
0.011
-0.001
-0.013
-0.024
-0.034
-0.037
-0.038
-0.039
-0.04
-0.041
-0.04
-0.04
-0.041
-0.042
-0.043
-0.042
-0.043
-0.047
0.029
0.091
0.13
0.159
0.18
0.104
0.031
-0.023
-0.051
-0.067
-0.068
-0.056
-0.041
-0.04
-0.039
-0.039
-0.039
-0.039
-0.037
-0.037
-0.028
-0.02
-0.01
0.003
0.018
0.026
0.043
0.058
0.073
0.088
0.102
0.105
0.108
0.108
0.108
0.109
0.11
0.108
0.099
0.087
0.072
0.057
0.043
0.032
0.015
-0.001
-0.017
-0.031
-0.042
-0.045
-0.046
-0.047
-0.047
-0.047
-0.045
-0.046
-0.044
-0.043
-0.043
-0.041
-0.038
-0.037
-0.036
-0.037
-0.039
-0.039
-0.037
-0.037
-0.037
-0.039
-0.039
-0.039
-0.037
-0.035
-0.032
-0.032
-0.033
-0.033
-0.032
-0.033
-0.029
-0.025
-0.02
-0.011
0.001
0.009
0.019
0.026
0.03
0.032
0.033
0.028
0.015
0
-0.014
-0.025
-0.033
-0.033
-0.034
-0.035
-0.038
-0.038
-0.038
-0.037
-0.039
-0.04
-0.044
-0.048
-0.043
-0.026
0.071
0.178
0.277
0.352
0.403
0.357
0.238
0.14
0.047
-0.033
-0.097
-0.089
-0.09
-0.079
-0.067
-0.058
-0.052
-0.051
-0.051
-0.051
-0.051
-0.051
-0.05
-0.047
-0.033
-0.021
-0.007
0.007
0.024
0.03
0.047
0.06
0.071
0.082
0.093
0.094
