0.01
0.019
0.033
0.047
0.061
0.074
0.084
0.086
0.086
0.086
0.086
0.084
0.082
0.077
0.063
0.048
0.034
0.018
0.001
-0.008
-0.025
-0.04
-0.052
-0.063
-0.072
-0.072
-0.073
-0.074
-0.074
-0.073
-0.072
-0.071
-0.071
-0.07
-0.068
-0.067
-0.066
-0.064
-0.065
-0.067
-0.066
-0.065
-0.063
-0.063
-0.063
-0.063
-0.062
-0.061
-0.059
-0.058
-0.058
-0.059
-0.057
-0.056
-0.054
-0.053
-0.049
-0.042
-0.033
-0.022
-0.01
-0.001
0.005
0.01
0.012
0.013
0.01
0.003
-0.01
-0.024
-0.036
-0.045
-0.052
-0.052
-0.054
-0.055
-0.054
-0.053
-0.053
-0.052
-0.054
-0.058
-0.061
-0.053
-0.034
-0.003
0.088
0.19
0.285
0.357
0.403
0.376
0.27
0.152
0.046
-0.039
-0.108
-0.106
-0.093
-0.081
-0.072
-0.065
-0.063
-0.062
-0.062
-0.062
-0.062
-0.06
-0.056
-0.053
-0.04
-0.026
-0.011
0.006
0.023
0.032
0.046
0.059
0.071
0.083
0.092
0.093
0.092
0.088
0.085
0.083
0.081
0.076
0.059
0.043
0.025
0.009
-0.007
-0.013
-0.025
-0.037
-0.047
-0.054
-0.059
-0.061
-0.06
-0.061
-0.061
-0.06
-0.058
-0.058
-0.056
-0.056
-0.056
-0.055
-0.053
-0.054
-0.051
-0.051
-0.051
-0.049
-0.047
-0.048
-0.046
-0.047
-0.047
-0.045
-0.043
-0.043
-0.042
-0.043
-0.044
-0.043
-0.042
-0.042
-0.029
-0.019
-0.007
0.007
0.02
0.021
0.021
0.019
0.012
0.008
0.001
-0.005
-0.015
-0.021
-0.029
-0.034
-0.036
-0.036
-0.035
-0.036
-0.037
-0.036
-0.017
-0.012
0.03
0.06
0.1
0.133
0.206
0.253
0.3
0.323
0.322
0.279
0.182
0.101
0.034
-0.02
-0.059
-0.053
-0.052
-0.051
-0.05
-0.049
-0.05
-0.05
-0.05
-0.046
-0.04
-0.032
-0.023
-0.013
0.004
0.022
0.041
0.058
0.073
0.081
0.087
0.094
0.099
0.102
0.102
0.102
0.096
0.09
0.082
0.073
0.06
0.05
0.031
0.015
-0.001
-0.017
-0.034
-0.043
-0.05
-0.054
-0.055
-0.055
