-0.039
-0.039
-0.041
-0.042
-0.042
-0.041
-0.04
-0.041
-0.042
-0.041
-0.03
-0.016
-0
0.013
0.024
0.027
0.025
0.021
0.016
0.006
-0.006
-0.015
-0.024
-0.03
-0.034
-0.038
-0.042
-0.042
-0.043
-0.041
-0.038
-0.038
-0.039
-0.038
-0.028
-0.006
0.029
0.073
0.129
0.186
0.249
0.288
0.301
0.288
0.248
0.179
0.097
0.034
-0.012
-0.047
-0.07
-0.063
-0.06
-0.058
-0.056
-0.055
-0.057
-0.058
-0.057
-0.054
-0.048
-0.041
-0.033
-0.025
-0.009
0.009
0.027
0.043
0.059
0.067
0.075
0.083
0.09
0.094
0.095
0.093
0.086
0.075
0.063
0.052
0.038
0.026
0.01
-0.001
-0.013
-0.029
-0.044
-0.05
-0.059
-0.064
-0.066
-0.067
-0.068
-0.068
-0.068
-0.066
-0.064
-0.063
-0.064
-0.065
-0.065
-0.064
-0.063
-0.062
-0.06
-0.059
-0.061
-0.062
-0.059
-0.06
-0.06
-0.057
-0.055
-0.057
-0.058
-0.059
-0.058
-0.058
-0.055
-0.051
-0.048
-0.043
-0.029
-0.017
-0.004
0.008
0.014
0.012
0.002
-0.007
-0.016
-0.026
-0.039
-0.042
-0.046
-0.05
-0.049
-0.049
-0.05
-0.052
-0.051
-0.052
-0.051
-0.049
-0.05
-0.053
0.005
0.05
0.129
0.2
0.282
0.314
0.299
0.263
0.226
0.164
0.073
0.03
-0.017
-0.051
-0.071
-0.076
-0.067
-0.066
-0.065
-0.063
-0.062
-0.063
-0.054
-0.045
-0.035
-0.021
-0.005
0.003
0.022
0.04
0.054
0.067
0.079
0.081
0.085
0.088
0.087
0.085
0.083
0.081
0.072
0.061
0.047
0.031
0.014
0.004
-0.011
-0.025
-0.04
-0.055
-0.067
-0.069
-0.068
-0.066
-0.064
-0.065
-0.064
-0.064
-0.062
-0.059
-0.058
-0.059
-0.059
-0.059
-0.057
-0.055
-0.055
-0.056
-0.057
-0.056
-0.054
-0.052
-0.051
-0.052
-0.052
-0.051
-0.05
-0.048
-0.046
-0.048
-0.048
-0.047
-0.041
-0.033
-0.025
-0.017
-0.007
0.002
0.008
0.016
0.021
0.021
0.018
0.017
0.002
-0.008
-0.02
-0.033
-0.044
-0.042
-0.043
-0.04
-0.037
-0.037
-0.037
-0.035
-0.041
-0.04
-0.044
-0.047
-0.04
-0.013
0.085
0.181
0.282
0.372
0.438
0.411
0.304
0.199
0.084
-0.019
-0.104
-0.091
-0.086
-0.071
-0.06
-0.053
-0.05
-0.049
-0.048
-0.045
-0.044
-0.046
-0.046
-0.044
-0.032
-0.017
-0.001
0.014
0.029
0.038
0.054
0.07
0.084
0.092
0.1
0.102
0.103
0.104
0.103
0.098
0.093
0.087
0.073
0.06
0.045
0.026
0.008
-0.001
-0.016
-0.027
-0.036
-0.046
-0.055
-0.054
-0.053
-0.052
-0.051
-0.052
-0.054
-0.054
-0.054
-0.052
-0.05
-0.051
-0.052
-0.052
-0.052
-0.05
-0.048
-0.049
-0.049
-0.049
-0.048
-0.046
-0.045
-0.045
-0.047
-0.047
-0.047
-0.046
-0.043
-0.043
-0.044
-0.043
-0.037
-0.027
-0.014
-0.004
0.007
0.013
0.017
0.02
0.02
0.016
0.009
0.001
-0.011
-0.02
-0.029
-0.037
-0.045
-0.046
-0.047
-0.046
-0.044
-0.044
-0.045
-0.046
-0.051
-0.054
-0.045
-0.026
0.003
0.051
0.154
0.249
0.318
0.36
0.376
0.32
0.203
0.103
0.021
-0.046
-0.1
-0.087
-0.076
-0.067
-0.062
-0.058
-0.058
-0.058
-0.057
-0.051
-0.037
-0.021
-0.003
0.015
0.03
0.04
0.051
0.064
0.074
0.081
0.084
0.085
0.082
0.08
0.079
0.074
0.066
0.059
0.042
0.026
0.01
-0.006
-0.024
-0.034
-0.047
-0.057
-0.064
-0.07
-0.075
-0.075
-0.075
-0.073
-0.071
-0.069
-0.07
-0.07
-0.07
-0.069
-0.068
-0.066
-0.067
-0.066
-0.067
-0.066
-0.065
-0.063
-0.065
-0.065
-0.065
-0.065
-0.062
-0.06
-0.059
-0.058
-0.059
-0.058
-0.056
-0.055
-0.055
-0.053
-0.04
-0.028
-0.013
0.001
0.011
0.011
0.006
0.004
-0.001
-0.008
-0.018
-0.025
-0.034
-0.041
-0.045
-0.047
-0.05
-0.051
-0.05
-0.049
-0.047
-0.044
-0.044
-0.046
-0.015
0.003
0.034
0.077
0.129
0.16
0.205
0.252
0.274
0.271
0.242
0.198
0.118
0.049
-0.002
-0.04
-0.065
-0.066
-0.062
-0.061
-0.059
-0.056
-0.056
-0.057
