-0.003
0.004
0.01
0.017
0.021
0.021
0.018
0.016
0.001
-0.009
-0.021
-0.033
-0.043
-0.041
-0.042
-0.04
-0.038
-0.038
-0.038
-0.036
-0.042
-0.042
-0.046
-0.048
-0.04
-0.011
0.09
0.188
0.29
0.377
0.44
0.41
0.301
0.192
0.077
-0.025
-0.109
-0.097
-0.091
-0.076
-0.064
-0.057
-0.053
-0.051
-0.051
-0.049
-0.048
-0.048
-0.048
-0.045
-0.031
-0.017
-0.001
0.014
0.03
0.038
0.054
0.069
0.083
0.092
0.099
0.1
0.097
0.094
0.092
0.088
0.081
0.074
0.06
0.042
0.023
0.007
-0.008
-0.017
-0.026
-0.036
-0.044
-0.05
-0.052
-0.052
-0.051
-0.052
-0.052
-0.052
-0.05
-0.049
-0.046
-0.046
-0.047
-0.047
-0.045
-0.045
-0.043
-0.044
-0.044
-0.045
-0.044
-0.044
-0.043
-0.044
-0.045
-0.044
-0.043
-0.042
-0.04
-0.04
-0.041
-0.04
-0.038
-0.035
-0.023
-0.012
-0.001
0.011
0.023
0.026
0.025
0.02
0.012
0.002
-0.007
-0.015
-0.022
-0.029
-0.035
-0.04
-0.04
-0.039
-0.038
-0.038
-0.039
-0.04
-0.039
-0.038
-0.028
-0.008
0.023
0.066
0.122
0.179
0.245
0.284
0.298
0.288
0.254
0.187
0.105
0.038
-0.014
-0.051
-0.073
-0.065
-0.06
-0.059
-0.059
-0.06
-0.058
-0.058
-0.055
-0.052
-0.033
-0.014
0.007
0.03
0.056
0.064
0.073
0.081
0.085
0.088
0.091
0.09
0.083
0.078
0.069
0.061
0.052
0.046
0.029
0.011
-0.009
-0.028
-0.044
-0.053
-0.061
-0.066
-0.071
-0.073
-0.073
-0.071
-0.071
-0.068
-0.066
-0.065
-0.063
-0.062
-0.063
-0.064
-0.064
-0.063
-0.062
-0.06
-0.061
-0.062
-0.061
-0.06
-0.057
-0.056
-0.057
-0.058
-0.056
-0.056
-0.054
-0.053
-0.054
-0.053
-0.049
-0.045
-0.031
-0.017
-0.006
0.003
0.012
0.012
0.008
0.001
-0.01
-0.023
-0.035
-0.042
-0.046
-0.049
-0.052
-0.054
-0.053
-0.052
-0.05
-0.049
-0.049
-0.05
-0.049
-0.049
-0.015
0.029
0.083
0.148
0.229
0.285
0.302
0.294
