0.018
0.024
0.026
0.026
0.024
0.021
0.015
0.008
-0.004
-0.014
-0.024
-0.032
-0.037
-0.036
-0.037
-0.035
-0.032
-0.031
-0.032
-0.032
-0.037
-0.036
-0.022
0.004
0.04
0.093
0.191
0.272
0.33
0.363
0.37
0.309
0.196
0.101
0.028
-0.03
-0.074
-0.061
-0.051
-0.05
-0.05
-0.049
-0.045
-0.041
-0.037
-0.03
-0.016
0
0.018
0.037
0.054
0.063
0.073
0.08
0.087
0.093
0.098
0.097
0.094
0.09
0.086
0.081
0.074
0.066
0.047
0.027
0.005
-0.016
-0.036
-0.044
-0.053
-0.058
-0.059
-0.059
-0.06
-0.059
-0.059
-0.059
-0.058
-0.058
-0.057
-0.058
-0.056
-0.055
-0.055
-0.055
-0.053
-0.052
-0.054
-0.055
-0.054
-0.053
-0.054
-0.055
-0.054
-0.054
-0.053
-0.051
-0.051
-0.052
-0.05
-0.05
-0.05
-0.048
-0.046
-0.045
-0.031
-0.021
-0.009
0.005
0.017
0.016
0.011
0.005
-0.003
-0.011
-0.021
-0.027
-0.035
-0.042
-0.048
-0.049
-0.05
-0.052
-0.051
-0.051
-0.052
-0.05
-0.048
-0.05
-0.013
0.01
0.045
0.093
0.152
0.183
0.218
0.25
0.259
0.245
0.206
0.163
0.09
0.03
-0.017
-0.05
-0.068
-0.067
-0.067
-0.067
-0.065
-0.063
-0.063
-0.064
-0.059
-0.057
-0.053
-0.045
-0.02
-0.004
0.022
0.044
0.063
0.065
0.076
0.08
0.084
0.085
0.087
0.085
0.077
0.07
0.06
0.047
0.031
0.021
0.002
-0.014
-0.029
-0.045
-0.062
-0.066
-0.069
-0.068
-0.066
-0.064
-0.064
-0.063
-0.064
-0.062
-0.06
-0.059
-0.06
-0.059
-0.059
-0.058
-0.057
-0.055
-0.054
-0.054
-0.056
-0.056
-0.056
-0.054
-0.052
-0.05
-0.05
-0.049
-0.049
-0.046
-0.041
-0.034
-0.027
-0.017
-0.006
0.004
-0
-0.005
-0.012
-0.026
-0.042
-0.043
-0.045
-0.045
-0.043
-0.041
-0.041
-0.04
-0.04
-0.04
-0.039
-0.04
-0.046
-0.046
0.011
0.081
0.165
0.262
0.362
0.4
0.359
0.295
0.209
0.099
-0.015
-0.058
-0.077
-0.084
-0.075
-0.059
