0.084
0.087
0.087
0.085
0.082
0.082
0.068
0.059
0.047
0.032
0.001
-0.013
-0.035
-0.053
-0.068
-0.066
-0.069
-0.07
-0.068
-0.066
-0.066
-0.065
-0.064
-0.064
-0.066
-0.066
-0.065
-0.064
-0.064
-0.064
-0.065
-0.064
-0.062
-0.061
-0.059
-0.06
-0.061
-0.062
-0.06
-0.059
-0.057
-0.058
-0.058
-0.057
-0.055
-0.055
-0.047
-0.039
-0.031
-0.02
-0.006
0.001
0.007
0.01
0.009
0.006
0.002
-0.004
-0.014
-0.025
-0.036
-0.045
-0.051
-0.051
-0.051
-0.052
-0.053
-0.053
-0.052
-0.052
-0.054
-0.059
-0.059
-0.048
-0.022
0.016
0.115
0.216
0.299
0.358
0.394
0.353
0.242
0.128
0.03
-0.05
-0.109
-0.099
-0.084
-0.073
-0.067
-0.065
-0.065
-0.064
-0.062
-0.062
-0.063
-0.062
-0.058
-0.052
-0.036
-0.021
0.007
0.032
0.056
0.073
0.092
0.093
0.092
0.09
0.085
0.081
0.076
0.072
0.054
0.037
0.018
0
-0.016
-0.02
-0.032
-0.043
-0.053
-0.06
-0.064
-0.062
-0.062
-0.061
-0.062
-0.062
-0.062
-0.059
-0.058
-0.056
-0.057
-0.057
-0.055
-0.053
-0.05
-0.048
-0.049
-0.049
-0.047
-0.047
-0.045
-0.044
-0.044
-0.045
-0.044
-0.043
-0.04
-0.038
-0.038
-0.039
-0.038
-0.037
-0.025
-0.014
-0
0.009
0.015
0.012
0.009
0
-0.008
-0.016
-0.024
-0.03
-0.033
-0.032
-0.03
-0.029
-0.03
-0.031
-0.03
-0.03
-0.028
-0.016
0.006
0.039
0.085
0.143
0.23
0.29
0.324
0.332
0.317
0.247
0.153
0.074
0.011
-0.037
-0.069
-0.059
-0.051
-0.046
-0.046
-0.048
-0.046
-0.045
-0.043
-0.04
-0.037
-0.035
-0.029
-0.021
-0.003
0.015
0.032
0.048
0.065
0.075
0.087
0.097
0.102
0.104
0.106
0.104
0.102
0.099
0.093
0.084
0.075
0.067
0.051
0.036
0.018
-0.001
-0.018
-0.028
-0.036
-0.041
-0.047
-0.052
-0.054
-0.053
-0.052
-0.05
-0.05
-0.052
-0.052
-0.051
-0.05
-0.049
-0.05
-0.051
-0.052
-0.051
-0.049
-0.047
