-0.121
-0.12
-0.12
-0.119
-0.117
-0.117
-0.116
-0.113
-0.107
-0.099
-0.087
-0.071
-0.052
-0.034
-0.016
0.001
0.018
0.036
0.056
0.074
0.092
0.111
0.129
0.142
0.152
0.159
0.172
0.176
0.178
0.182
0.184
0.176
0.175
0.172
0.167
0.161
0.156
0.149
0.14
0.129
0.116
0.1
0.08
0.059
0.039
0.019
-0.001
-0.019
-0.036
-0.053
-0.07
-0.087
-0.104
-0.118
-0.128
-0.134
-0.136
-0.136
-0.134
-0.133
-0.131
-0.129
-0.127
-0.125
-0.124
-0.123
-0.122
-0.121
-0.119
-0.118
-0.117
-0.116
-0.115
-0.114
-0.112
-0.111
-0.11
-0.109
-0.108
-0.107
-0.106
-0.105
-0.104
-0.103
-0.102
-0.101
-0.1
-0.098
-0.097
-0.096
-0.095
-0.094
-0.094
-0.093
-0.091
-0.091
-0.09
-0.088
-0.087
-0.086
-0.085
-0.085
-0.085
-0.084
-0.084
-0.083
-0.081
-0.08
-0.079
-0.078
-0.073
-0.066
-0.054
-0.039
-0.023
-0.005
0.012
0.027
0.039
0.049
0.052
0.055
0.056
0.055
0.052
0.049
0.039
0.027
0.012
-0.004
-0.019
-0.034
-0.048
-0.057
-0.064
-0.068
-0.07
-0.07
-0.071
-0.071
-0.071
-0.07
-0.069
-0.068
-0.067
-0.066
-0.064
-0.063
-0.063
-0.062
-0.061
-0.06
-0.062
-0.071
-0.074
-0.056
-0.015
0.055
0.154
0.265
0.373
0.482
0.595
0.704
0.785
0.818
0.802
0.735
0.621
0.489
0.358
0.227
0.09
-0.037
-0.128
-0.183
-0.205
-0.193
-0.165
-0.142
-0.128
-0.12
-0.119
-0.117
-0.115
-0.114
-0.112
-0.11
-0.109
-0.109
-0.109
-0.108
-0.108
-0.107
-0.105
-0.102
-0.097
-0.087
-0.073
-0.057
-0.038
-0.02
-0.001
0.017
0.033
0.049
0.068
0.086
0.105
0.124
0.14
0.154
0.165
0.174
0.175
0.179
0.182
0.185
0.186
0.191
0.189
0.185
0.178
0.172
0.165
0.159
0.151
0.14
0.127
0.111
0.092
0.071
0.049
0.028
0.008
-0.01
-0.026
-0.044
-0.063
-0.08
-0.096
-0.11
-0.12
-0.126
-0.134
-0.133
-0.132
-0.13
-0.128
-0.121
