-0.068
-0.068
-0.066
-0.066
-0.066
-0.066
-0.083
-0.086
-0.095
-0.103
-0.091
-0.039
0.02
0.112
0.23
0.347
0.456
0.564
0.674
0.769
0.816
0.812
0.758
0.655
0.516
0.377
0.247
0.118
-0.009
-0.114
-0.181
-0.211
-0.207
-0.18
-0.155
-0.137
-0.127
-0.124
-0.123
-0.122
-0.121
-0.121
-0.12
-0.119
-0.116
-0.115
-0.113
-0.112
-0.11
-0.11
-0.109
-0.104
-0.097
-0.086
-0.069
-0.051
-0.033
-0.016
0.001
0.018
0.035
0.053
0.072
0.091
0.111
0.129
0.143
0.154
0.162
0.169
0.168
0.171
0.173
0.175
0.175
0.179
0.175
0.17
0.163
0.157
0.15
0.143
0.133
0.119
0.103
0.084
0.063
0.043
0.024
0.004
-0.015
-0.032
-0.048
-0.066
-0.084
-0.102
-0.116
-0.126
-0.134
-0.138
-0.142
-0.141
-0.141
-0.139
-0.137
-0.133
-0.132
-0.131
-0.13
-0.129
-0.128
-0.127
-0.125
-0.124
-0.123
-0.121
-0.12
-0.118
-0.117
-0.115
-0.114
-0.113
-0.111
-0.11
-0.11
-0.109
-0.108
-0.107
-0.107
-0.106
-0.105
-0.105
-0.104
-0.103
-0.101
-0.099
-0.098
-0.097
-0.096
-0.096
-0.096
-0.095
-0.095
-0.095
-0.095
-0.094
-0.093
-0.092
-0.091
-0.089
-0.088
-0.086
-0.084
-0.08
-0.072
-0.061
-0.047
-0.031
-0.014
0.003
0.018
0.029
0.038
0.045
0.052
0.053
0.053
0.051
0.046
0.033
0.02
0.006
-0.01
-0.027
-0.044
-0.058
-0.068
-0.074
-0.077
-0.078
-0.078
-0.078
-0.077
-0.078
-0.078
-0.079
-0.078
-0.077
-0.076
-0.074
-0.073
-0.072
-0.072
-0.071
-0.072
-0.074
-0.082
-0.087
-0.019
0.02
0.084
0.174
0.281
0.335
0.453
0.569
0.676
0.762
0.806
0.8
0.743
0.642
0.514
0.381
0.241
0.102
-0.023
-0.119
-0.182
-0.212
-0.208
-0.183
-0.16
-0.143
-0.133
-0.131
-0.129
-0.128
-0.127
-0.125
-0.124
-0.123
-0.121
-0.119
-0.117
-0.115
-0.113
-0.112
-0.109
-0.104
-0.096
-0.085
-0.069
-0.051
-0.033
-0.015
0.003
0.018
0.036
0.057
