-0.02
-0.038
-0.056
-0.073
-0.089
-0.105
-0.12
-0.13
-0.136
-0.139
-0.139
-0.137
-0.136
-0.134
-0.133
-0.13
-0.128
-0.127
-0.125
-0.125
-0.124
-0.123
-0.123
-0.122
-0.121
-0.12
-0.119
-0.118
-0.118
-0.118
-0.116
-0.114
-0.113
-0.112
-0.11
-0.11
-0.11
-0.11
-0.109
-0.108
-0.107
-0.106
-0.104
-0.103
-0.103
-0.102
-0.101
-0.1
-0.099
-0.098
-0.089
-0.089
-0.088
-0.087
-0.087
-0.094
-0.093
-0.092
-0.092
-0.091
-0.089
-0.088
-0.086
-0.081
-0.073
-0.061
-0.046
-0.027
-0.009
0.007
0.02
0.032
0.042
0.047
0.049
0.049
0.047
0.042
0.034
0.024
0.014
-0
-0.017
-0.033
-0.047
-0.061
-0.072
-0.078
-0.081
-0.082
-0.082
-0.082
-0.082
-0.082
-0.082
-0.08
-0.08
-0.079
-0.079
-0.079
-0.078
-0.078
-0.076
-0.075
-0.074
-0.078
-0.088
-0.089
-0.068
-0.025
0.046
0.151
0.27
0.383
0.492
0.601
0.71
0.788
0.814
0.791
0.717
0.594
0.452
0.318
0.188
0.058
-0.065
-0.155
-0.206
-0.221
-0.206
-0.176
-0.154
-0.14
-0.135
-0.134
-0.132
-0.13
-0.129
-0.128
-0.126
-0.124
-0.123
-0.121
-0.124
-0.123
-0.122
-0.12
-0.118
-0.108
-0.098
-0.084
-0.067
-0.049
-0.031
-0.014
0.004
0.022
0.042
0.06
0.079
0.099
0.119
0.134
0.146
0.157
0.165
0.171
0.174
0.177
0.179
0.18
0.18
0.178
0.176
0.171
0.164
0.158
0.151
0.142
0.131
0.118
0.1
0.08
0.059
0.038
0.017
-0.004
-0.021
-0.036
-0.053
-0.07
-0.093
-0.11
-0.124
-0.133
-0.138
-0.134
-0.133
-0.131
-0.129
-0.128
-0.128
-0.127
-0.125
-0.124
-0.123
-0.122
-0.12
-0.119
-0.118
-0.117
-0.115
-0.114
-0.113
-0.112
-0.111
-0.11
-0.108
-0.107
-0.106
-0.106
-0.105
-0.104
-0.103
-0.101
-0.099
-0.098
-0.097
-0.096
-0.094
-0.093
-0.092
-0.092
-0.091
-0.09
-0.089
-0.088
-0.093
-0.093
-0.092
-0.09
-0.09
-0.083
-0.082
-0.082
-0.082
-0.081
-0.079
-0.078
