0.15
0.112
0.048
0
-0.036
-0.059
-0.068
-0.066
-0.065
-0.062
-0.062
-0.062
-0.061
-0.056
-0.051
-0.042
-0.031
-0.02
-0.009
-0
0.018
0.032
0.045
0.058
0.073
0.079
0.084
0.09
0.092
0.092
0.092
0.093
0.082
0.072
0.06
0.045
0.028
0.018
0.001
-0.011
-0.025
-0.039
-0.049
-0.05
-0.057
-0.06
-0.061
-0.06
-0.06
-0.06
-0.06
-0.059
-0.06
-0.062
-0.061
-0.058
-0.058
-0.055
-0.053
-0.053
-0.052
-0.051
-0.051
-0.049
-0.047
-0.047
-0.047
-0.044
-0.046
-0.046
-0.045
-0.044
-0.045
-0.044
-0.036
-0.032
-0.026
-0.018
-0.008
-0.004
0.006
0.013
0.006
-0.004
-0.013
-0.024
-0.036
-0.037
-0.036
-0.037
-0.039
-0.038
-0.036
-0.034
-0.033
-0.033
-0.035
-0.04
-0.041
-0.032
0.036
0.116
0.211
0.315
0.407
0.425
0.367
0.28
0.169
0.054
-0.044
-0.072
-0.08
-0.075
-0.063
-0.051
-0.042
-0.042
-0.041
-0.042
-0.043
-0.043
-0.042
-0.04
-0.03
-0.019
-0.006
0.008
0.026
0.035
0.051
0.064
0.076
0.088
0.099
0.101
0.103
0.101
0.098
0.096
0.095
0.092
0.081
0.066
0.049
0.032
0.004
-0.015
-0.031
-0.043
-0.055
-0.054
-0.053
-0.053
-0.055
-0.056
-0.054
-0.053
-0.052
-0.052
-0.053
-0.053
-0.051
-0.051
-0.05
-0.051
-0.053
-0.054
-0.052
-0.051
-0.05
-0.049
-0.051
-0.051
-0.05
-0.049
-0.048
-0.048
-0.05
-0.05
-0.048
-0.046
-0.036
-0.027
-0.019
-0.008
0.004
0.007
0.014
0.017
0.015
0.012
0.009
0.002
-0.009
-0.02
-0.032
-0.041
-0.048
-0.049
-0.048
-0.047
-0.048
-0.048
-0.045
-0.045
-0.044
-0.048
-0.052
-0.045
-0.025
0.007
0.102
0.204
0.294
0.361
0.404
0.373
0.268
0.152
0.048
-0.038
-0.104
-0.101
-0.086
-0.073
-0.067
-0.065
-0.062
-0.062
-0.061
-0.06
-0.06
-0.061
-0.058
-0.054
-0.038
-0.022
-0.008
0.009
0.028
0.037
0.054
0.067
0.075
0.082
0.088
0.088
0.088
0.087
0.084
0.08
0.077
0.071
0.058
0.041
0.022
0.002
-0.015
-0.024
-0.035
-0.044
-0.054
-0.062
-0.067
-0.066
-0.064
-0.063
-0.063
-0.065
-0.064
-0.064
-0.062
-0.06
-0.06
-0.06
-0.059
-0.058
-0.057
-0.055
-0.055
-0.057
-0.056
-0.055
-0.054
-0.052
-0.053
-0.053
-0.052
-0.052
-0.049
-0.047
-0.047
-0.049
-0.048
-0.049
-0.04
-0.028
-0.017
-0.006
0.007
0.013
0.017
0.017
0.013
0.005
-0.004
-0.012
-0.021
-0.028
-0.036
-0.043
-0.046
-0.047
-0.045
-0.043
-0.044
-0.045
-0.044
-0.045
-0.046
-0.037
-0.019
0.011
0.054
0.111
0.205
0.275
0.317
0.335
0.33
0.262
0.161
0.078
0.009
-0.045
-0.083
-0.072
-0.063
-0.058
-0.058
-0.059
-0.059
-0.058
-0.056
-0.052
-0.048
-0.045
-0.04
-0.031
-0.014
0.003
0.02
0.037
0.053
0.063
0.076
0.086
0.093
0.097
0.101
0.101
0.1
0.098
0.092
0.083
0.058
0.037
0.016
-0.004
-0.023
-0.026
-0.037
-0.043
-0.049
-0.055
-0.058
-0.055
-0.056
-0.053
-0.053
-0.055
-0.055
-0.052
-0.053
-0.051
-0.05
-0.051
-0.051
-0.049
-0.049
-0.047
-0.046
-0.047
-0.047
-0.044
-0.044
-0.042
-0.041
-0.042
-0.043
-0.041
-0.042
-0.04
-0.037
-0.037
-0.036
-0.03
-0.018
-0.006
0.008
0.019
0.029
0.032
0.024
0.02
0.013
0.001
-0.011
-0.014
-0.023
-0.029
-0.032
-0.033
-0.035
-0.034
-0.033
-0.032
-0.033
-0.035
-0.034
-0.032
0.007
0.038
0.08
0.131
0.195
0.231
0.248
0.27
0.266
0.235
0.18
0.142
0.075
0.022
-0.015
-0.04
-0.053
-0.052
-0.052
-0.053
-0.052
-0.051
-0.049
-0.048
-0.041
-0.035
-0.027
-0.017
-0.002
0.006
0.023
0.038
0.053
0.067
0.083
0.087
0.092
0.093
0.093
0.094
0.095
0.093
0.086
0.074
0.06
0.046
0.032
0.023
0.006
-0.013
-0.03
-0.045
-0.058
-0.062
-0.064
-0.065
-0.067
-0.068
-0.066
-0.065
-0.063
-0.063
-0.062
-0.061
-0.058
-0.057
-0.056
-0.057
