-0.013
-0.03
-0.044
-0.056
-0.065
-0.071
-0.072
-0.073
-0.074
-0.074
-0.073
-0.073
-0.072
-0.072
-0.071
-0.071
-0.07
-0.069
-0.067
-0.066
-0.065
-0.064
-0.065
-0.072
-0.081
-0.071
-0.038
0.022
0.109
0.217
0.328
0.441
0.559
0.67
0.76
0.807
0.806
0.753
0.654
0.527
0.396
0.26
0.119
-0.011
-0.11
-0.175
-0.209
-0.208
-0.188
-0.164
-0.148
-0.137
-0.132
-0.125
-0.124
-0.122
-0.122
-0.123
-0.121
-0.12
-0.12
-0.12
-0.12
-0.12
-0.12
-0.119
-0.114
-0.105
-0.094
-0.078
-0.06
-0.041
-0.022
-0.005
0.012
0.029
0.049
0.069
0.089
0.108
0.126
0.141
0.153
0.162
0.167
0.17
0.171
0.173
0.175
0.174
0.173
0.17
0.166
0.161
0.155
0.15
0.144
0.134
0.121
0.106
0.089
0.068
0.046
0.025
0.006
-0.013
-0.032
-0.05
-0.067
-0.083
-0.099
-0.115
-0.124
-0.133
-0.138
-0.138
-0.136
-0.139
-0.137
-0.135
-0.135
-0.134
-0.131
-0.13
-0.13
-0.128
-0.126
-0.125
-0.123
-0.121
-0.119
-0.118
-0.117
-0.117
-0.116
-0.115
-0.115
-0.114
-0.113
-0.112
-0.113
-0.112
-0.107
-0.106
-0.105
-0.103
-0.101
-0.104
-0.104
-0.104
-0.103
-0.102
-0.1
-0.098
-0.097
-0.096
-0.095
-0.094
-0.093
-0.092
-0.09
-0.089
-0.089
-0.087
-0.087
-0.087
-0.087
-0.086
-0.082
-0.075
-0.064
-0.05
-0.023
-0.005
0.01
0.025
0.038
0.039
0.046
0.049
0.05
0.049
0.045
0.039
0.029
0.017
0.003
-0.013
-0.031
-0.047
-0.062
-0.072
-0.081
-0.085
-0.087
-0.084
-0.084
-0.083
-0.081
-0.079
-0.078
-0.078
-0.077
-0.077
-0.078
-0.077
-0.068
-0.067
-0.066
-0.064
-0.065
-0.08
-0.088
-0.077
-0.045
0.012
0.1
0.215
0.333
0.443
0.551
0.659
0.755
0.805
0.803
0.754
0.654
0.517
0.379
0.249
0.12
-0.006
-0.111
-0.181
-0.214
-0.212
-0.185
-0.158
-0.139
-0.129
-0.125
-0.125
-0.124
-0.122
-0.121
-0.12
-0.118
-0.117
-0.116
-0.115
