0.424
0.413
0.324
0.238
0.142
0.045
-0.041
-0.056
-0.075
-0.08
-0.072
-0.059
-0.049
-0.049
-0.049
-0.049
-0.047
-0.044
-0.034
-0.023
-0.011
0.001
0.015
0.022
0.039
0.057
0.073
0.085
0.096
0.099
0.098
0.1
0.1
0.098
0.094
0.094
0.077
0.066
0.052
0.035
0.017
0.014
-0.006
-0.02
-0.033
-0.047
-0.06
-0.059
-0.061
-0.06
-0.058
-0.059
-0.06
-0.057
-0.058
-0.058
-0.056
-0.054
-0.053
-0.051
-0.05
-0.05
-0.052
-0.053
-0.052
-0.052
-0.051
-0.052
-0.052
-0.051
-0.049
-0.048
-0.046
-0.046
-0.046
-0.046
-0.045
-0.044
-0.035
-0.027
-0.018
-0.007
0.007
0.012
0.016
0.016
0.012
0.007
0.001
-0.006
-0.016
-0.027
-0.039
-0.047
-0.051
-0.051
-0.05
-0.05
-0.051
-0.051
-0.05
-0.05
-0.053
-0.054
-0.044
-0.022
0.013
0.064
0.166
0.253
0.314
0.351
0.365
0.307
0.194
0.095
0.011
-0.055
-0.102
-0.089
-0.076
-0.069
-0.067
-0.067
-0.065
-0.064
-0.063
-0.063
-0.063
-0.06
-0.054
-0.047
-0.027
-0.012
0.003
0.019
0.037
0.044
0.058
0.068
0.075
0.081
0.088
0.089
0.086
0.083
0.077
0.071
0.064
0.06
0.045
0.028
0.008
-0.01
-0.026
-0.034
-0.045
-0.053
-0.061
-0.067
-0.07
-0.068
-0.069
-0.068
-0.07
-0.069
-0.068
-0.066
-0.066
-0.064
-0.065
-0.065
-0.063
-0.06
-0.058
-0.057
-0.059
-0.06
-0.059
-0.059
-0.057
-0.055
-0.055
-0.054
-0.053
-0.052
-0.051
-0.05
-0.052
-0.054
-0.053
-0.051
-0.038
-0.023
-0.01
0.003
0.015
0.018
0.017
0.012
0
-0.015
-0.03
-0.041
-0.047
-0.047
-0.045
-0.044
-0.044
-0.045
-0.044
-0.045
-0.032
-0.008
0.025
0.07
0.129
0.188
0.252
0.288
0.298
0.282
0.244
0.175
0.097
0.036
-0.012
-0.047
-0.067
-0.06
-0.055
-0.054
-0.054
-0.055
-0.054
-0.054
-0.051
-0.046
-0.043
-0.038
-0.03
-0.021
-0.003
0.015
0.031
0.047
0.065
0.073
0.084
0.092
0.096
0.098
0.101
0.101
0.099
0.095
0.087
0.077
0.066
0.056
0.04
0.024
0.006
-0.013
-0.03
-0.039
-0.046
-0.05
-0.054
-0.056
-0.056
-0.055
-0.053
-0.051
-0.052
-0.054
-0.054
-0.054
-0.052
-0.049
-0.049
-0.049
-0.048
-0.047
-0.046
-0.045
-0.045
-0.046
-0.046
-0.045
-0.043
-0.041
-0.041
-0.042
-0.042
-0.042
-0.04
-0.037
-0.037
-0.035
-0.031
-0.026
-0.013
0.001
0.012
0.02
0.028
0.029
0.024
0.018
0.007
-0.007
-0.021
-0.027
-0.031
-0.033
-0.035
-0.036
-0.037
-0.037
-0.036
-0.034
-0.034
-0.035
-0.035
-0.035
-0.002
0.043
0.098
0.163
0.243
0.3
0.318
0.311
0.277
0.215
0.13
0.061
0.011
-0.024
-0.047
-0.059
-0.055
-0.054
-0.053
-0.051
-0.05
-0.051
-0.052
-0.052
-0.045
-0.037
-0.029
-0.02
-0.01
-0.002
0.016
0.035
0.051
0.066
0.08
0.083
0.086
0.091
0.093
0.092
0.091
0.091
0.08
0.073
0.063
0.049
0.034
0.03
0.007
-0.009
-0.026
-0.043
-0.059
-0.06
-0.064
-0.065
-0.064
-0.065
-0.065
-0.063
-0.065
-0.064
-0.064
-0.065
-0.066
-0.064
-0.065
-0.065
-0.063
-0.061
-0.06
-0.059
-0.058
-0.059
-0.059
-0.059
-0.056
-0.056
-0.054
-0.053
-0.054
-0.057
-0.057
-0.055
-0.052
-0.047
-0.039
-0.028
-0.017
-0.008
0.002
0.01
0.013
0.013
0.002
-0.009
-0.023
-0.038
-0.051
-0.049
-0.052
-0.052
-0.051
-0.049
-0.05
-0.049
-0.048
-0.051
-0.057
-0.06
-0.051
-0.031
0.047
0.139
0.241
0.334
0.404
0.399
0.319
0.211
0.091
-0.012
-0.095
-0.109
-0.104
-0.091
-0.08
-0.072
-0.066
-0.065
-0.063
-0.064
-0.064
-0.065
-0.063
-0.061
-0.048
-0.035
-0.022
-0.006
0.013
0.024
0.041
0.055
0.067
0.078
0.088
0.09
0.091
0.089
0.084
0.08
0.077
0.073
0.061
0.046
0.028
0.011
-0.005
-0.013
-0.026
-0.039
-0.051
-0.061
-0.067
-0.067
-0.066
-0.066
-0.067
-0.067
-0.064
-0.062
-0.059
-0.059
