-0.056
-0.056
-0.056
-0.051
-0.039
-0.024
-0.007
0.008
0.024
0.034
0.048
0.062
0.076
0.086
0.09
0.086
0.081
0.076
0.06
0.044
0.027
0.009
-0.01
-0.019
-0.033
-0.044
-0.052
-0.06
-0.067
-0.065
-0.064
-0.063
-0.062
-0.062
-0.064
-0.063
-0.063
-0.061
-0.059
-0.058
-0.058
-0.058
-0.059
-0.058
-0.056
-0.056
-0.057
-0.057
-0.057
-0.056
-0.055
-0.055
-0.055
-0.054
-0.055
-0.054
-0.052
-0.052
-0.054
-0.054
-0.046
-0.036
-0.023
-0.01
0.003
0.009
0.011
0.011
0.009
0.003
-0.006
-0.015
-0.027
-0.036
-0.042
-0.046
-0.049
-0.048
-0.049
-0.049
-0.054
-0.049
-0.032
-0.003
0.036
0.092
0.188
0.264
0.315
0.339
0.337
0.271
0.162
0.073
0.004
-0.051
-0.093
-0.081
-0.073
-0.068
-0.065
-0.063
-0.062
-0.061
-0.061
-0.06
-0.056
-0.052
-0.046
-0.039
-0.023
-0.006
0.012
0.029
0.046
0.055
0.066
0.075
0.083
0.09
0.094
0.094
0.09
0.086
0.082
0.075
0.066
0.058
0.04
0.023
0.007
-0.008
-0.025
-0.033
-0.044
-0.051
-0.055
-0.059
-0.061
-0.06
-0.06
-0.059
-0.057
-0.056
-0.055
-0.055
-0.055
-0.054
-0.052
-0.051
-0.051
-0.05
-0.051
-0.051
-0.049
-0.048
-0.048
-0.047
-0.048
-0.047
-0.047
-0.046
-0.045
-0.045
-0.046
-0.046
-0.044
-0.041
-0.039
-0.035
-0.024
-0.012
0.001
0.014
0.025
0.028
0.024
0.019
0.012
0.003
-0.008
-0.016
-0.025
-0.03
-0.034
-0.035
-0.036
-0.035
-0.037
-0.037
-0.037
-0.036
-0.036
-0.035
-0.02
0.008
0.048
0.1
0.162
0.219
0.268
0.292
0.293
0.27
0.22
0.152
0.078
0.022
-0.019
-0.045
-0.059
-0.054
-0.052
-0.052
-0.051
-0.05
-0.05
-0.05
-0.049
-0.047
-0.041
-0.033
-0.023
-0.015
0.002
0.019
0.044
0.066
0.089
0.101
0.108
0.104
0.097
0.09
0.083
0.075
0.065
0.055
0.035
0.017
-0.001
-0.017
-0.032
-0.039
-0.045
-0.05
-0.053
-0.053
-0.052
-0.052
