0.017
0.026
0.044
0.061
0.074
0.084
0.094
0.095
0.097
0.099
0.098
0.094
0.091
0.088
0.078
0.066
0.05
0.032
0.013
0.003
-0.013
-0.026
-0.038
-0.05
-0.06
-0.059
-0.059
-0.056
-0.056
-0.058
-0.058
-0.058
-0.057
-0.056
-0.055
-0.056
-0.056
-0.055
-0.053
-0.052
-0.052
-0.054
-0.055
-0.056
-0.054
-0.052
-0.051
-0.051
-0.051
-0.05
-0.049
-0.047
-0.046
-0.048
-0.049
-0.049
-0.043
-0.035
-0.026
-0.017
-0.006
0.002
0.006
0.008
0.007
0.003
-0.005
-0.012
-0.022
-0.03
-0.039
-0.047
-0.05
-0.048
-0.05
-0.049
-0.048
-0.049
-0.051
-0.048
-0.05
-0.052
-0.053
-0.045
-0.026
0.01
0.105
0.209
0.299
0.362
0.317
0.21
0.101
-0.008
-0.1
-0.087
-0.074
-0.07
-0.062
-0.059
-0.06
-0.058
-0.059
-0.057
-0.056
-0.056
-0.056
-0.049
-0.034
-0.018
-0.001
0.014
0.029
0.036
0.049
0.063
0.074
0.083
0.089
0.091
0.087
0.086
0.083
0.078
0.071
0.068
0.049
0.035
0.021
0.003
-0.015
-0.02
-0.034
-0.044
-0.053
-0.062
-0.07
-0.068
-0.068
-0.065
-0.063
-0.061
-0.061
-0.06
-0.061
-0.062
-0.061
-0.06
-0.058
-0.057
-0.053
-0.052
-0.053
-0.053
-0.052
-0.052
-0.052
-0.051
-0.052
-0.051
-0.05
-0.048
-0.046
-0.047
-0.048
-0.047
-0.043
-0.039
-0.024
-0.011
0.001
0.012
0.024
0.026
0.022
0.015
0.005
-0.006
-0.017
-0.024
-0.029
-0.034
-0.039
-0.043
-0.043
-0.043
-0.042
-0.042
-0.043
-0.043
-0.042
-0.041
-0.02
0.011
0.052
0.106
0.173
0.23
0.275
0.292
0.284
0.252
0.197
0.13
0.064
0.012
-0.027
-0.052
-0.061
-0.056
-0.053
-0.052
-0.053
-0.054
-0.052
-0.051
-0.047
-0.042
-0.037
-0.03
-0.02
-0.011
0.01
0.027
0.043
0.058
0.075
0.08
0.087
0.092
0.094
0.096
0.098
0.098
0.09
0.084
0.074
0.064
0.053
0.048
0.026
0.009
-0.009
-0.027
-0.042
-0.045
-0.05
-0.053
-0.056
-0.056
-0.055
-0.053
-0.053
-0.051
-0.052
-0.052
-0.051
-0.048
-0.049
-0.047
-0.048
-0.049
-0.05
-0.047
-0.046
-0.044
-0.045
-0.045
-0.043
-0.042
-0.041
-0.039
-0.04
-0.041
-0.041
-0.04
-0.039
-0.037
-0.035
-0.032
-0.026
-0.018
-0.004
0.01
0.019
0.026
0.032
0.031
0.025
0.016
0.005
-0.009
-0.021
-0.026
-0.029
-0.03
-0.031
-0.033
-0.034
-0.033
-0.031
-0.03
-0.03
-0.032
-0.032
-0.036
0.006
0.06
0.123
0.198
0.29
0.345
0.342
0.313
0.257
0.175
0.07
0.006
-0.031
-0.056
-0.068
-0.068
-0.055
-0.055
-0.054
-0.053
-0.053
-0.054
-0.054
-0.053
-0.045
-0.036
-0.028
-0.018
-0.006
0.002
0.021
0.039
0.055
0.069
0.082
0.086
0.091
0.094
0.095
0.093
0.093
0.09
0.083
0.074
0.061
0.045
0.029
0.019
0.003
-0.011
-0.027
-0.042
-0.055
-0.06
-0.061
-0.059
-0.06
-0.061
-0.061
-0.062
-0.061
-0.059
-0.059
-0.061
-0.061
-0.06
-0.059
-0.058
-0.057
-0.058
-0.058
-0.057
-0.056
-0.054
-0.055
-0.058
-0.059
-0.059
-0.058
-0.056
-0.054
-0.055
-0.055
-0.054
-0.051
-0.046
-0.039
-0.034
-0.026
-0.018
-0.007
0.002
0.008
0.011
0.012
0.009
-0.002
-0.013
-0.025
-0.038
-0.05
-0.052
-0.052
-0.051
-0.051
-0.052
-0.052
-0.052
-0.051
-0.049
-0.05
-0.055
-0.059
-0.052
0.013
0.092
0.183
0.284
0.378
0.401
0.349
0.272
0.17
0.051
-0.056
-0.09
-0.102
-0.099
-0.085
-0.074
-0.067
-0.067
-0.066
-0.064
-0.063
-0.063
-0.064
-0.063
-0.053
-0.04
-0.026
-0.013
0.002
0.011
0.027
0.044
0.058
0.07
0.08
0.082
0.081
0.083
0.083
0.081
0.076
0.076
0.059
0.048
0.034
0.018
0.001
-0.003
-0.021
-0.034
-0.046
-0.059
-0.071
-0.069
-0.069
-0.065
-0.062
-0.061
-0.061
-0.061
-0.062
-0.061
-0.06
-0.06
-0.061
-0.059
-0.06
-0.058
-0.056
-0.056
-0.057
-0.054
-0.054
-0.052
-0.05
-0.05
-0.051
-0.05
-0.052
-0.051
