-0.019
-0.004
0.011
0.02
0.035
0.051
0.065
0.075
0.084
0.086
0.087
0.089
0.089
0.085
0.08
0.076
0.063
0.051
0.037
0.019
-0
-0.009
-0.025
-0.037
-0.047
-0.057
-0.067
-0.067
-0.067
-0.065
-0.063
-0.064
-0.065
-0.064
-0.063
-0.061
-0.058
-0.058
-0.059
-0.059
-0.059
-0.057
-0.056
-0.055
-0.056
-0.055
-0.055
-0.053
-0.051
-0.051
-0.053
-0.053
-0.052
-0.049
-0.046
-0.045
-0.045
-0.046
-0.038
-0.028
-0.014
0.002
0.018
0.023
0.025
0.026
0.023
0.016
0.008
0.003
-0.01
-0.02
-0.027
-0.034
-0.042
-0.042
-0.043
-0.041
-0.039
-0.037
-0.037
-0.037
-0.034
-0.038
-0.033
-0.017
0.009
0.043
0.14
0.239
0.316
0.368
0.393
0.351
0.237
0.13
0.043
-0.029
-0.087
-0.079
-0.066
-0.057
-0.051
-0.048
-0.049
-0.049
-0.048
-0.047
-0.045
-0.042
-0.039
-0.036
-0.018
0.002
0.032
0.061
0.088
0.098
0.106
0.104
0.102
0.1
0.099
0.096
0.089
0.082
0.063
0.046
0.031
0.015
-0.003
-0.01
-0.023
-0.034
-0.043
-0.049
-0.053
-0.051
-0.05
-0.049
-0.049
-0.051
-0.052
-0.051
-0.05
-0.048
-0.048
-0.048
-0.048
-0.047
-0.046
-0.044
-0.045
-0.046
-0.045
-0.045
-0.043
-0.041
-0.041
-0.042
-0.042
-0.042
-0.041
-0.039
-0.039
-0.04
-0.037
-0.032
-0.018
-0.004
0.008
0.017
0.025
0.026
0.022
0.016
0.006
-0.007
-0.02
-0.027
-0.034
-0.038
-0.041
-0.044
-0.045
-0.042
-0.041
-0.04
-0.04
-0.043
-0.044
-0.044
-0.016
0.022
0.071
0.129
0.202
0.258
0.29
0.296
0.275
0.227
0.156
0.088
0.03
-0.012
-0.042
-0.061
-0.065
-0.063
-0.061
-0.06
-0.059
-0.06
-0.059
-0.058
-0.053
-0.045
-0.039
-0.032
-0.022
-0.013
0.006
0.024
0.041
0.054
0.069
0.075
0.083
0.089
0.091
0.09
0.09
0.088
0.075
0.069
0.059
0.046
0.032
0.029
0.007
-0.008
-0.024
-0.041
-0.057
-0.057
-0.063
-0.064
-0.064
-0.066
