-0.066
-0.066
-0.066
-0.066
-0.064
-0.064
-0.064
-0.063
-0.063
-0.062
-0.061
-0.063
-0.07
-0.074
-0.057
-0.018
0.093
0.186
0.304
0.423
0.535
0.592
0.698
0.785
0.823
0.81
0.749
0.639
0.499
0.358
0.225
0.097
-0.025
-0.121
-0.183
-0.208
-0.2
-0.173
-0.149
-0.134
-0.126
-0.123
-0.122
-0.12
-0.118
-0.117
-0.116
-0.115
-0.115
-0.115
-0.113
-0.113
-0.112
-0.111
-0.108
-0.104
-0.095
-0.083
-0.066
-0.048
-0.03
-0.013
0.003
0.02
0.039
0.057
0.075
0.093
0.114
0.132
0.145
0.156
0.164
0.17
0.173
0.175
0.177
0.178
0.177
0.175
0.163
0.159
0.153
0.147
0.141
0.142
0.131
0.118
0.101
0.08
0.059
0.038
0.018
-0.002
-0.02
-0.037
-0.054
-0.071
-0.088
-0.106
-0.121
-0.131
-0.137
-0.14
-0.14
-0.139
-0.138
-0.137
-0.136
-0.135
-0.14
-0.139
-0.137
-0.134
-0.133
-0.126
-0.125
-0.124
-0.123
-0.121
-0.118
-0.116
-0.115
-0.115
-0.114
-0.113
-0.112
-0.112
-0.11
-0.109
-0.109
-0.108
-0.108
-0.107
-0.108
-0.107
-0.106
-0.105
-0.104
-0.103
-0.101
-0.1
-0.099
-0.098
-0.096
-0.095
-0.094
-0.093
-0.092
-0.091
-0.092
-0.091
-0.09
-0.09
-0.089
-0.088
-0.086
-0.082
-0.074
-0.062
-0.047
-0.031
-0.015
0.001
0.016
0.029
0.04
0.047
0.051
0.052
0.051
0.046
0.039
0.028
0.009
-0.006
-0.022
-0.038
-0.054
-0.062
-0.072
-0.079
-0.082
-0.083
-0.084
-0.084
-0.084
-0.083
-0.082
-0.081
-0.081
-0.08
-0.078
-0.077
-0.076
-0.075
-0.074
-0.073
-0.074
-0.077
-0.085
-0.089
-0.072
-0.03
0.081
0.177
0.286
0.397
0.511
0.586
0.695
0.775
0.807
0.791
0.723
0.611
0.481
0.349
0.213
0.074
-0.051
-0.14
-0.179
-0.201
-0.191
-0.163
-0.14
-0.141
-0.134
-0.132
-0.131
-0.13
-0.129
-0.128
-0.125
-0.124
-0.123
-0.122
-0.121
-0.12
-0.119
-0.117
-0.115
-0.109
-0.1
-0.087
-0.071
-0.053
-0.035
-0.015
