-0.1
-0.1
-0.098
-0.096
-0.095
-0.093
-0.092
-0.091
-0.089
-0.088
-0.087
-0.085
-0.076
-0.075
-0.074
-0.073
-0.072
-0.081
-0.08
-0.08
-0.079
-0.079
-0.078
-0.077
-0.077
-0.074
-0.066
-0.056
-0.042
-0.027
-0.013
0.003
0.017
0.031
0.042
0.053
0.056
0.058
0.056
0.053
0.048
0.04
0.029
0.016
0.001
-0.016
-0.031
-0.046
-0.059
-0.068
-0.082
-0.084
-0.085
-0.084
-0.084
-0.075
-0.075
-0.074
-0.074
-0.073
-0.072
-0.071
-0.071
-0.071
-0.07
-0.07
-0.07
-0.071
-0.076
-0.085
-0.079
-0.049
0.006
0.093
0.204
0.316
0.483
0.594
0.709
0.811
0.865
0.81
0.766
0.669
0.535
0.403
0.273
0.141
0.005
-0.106
-0.177
-0.214
-0.218
-0.193
-0.166
-0.147
-0.137
-0.132
-0.131
-0.129
-0.128
-0.128
-0.126
-0.125
-0.125
-0.123
-0.124
-0.122
-0.121
-0.119
-0.118
-0.112
-0.105
-0.093
-0.078
-0.061
-0.043
-0.025
-0.007
0.011
0.028
0.047
0.066
0.086
0.106
0.124
0.138
0.149
0.158
0.164
0.168
0.17
0.173
0.174
0.174
0.173
0.171
0.167
0.161
0.154
0.149
0.141
0.132
0.12
0.091
0.074
0.054
0.034
0.011
0.004
-0.015
-0.032
-0.048
-0.066
-0.083
-0.1
-0.116
-0.127
-0.136
-0.142
-0.142
-0.141
-0.14
-0.139
-0.137
-0.136
-0.134
-0.132
-0.131
-0.13
-0.136
-0.134
-0.133
-0.132
-0.13
-0.12
-0.12
-0.119
-0.118
-0.117
-0.116
-0.114
-0.112
-0.112
-0.111
-0.109
-0.109
-0.108
-0.107
-0.106
-0.106
-0.106
-0.104
-0.104
-0.102
-0.101
-0.099
-0.098
-0.097
-0.096
-0.104
-0.104
-0.104
-0.103
-0.102
-0.092
-0.091
-0.089
-0.088
-0.087
-0.086
-0.085
-0.083
-0.08
-0.073
-0.063
-0.051
-0.035
-0.017
0.001
0.015
0.028
0.039
0.048
0.052
0.054
0.054
0.051
0.044
0.034
0.023
0.01
-0.005
-0.022
-0.038
-0.051
-0.062
-0.069
-0.074
-0.077
-0.079
-0.08
-0.08
-0.08
-0.079
-0.077
-0.076
-0.075
-0.073
-0.072
