0.44
0.31
0.181
0.048
-0.073
-0.156
-0.201
-0.213
-0.194
-0.165
-0.143
-0.131
-0.126
-0.125
-0.123
-0.122
-0.12
-0.118
-0.116
-0.115
-0.114
-0.112
-0.109
-0.108
-0.107
-0.105
-0.102
-0.097
-0.085
-0.07
-0.052
-0.034
-0.016
0.002
0.019
0.036
0.054
0.073
0.092
0.113
0.132
0.148
0.159
0.169
0.176
0.18
0.182
0.184
0.186
0.187
0.187
0.185
0.183
0.177
0.171
0.165
0.157
0.147
0.135
0.119
0.102
0.083
0.063
0.044
0.024
0.004
-0.013
-0.03
-0.048
-0.066
-0.084
-0.1
-0.113
-0.122
-0.127
-0.129
-0.128
-0.126
-0.125
-0.123
-0.122
-0.121
-0.119
-0.118
-0.116
-0.115
-0.113
-0.111
-0.11
-0.108
-0.106
-0.105
-0.104
-0.104
-0.104
-0.103
-0.102
-0.101
-0.1
-0.099
-0.098
-0.098
-0.098
-0.098
-0.096
-0.094
-0.092
-0.09
-0.089
-0.088
-0.088
-0.087
-0.086
-0.084
-0.083
-0.081
-0.089
-0.088
-0.088
-0.086
-0.085
-0.076
-0.076
-0.075
-0.074
-0.074
-0.072
-0.07
-0.067
-0.061
-0.05
-0.038
-0.024
-0.007
0.01
0.025
0.038
0.049
0.058
0.064
0.066
0.067
0.066
0.061
0.052
0.041
0.012
-0.003
-0.021
-0.037
-0.052
-0.047
-0.055
-0.06
-0.062
-0.064
-0.064
-0.064
-0.064
-0.064
-0.064
-0.063
-0.062
-0.062
-0.061
-0.06
-0.06
-0.06
-0.06
-0.06
-0.06
-0.065
-0.073
-0.069
-0.042
0.009
0.084
0.185
0.297
0.416
0.533
0.641
0.739
0.803
0.819
0.785
0.704
0.584
0.45
0.309
0.172
0.042
-0.066
-0.144
-0.191
-0.203
-0.185
-0.16
-0.14
-0.128
-0.123
-0.121
-0.12
-0.119
-0.117
-0.117
-0.116
-0.115
-0.114
-0.113
-0.113
-0.113
-0.113
-0.111
-0.107
-0.099
-0.088
-0.074
-0.057
-0.037
-0.018
-0.001
0.015
0.032
0.051
0.071
0.089
0.109
0.128
0.143
0.156
0.165
0.171
0.174
0.176
0.179
0.181
0.181
0.18
0.178
0.167
0.161
0.156
0.15
0.143
0.14
0.129
0.115
0.098
0.077
