-0.018
0.027
0.082
0.148
0.228
0.284
0.297
0.287
0.252
0.192
0.106
0.038
-0.011
-0.046
-0.067
-0.074
-0.068
-0.067
-0.066
-0.063
-0.06
-0.059
-0.057
-0.057
-0.054
-0.048
-0.039
-0.03
-0.019
-0.01
0.006
0.024
0.041
0.056
0.07
0.075
0.08
0.083
0.086
0.088
0.088
0.085
0.077
0.068
0.059
0.048
0.034
0.024
0.007
-0.011
-0.027
-0.042
-0.056
-0.061
-0.065
-0.066
-0.064
-0.063
-0.062
-0.062
-0.062
-0.062
-0.062
-0.061
-0.061
-0.061
-0.06
-0.059
-0.057
-0.055
-0.054
-0.054
-0.054
-0.055
-0.054
-0.052
-0.052
-0.052
-0.051
-0.05
-0.049
-0.047
-0.045
-0.045
-0.046
-0.043
-0.038
-0.032
-0.025
-0.015
-0.014
-0.015
-0.018
-0.024
-0.032
-0.035
-0.037
-0.038
-0.038
-0.038
-0.036
-0.035
-0.035
-0.035
-0.033
-0.034
-0.039
-0.04
0.016
0.085
0.167
0.264
0.365
0.404
0.364
0.301
0.214
0.104
-0.011
-0.055
-0.075
-0.081
-0.074
-0.06
-0.047
-0.047
-0.05
-0.049
-0.041
-0.031
-0.018
-0.003
0.011
0.019
0.035
0.051
0.068
0.083
0.096
0.098
0.098
0.098
0.099
0.098
0.095
0.092
0.081
0.068
0.054
0.039
0.022
0.011
-0.007
-0.022
-0.035
-0.046
-0.056
-0.058
-0.058
-0.058
-0.056
-0.055
-0.053
-0.053
-0.053
-0.054
-0.053
-0.052
-0.052
-0.052
-0.052
-0.052
-0.051
-0.051
-0.051
-0.051
-0.051
-0.051
-0.05
-0.048
-0.047
-0.048
-0.048
-0.048
-0.048
-0.047
-0.046
-0.047
-0.039
-0.034
-0.027
-0.018
-0.007
-0.003
0.005
0.011
0.016
0.018
0.017
0.011
-0.001
-0.014
-0.025
-0.035
-0.043
-0.045
-0.045
-0.047
-0.047
-0.045
-0.045
-0.046
-0.049
-0.051
-0.055
-0.057
-0.049
-0.025
0.077
0.171
0.274
0.367
0.433
0.402
0.298
0.189
0.074
-0.026
-0.109
-0.101
-0.096
-0.083
-0.072
-0.064
-0.06
-0.06
-0.06
-0.06
-0.06
-0.059
-0.054
-0.048
-0.033
-0.015
0.002
0.018
0.035
0.045
0.057
0.067
0.076
0.081
0.086
0.088
0.087
0.085
0.082
0.076
0.068
0.062
0.046
0.031
0.014
-0.004
-0.021
-0.03
-0.042
-0.051
-0.059
-0.066
-0.071
-0.071
-0.07
-0.069
-0.067
-0.064
-0.064
-0.064
-0.064
-0.064
-0.063
-0.062
-0.061
-0.061
-0.061
-0.06
-0.061
-0.06
-0.059
-0.059
-0.06
-0.059
-0.059
-0.058
-0.058
-0.058
-0.058
-0.055
-0.044
-0.03
-0.015
-0.002
0.01
0.013
0.011
0.007
0.002
-0.006
-0.016
-0.024
-0.034
-0.039
-0.044
-0.048
-0.05
-0.049
-0.049
-0.048
-0.046
-0.046
-0.047
-0.046
-0.04
-0.021
0.01
0.052
0.105
0.163
0.233
0.278
0.298
0.292
0.261
0.192
0.113
0.046
-0.005
-0.043
-0.069
-0.068
-0.063
-0.061
-0.06
-0.059
-0.058
-0.057
-0.054
-0.05
-0.045
-0.039
-0.031
-0.025
-0.009
0.009
0.026
0.042
0.058
0.067
0.076
0.083
0.09
0.093
0.093
0.093
0.09
0.086
0.081
0.072
0.062
0.052
0.036
0.02
0.005
-0.012
-0.029
-0.039
-0.046
-0.051
-0.053
-0.053
-0.053
-0.053
-0.052
-0.051
-0.05
-0.05
-0.051
-0.05
-0.05
-0.048
-0.046
-0.046
-0.045
-0.045
-0.046
-0.045
-0.044
-0.044
-0.044
-0.045
-0.045
-0.045
-0.043
-0.043
-0.043
-0.042
-0.043
-0.042
-0.041
-0.038
-0.035
-0.029
-0.017
-0.002
0.011
0.021
0.03
0.03
0.024
0.018
0.009
-0.002
-0.015
-0.022
-0.028
-0.032
-0.034
-0.034
-0.035
-0.035
-0.035
-0.034
-0.033
-0.032
-0.033
-0.034
-0.005
0.037
0.09
0.153
0.228
0.284
0.304
0.302
0.276
0.224
0.146
0.079
0.024
-0.015
-0.04
-0.053
-0.053
-0.052
-0.052
-0.052
-0.05
-0.049
-0.048
-0.047
-0.043
-0.036
-0.027
-0.018
-0.007
0.001
0.016
0.033
0.05
0.066
0.08
0.086
0.091
0.095
0.097
0.099
0.098
0.096
0.085
0.072
0.057
0.041
0.025
0.015
0.003
-0.008
-0.02
-0.034
-0.047
-0.053
-0.058
-0.06
-0.059
-0.058
-0.058
-0.058
-0.059
-0.061
-0.06
-0.06
