-0.025
-0.008
0.009
0.025
0.04
0.05
0.063
0.076
0.085
0.091
0.096
0.097
0.096
0.095
0.092
0.085
0.076
0.069
0.053
0.037
0.022
0.003
-0.015
-0.025
-0.036
-0.044
-0.048
-0.051
-0.054
-0.056
-0.057
-0.057
-0.057
-0.056
-0.054
-0.054
-0.054
-0.054
-0.053
-0.052
-0.049
-0.049
-0.049
-0.047
-0.046
-0.044
-0.043
-0.043
-0.045
-0.045
-0.046
-0.044
-0.042
-0.042
-0.042
-0.04
-0.028
-0.015
0
0.016
0.03
0.03
0.03
0.026
0.018
0.007
-0.004
-0.013
-0.022
-0.028
-0.032
-0.035
-0.038
-0.038
-0.038
-0.036
-0.034
-0.033
-0.034
-0.033
-0.025
-0.003
0.031
0.075
0.129
0.187
0.252
0.293
0.308
0.298
0.227
0.133
0.055
-0.009
-0.058
-0.057
-0.054
-0.053
-0.051
-0.05
-0.05
-0.049
-0.046
-0.04
-0.033
-0.023
-0.01
0.001
0.019
0.034
0.047
0.057
0.068
0.072
0.08
0.088
0.094
0.098
0.099
0.097
0.088
0.083
0.077
0.069
0.058
0.051
0.031
0.015
-0.001
-0.017
-0.036
-0.042
-0.051
-0.058
-0.061
-0.062
-0.063
-0.063
-0.062
-0.06
-0.058
-0.056
-0.057
-0.057
-0.058
-0.057
-0.056
-0.055
-0.056
-0.056
-0.056
-0.057
-0.058
-0.057
-0.055
-0.054
-0.053
-0.052
-0.052
-0.054
-0.054
-0.054
-0.052
-0.05
-0.047
-0.043
-0.036
-0.028
-0.014
-0.002
0.005
0.011
0.015
0.014
0.005
-0.005
-0.019
-0.033
-0.045
-0.05
-0.051
-0.05
-0.05
-0.051
-0.051
-0.051
-0.05
-0.049
-0.05
-0.052
-0.056
-0.058
-0.003
0.063
0.14
0.233
0.337
0.381
0.351
0.295
0.213
0.104
-0.012
-0.06
-0.083
-0.093
-0.09
-0.079
-0.068
-0.067
-0.065
-0.064
-0.064
-0.064
-0.064
-0.063
-0.053
-0.043
-0.032
-0.02
-0.006
0.002
0.02
0.037
0.051
0.063
0.076
0.078
0.082
0.084
0.084
0.083
0.081
0.079
0.063
0.053
0.039
0.022
0.005
0.002
-0.014
-0.029
-0.042
-0.055
-0.068
-0.072
-0.072
-0.07
-0.068
-0.066
