-0.055
-0.056
-0.057
-0.059
-0.059
-0.056
-0.056
-0.054
-0.054
-0.055
-0.055
-0.052
-0.052
-0.051
-0.05
-0.05
-0.052
-0.052
-0.052
-0.052
-0.054
-0.055
-0.052
-0.048
-0.048
-0.046
-0.046
-0.048
-0.049
-0.046
-0.044
-0.041
-0.038
-0.035
-0.029
-0.021
-0.01
0.002
0.01
0.016
0.02
0.022
0.007
-0.003
-0.016
-0.03
-0.043
-0.041
-0.044
-0.044
-0.045
-0.047
-0.048
-0.045
-0.045
-0.043
-0.042
-0.043
-0.047
-0.049
0.022
0.085
0.157
0.246
0.348
0.375
0.322
0.245
0.144
0.03
-0.084
-0.101
-0.1
-0.089
-0.078
-0.069
-0.063
-0.062
-0.062
-0.062
-0.062
-0.061
-0.059
-0.056
-0.044
-0.031
-0.015
0.002
0.019
0.028
0.041
0.053
0.065
0.077
0.087
0.088
0.087
0.084
0.082
0.08
0.079
0.077
0.064
0.048
0.017
-0.013
-0.039
-0.053
-0.067
-0.067
-0.067
-0.068
-0.069
-0.067
-0.065
-0.064
-0.062
-0.062
-0.063
-0.062
-0.06
-0.06
-0.06
-0.061
-0.062
-0.061
-0.059
-0.057
-0.056
-0.057
-0.057
-0.057
-0.055
-0.054
-0.052
-0.052
-0.053
-0.052
-0.049
-0.049
-0.04
-0.032
-0.022
-0.01
0.005
0.011
0.015
0.015
0.014
0.01
0.007
0.001
-0.011
-0.024
-0.035
-0.042
-0.049
-0.051
-0.05
-0.049
-0.05
-0.049
-0.042
-0.047
-0.043
-0.026
0.004
0.038
0.137
0.232
0.307
0.359
0.386
0.343
0.23
0.122
0.028
-0.044
-0.098
-0.089
-0.074
-0.064
-0.059
-0.056
-0.053
-0.053
-0.051
-0.052
-0.053
-0.051
-0.045
-0.04
-0.024
-0.008
0.007
0.024
0.042
0.051
0.065
0.075
0.083
0.091
0.099
0.099
0.099
0.096
0.09
0.086
0.082
0.077
0.063
0.046
0.026
0.008
-0.008
-0.017
-0.027
-0.037
-0.047
-0.054
-0.056
-0.056
-0.053
-0.052
-0.052
-0.052
-0.049
-0.049
-0.047
-0.048
-0.049
-0.05
-0.048
-0.046
-0.045
-0.045
-0.046
-0.045
-0.043
-0.042
-0.039
-0.039
-0.041
-0.042
-0.041
-0.04
-0.039
-0.039
-0.04
-0.041
