-0.049
-0.048
-0.049
-0.051
-0.05
-0.05
-0.048
-0.047
-0.047
-0.047
-0.047
-0.047
-0.045
-0.043
-0.043
-0.04
-0.034
-0.027
-0.012
0.001
0.01
0.017
0.024
0.023
0.015
0.005
-0.008
-0.022
-0.034
-0.039
-0.04
-0.041
-0.042
-0.044
-0.044
-0.045
-0.043
-0.043
-0.043
-0.044
-0.044
-0.047
-0.003
0.053
0.117
0.194
0.288
0.342
0.336
0.304
0.245
0.159
0.053
-0.011
-0.046
-0.068
-0.079
-0.076
-0.063
-0.063
-0.061
-0.06
-0.061
-0.062
-0.061
-0.061
-0.053
-0.043
-0.034
-0.024
-0.011
-0.003
0.015
0.031
0.046
0.059
0.075
0.078
0.08
0.083
0.085
0.082
0.076
0.068
0.056
0.041
0.026
0.015
-0.001
-0.017
-0.035
-0.052
-0.066
-0.07
-0.071
-0.069
-0.069
-0.069
-0.068
-0.067
-0.065
-0.064
-0.065
-0.067
-0.068
-0.067
-0.065
-0.062
-0.058
-0.058
-0.059
-0.061
-0.06
-0.06
-0.058
-0.056
-0.056
-0.057
-0.057
-0.057
-0.054
-0.047
-0.04
-0.034
-0.024
-0.016
-0.004
0.006
0.012
0.014
0.016
0.013
0.002
-0.01
-0.023
-0.037
-0.049
-0.051
-0.05
-0.048
-0.047
-0.048
-0.048
-0.047
-0.05
-0.047
-0.047
-0.053
-0.057
-0.046
0.039
0.118
0.21
0.311
0.403
0.404
0.321
0.243
0.138
0.019
-0.085
-0.086
-0.098
-0.093
-0.079
-0.068
-0.062
-0.06
-0.061
-0.058
-0.056
-0.055
-0.054
-0.051
-0.04
-0.026
-0.013
-0
0.014
0.022
0.038
0.055
0.07
0.083
0.094
0.097
0.096
0.095
0.095
0.094
0.089
0.084
0.07
0.058
0.043
0.027
0.015
0.012
-0.007
-0.021
-0.034
-0.047
-0.059
-0.056
-0.056
-0.054
-0.051
-0.051
-0.052
-0.05
-0.051
-0.049
-0.048
-0.049
-0.05
-0.049
-0.049
-0.049
-0.046
-0.043
-0.042
-0.041
-0.039
-0.039
-0.04
-0.038
-0.038
-0.039
-0.039
-0.038
-0.038
-0.037
-0.027
-0.017
-0.006
0.008
0.023
0.029
0.032
0.03
0.024
0.017
0.01
0.002
-0.009
-0.019
-0.028
-0.035
-0.037
-0.036
