-0.105
-0.104
-0.103
-0.102
-0.101
-0.1
-0.099
-0.098
-0.096
-0.095
-0.094
-0.093
-0.091
-0.09
-0.089
-0.088
-0.095
-0.094
-0.093
-0.091
-0.089
-0.081
-0.081
-0.081
-0.081
-0.08
-0.08
-0.079
-0.078
-0.078
-0.077
-0.075
-0.073
-0.069
-0.061
-0.05
-0.036
-0.02
-0.003
0.014
0.029
0.041
0.05
0.056
0.059
0.06
0.059
0.055
0.047
0.036
0.023
0.008
-0.009
-0.025
-0.04
-0.053
-0.063
-0.069
-0.072
-0.074
-0.075
-0.074
-0.073
-0.073
-0.072
-0.071
-0.071
-0.07
-0.069
-0.069
-0.069
-0.068
-0.068
-0.068
-0.068
-0.071
-0.08
-0.084
-0.067
-0.023
0.087
0.183
0.294
0.406
0.522
0.599
0.706
0.783
0.814
0.794
0.722
0.609
0.479
0.347
0.21
0.072
-0.05
-0.137
-0.191
-0.214
-0.203
-0.175
-0.152
-0.138
-0.131
-0.128
-0.127
-0.126
-0.126
-0.125
-0.124
-0.124
-0.124
-0.122
-0.121
-0.121
-0.12
-0.118
-0.115
-0.109
-0.099
-0.085
-0.07
-0.052
-0.033
-0.014
0.002
0.018
0.036
0.056
0.075
0.095
0.114
0.129
0.142
0.154
0.161
0.166
0.169
0.172
0.174
0.175
0.174
0.172
0.167
0.162
0.156
0.15
0.143
0.135
0.123
0.109
0.094
0.074
0.053
0.032
0.012
-0.007
-0.023
-0.041
-0.059
-0.077
-0.093
-0.109
-0.123
-0.133
-0.139
-0.142
-0.142
-0.141
-0.14
-0.139
-0.138
-0.137
-0.128
-0.127
-0.126
-0.124
-0.122
-0.128
-0.127
-0.125
-0.124
-0.123
-0.121
-0.12
-0.12
-0.12
-0.12
-0.119
-0.119
-0.118
-0.117
-0.115
-0.114
-0.112
-0.111
-0.11
-0.109
-0.108
-0.105
-0.104
-0.103
-0.102
-0.093
-0.092
-0.092
-0.091
-0.091
-0.098
-0.097
-0.096
-0.094
-0.093
-0.091
-0.09
-0.089
-0.089
-0.088
-0.087
-0.085
-0.08
-0.072
-0.061
-0.046
-0.028
-0.01
0.005
0.019
0.031
0.042
0.048
0.051
0.05
0.048
0.043
0.035
0.025
0.01
-0.005
-0.022
-0.038
-0.052
-0.06
-0.07
-0.076
-0.08
-0.08
-0.08
-0.081
