0.187
0.184
0.179
0.172
0.166
0.16
0.151
0.141
0.129
0.112
0.093
0.072
0.052
0.031
0.008
-0.01
-0.027
-0.043
-0.061
-0.078
-0.095
-0.11
-0.119
-0.126
-0.129
-0.129
-0.128
-0.127
-0.126
-0.124
-0.127
-0.126
-0.125
-0.124
-0.124
-0.117
-0.116
-0.116
-0.106
-0.104
-0.104
-0.103
-0.101
-0.108
-0.108
-0.107
-0.106
-0.104
-0.103
-0.102
-0.101
-0.101
-0.1
-0.099
-0.099
-0.098
-0.097
-0.097
-0.096
-0.096
-0.095
-0.094
-0.094
-0.094
-0.093
-0.092
-0.092
-0.091
-0.088
-0.087
-0.086
-0.086
-0.085
-0.084
-0.083
-0.081
-0.079
-0.077
-0.073
-0.065
-0.053
-0.039
-0.023
-0.006
0.011
0.025
0.037
0.046
0.052
0.055
0.056
0.054
0.05
0.043
0.032
0.019
0.005
-0.011
-0.027
-0.043
-0.056
-0.066
-0.072
-0.076
-0.078
-0.079
-0.079
-0.08
-0.08
-0.079
-0.079
-0.079
-0.079
-0.079
-0.079
-0.078
-0.077
-0.076
-0.075
-0.073
-0.075
-0.084
-0.089
-0.074
-0.033
0.033
0.124
0.234
0.348
0.466
0.581
0.687
0.731
0.767
0.755
0.692
0.586
0.495
0.361
0.22
0.082
-0.04
-0.13
-0.189
-0.216
-0.208
-0.181
-0.158
-0.141
-0.133
-0.13
-0.129
-0.128
-0.127
-0.125
-0.124
-0.123
-0.123
-0.121
-0.12
-0.119
-0.117
-0.115
-0.113
-0.108
-0.098
-0.086
-0.07
-0.052
-0.033
-0.014
0.003
0.019
0.037
0.057
0.076
0.096
0.115
0.132
0.146
0.157
0.164
0.169
0.172
0.175
0.177
0.179
0.179
0.177
0.175
0.17
0.164
0.159
0.152
0.143
0.131
0.119
0.104
0.086
0.065
0.044
0.024
0.005
-0.014
-0.032
-0.05
-0.067
-0.084
-0.101
-0.117
-0.128
-0.136
-0.14
-0.14
-0.139
-0.139
-0.138
-0.137
-0.135
-0.134
-0.133
-0.132
-0.13
-0.129
-0.127
-0.125
-0.131
-0.129
-0.129
-0.127
-0.125
-0.117
-0.116
-0.115
-0.113
-0.111
-0.11
-0.108
-0.108
-0.107
-0.107
-0.106
-0.106
-0.105
-0.105
-0.104
-0.103
-0.103
-0.101
-0.101
