0.093
0.074
0.042
0.022
0.002
-0.018
-0.036
-0.039
-0.056
-0.073
-0.091
-0.107
-0.119
-0.128
-0.133
-0.134
-0.133
-0.131
-0.13
-0.129
-0.128
-0.127
-0.126
-0.125
-0.123
-0.122
-0.12
-0.119
-0.118
-0.116
-0.116
-0.115
-0.121
-0.121
-0.12
-0.119
-0.118
-0.109
-0.108
-0.105
-0.104
-0.102
-0.1
-0.098
-0.097
-0.096
-0.096
-0.096
-0.096
-0.095
-0.094
-0.093
-0.092
-0.091
-0.09
-0.089
-0.088
-0.087
-0.085
-0.084
-0.083
-0.082
-0.081
-0.08
-0.079
-0.078
-0.077
-0.076
-0.074
-0.069
-0.059
-0.047
-0.033
-0.016
0.001
0.017
0.032
0.044
0.054
0.06
0.064
0.064
0.061
0.056
0.047
0.035
0.022
0.007
-0.009
-0.026
-0.041
-0.053
-0.061
-0.067
-0.069
-0.069
-0.074
-0.075
-0.075
-0.074
-0.073
-0.067
-0.067
-0.066
-0.067
-0.066
-0.065
-0.064
-0.062
-0.061
-0.06
-0.064
-0.074
-0.072
-0.046
0.004
0.079
0.18
0.291
0.405
0.523
0.636
0.737
0.802
0.82
0.788
0.648
0.529
0.399
0.264
0.125
0.052
-0.06
-0.138
-0.166
-0.18
-0.161
-0.133
-0.113
-0.12
-0.115
-0.113
-0.113
-0.112
-0.111
-0.11
-0.11
-0.109
-0.107
-0.106
-0.104
-0.104
-0.103
-0.102
-0.1
-0.094
-0.083
-0.07
-0.053
-0.034
-0.014
0.004
0.021
0.038
0.057
0.077
0.097
0.117
0.135
0.15
0.163
0.173
0.18
0.185
0.189
0.191
0.193
0.193
0.192
0.189
0.185
0.179
0.173
0.166
0.159
0.149
0.137
0.123
0.106
0.085
0.058
0.036
0.016
-0.002
-0.019
-0.031
-0.048
-0.064
-0.081
-0.098
-0.111
-0.12
-0.126
-0.127
-0.126
-0.125
-0.124
-0.123
-0.121
-0.12
-0.118
-0.117
-0.115
-0.114
-0.113
-0.112
-0.11
-0.108
-0.108
-0.107
-0.105
-0.104
-0.104
-0.102
-0.093
-0.092
-0.092
-0.09
-0.089
-0.097
-0.095
-0.094
-0.094
-0.094
-0.093
-0.092
-0.091
-0.09
-0.088
-0.086
-0.085
-0.083
-0.082
-0.081
-0.081
-0.08
-0.079
-0.079
-0.079
-0.078
