-0.139
-0.137
-0.136
-0.135
-0.134
-0.132
-0.131
-0.129
-0.127
-0.126
-0.125
-0.124
-0.123
-0.122
-0.121
-0.119
-0.117
-0.116
-0.115
-0.115
-0.114
-0.113
-0.111
-0.11
-0.109
-0.108
-0.107
-0.106
-0.105
-0.104
-0.097
-0.095
-0.095
-0.094
-0.092
-0.098
-0.098
-0.097
-0.096
-0.096
-0.096
-0.095
-0.095
-0.094
-0.093
-0.092
-0.092
-0.091
-0.09
-0.089
-0.088
-0.085
-0.078
-0.067
-0.055
-0.039
-0.02
-0.003
0.013
0.027
0.039
0.048
0.053
0.054
0.052
0.048
0.042
0.032
0.022
0.008
-0.006
-0.024
-0.043
-0.058
-0.071
-0.079
-0.084
-0.083
-0.084
-0.083
-0.083
-0.082
-0.082
-0.081
-0.08
-0.08
-0.079
-0.079
-0.079
-0.078
-0.077
-0.077
-0.077
-0.077
-0.083
-0.092
-0.085
-0.053
0.002
0.082
0.188
0.305
0.423
0.534
0.64
0.735
0.793
0.801
0.76
0.672
0.548
0.41
0.269
0.136
0.01
-0.095
-0.17
-0.211
-0.216
-0.194
-0.168
-0.149
-0.137
-0.133
-0.132
-0.13
-0.128
-0.127
-0.124
-0.122
-0.121
-0.119
-0.118
-0.117
-0.116
-0.115
-0.1
-0.095
-0.088
-0.077
-0.062
-0.058
-0.04
-0.022
-0.005
0.012
0.03
0.049
0.068
0.086
0.105
0.123
0.139
0.152
0.161
0.167
0.171
0.174
0.177
0.178
0.178
0.178
0.176
0.172
0.166
0.16
0.156
0.147
0.137
0.125
0.112
0.092
0.071
0.05
0.031
0.012
-0.007
-0.025
-0.043
-0.06
-0.077
-0.095
-0.112
-0.124
-0.131
-0.135
-0.135
-0.135
-0.134
-0.133
-0.132
-0.132
-0.13
-0.129
-0.128
-0.126
-0.124
-0.123
-0.121
-0.12
-0.117
-0.115
-0.114
-0.113
-0.112
-0.114
-0.113
-0.112
-0.112
-0.111
-0.11
-0.108
-0.107
-0.105
-0.103
-0.102
-0.101
-0.099
-0.098
-0.097
-0.096
-0.095
-0.093
-0.091
-0.09
-0.089
-0.087
-0.087
-0.087
-0.086
-0.084
-0.083
-0.082
-0.081
-0.08
-0.08
-0.079
-0.078
-0.078
-0.075
-0.068
-0.057
-0.043
-0.027
-0.01
0.007
0.022
0.036
0.047
0.054
