-0.091
-0.091
-0.091
-0.09
-0.089
-0.088
-0.087
-0.086
-0.082
-0.075
-0.064
-0.049
-0.031
-0.014
0.001
0.016
0.029
0.04
0.047
0.051
0.052
0.049
0.045
0.039
0.029
0.017
0.004
-0.011
-0.027
-0.041
-0.053
-0.064
-0.073
-0.078
-0.08
-0.081
-0.082
-0.082
-0.08
-0.079
-0.078
-0.078
-0.077
-0.077
-0.077
-0.076
-0.074
-0.072
-0.071
-0.069
-0.07
-0.078
-0.086
-0.075
-0.042
0.016
0.107
0.223
0.336
0.444
0.552
0.662
0.758
0.806
0.805
0.755
0.653
0.515
0.38
0.251
0.122
-0.007
-0.094
-0.161
-0.192
-0.19
-0.163
-0.156
-0.139
-0.129
-0.126
-0.125
-0.124
-0.123
-0.121
-0.12
-0.118
-0.117
-0.116
-0.115
-0.115
-0.114
-0.114
-0.113
-0.108
-0.1
-0.088
-0.071
-0.052
-0.034
-0.017
0.001
0.027
0.044
0.062
0.081
0.101
0.112
0.13
0.144
0.155
0.164
0.17
0.174
0.176
0.178
0.18
0.181
0.18
0.177
0.173
0.168
0.161
0.154
0.146
0.136
0.123
0.107
0.09
0.07
0.05
0.03
0.01
-0.009
-0.025
-0.041
-0.057
-0.075
-0.094
-0.109
-0.12
-0.128
-0.132
-0.132
-0.131
-0.13
-0.128
-0.127
-0.126
-0.125
-0.124
-0.122
-0.121
-0.119
-0.117
-0.115
-0.114
-0.113
-0.112
-0.111
-0.11
-0.109
-0.107
-0.106
-0.105
-0.104
-0.093
-0.092
-0.09
-0.088
-0.087
-0.094
-0.093
-0.091
-0.09
-0.089
-0.089
-0.088
-0.088
-0.088
-0.086
-0.085
-0.085
-0.084
-0.082
-0.082
-0.082
-0.082
-0.082
-0.081
-0.081
-0.08
-0.079
-0.078
-0.077
-0.076
-0.056
-0.048
-0.037
-0.023
-0.007
-0.007
0.01
0.025
0.037
0.047
0.056
0.061
0.063
0.063
0.061
0.054
0.044
0.031
0.018
0.002
-0.015
-0.031
-0.045
-0.056
-0.063
-0.068
-0.07
-0.071
-0.072
-0.072
-0.071
-0.07
-0.07
-0.069
-0.067
-0.065
-0.064
-0.063
-0.062
-0.062
-0.061
-0.06
-0.061
-0.067
-0.075
-0.066
-0.034
0.022
0.104
0.21
0.323
0.441
0.555
0.662
