-0.054
-0.053
-0.053
-0.054
-0.045
-0.039
-0.028
-0.013
0.001
0.003
0.009
0.01
0.009
0.007
0.005
-0.002
-0.013
-0.025
-0.035
-0.042
-0.046
-0.046
-0.046
-0.047
-0.048
-0.048
-0.047
-0.046
-0.048
-0.054
-0.053
-0.038
-0.01
0.03
0.131
0.229
0.309
0.365
0.397
0.354
0.24
0.128
0.032
-0.044
-0.101
-0.09
-0.075
-0.066
-0.061
-0.058
-0.057
-0.056
-0.054
-0.055
-0.056
-0.054
-0.049
-0.043
-0.024
-0.008
0.008
0.025
0.044
0.049
0.065
0.076
0.085
0.093
0.101
0.101
0.1
0.097
0.092
0.088
0.083
0.077
0.063
0.045
0.026
0.01
-0.005
-0.014
-0.024
-0.035
-0.044
-0.05
-0.052
-0.051
-0.049
-0.049
-0.051
-0.051
-0.049
-0.048
-0.046
-0.046
-0.047
-0.048
-0.046
-0.045
-0.043
-0.042
-0.042
-0.042
-0.041
-0.041
-0.04
-0.041
-0.043
-0.043
-0.041
-0.04
-0.037
-0.036
-0.036
-0.036
-0.034
-0.033
-0.023
-0.011
-0
0.013
0.028
0.033
0.035
0.032
0.025
0.016
0.009
-0
-0.008
-0.016
-0.024
-0.031
-0.033
-0.033
-0.032
-0.033
-0.034
-0.035
-0.034
-0.034
-0.031
-0.017
0.006
0.041
0.091
0.149
0.231
0.287
0.316
0.321
0.305
0.237
0.145
0.068
0.006
-0.041
-0.072
-0.062
-0.055
-0.052
-0.053
-0.054
-0.054
-0.054
-0.052
-0.05
-0.049
-0.044
-0.035
-0.026
-0.009
0.008
0.023
0.038
0.055
0.064
0.075
0.084
0.089
0.092
0.095
0.094
0.093
0.09
0.082
0.074
0.067
0.059
0.044
0.027
0.008
-0.011
-0.028
-0.037
-0.044
-0.051
-0.057
-0.062
-0.064
-0.064
-0.062
-0.061
-0.062
-0.063
-0.061
-0.061
-0.058
-0.056
-0.056
-0.057
-0.056
-0.057
-0.055
-0.054
-0.055
-0.056
-0.055
-0.054
-0.052
-0.05
-0.05
-0.051
-0.05
-0.05
-0.05
-0.049
-0.051
-0.053
-0.051
-0.047
-0.033
-0.019
-0.007
0.003
0.014
0.015
0.012
0.007
-0.004
-0.018
-0.03
-0.038
-0.043
-0.046
-0.05
-0.052
-0.053
-0.053
