0.02
0.017
0.005
-0.008
-0.021
-0.033
-0.043
-0.044
-0.046
-0.048
-0.05
-0.05
-0.048
-0.047
-0.046
-0.046
-0.047
-0.047
-0.048
-0.051
-0.001
0.059
0.131
0.218
0.319
0.369
0.349
0.302
0.229
0.132
0.019
-0.036
-0.064
-0.081
-0.084
-0.073
-0.058
-0.058
-0.056
-0.056
-0.057
-0.056
-0.054
-0.054
-0.046
-0.036
-0.026
-0.014
0.003
0.011
0.028
0.044
0.058
0.072
0.086
0.089
0.093
0.094
0.094
0.093
0.095
0.092
0.085
0.074
0.06
0.045
0.031
0.019
0.003
-0.014
-0.029
-0.045
-0.056
-0.058
-0.056
-0.055
-0.054
-0.053
-0.054
-0.055
-0.052
-0.052
-0.05
-0.049
-0.049
-0.049
-0.047
-0.046
-0.045
-0.045
-0.046
-0.047
-0.046
-0.046
-0.041
-0.036
-0.031
-0.024
-0.012
-0.004
0.008
0.015
0.02
0.022
0.024
0.019
0.009
-0.003
-0.016
-0.028
-0.037
-0.039
-0.038
-0.038
-0.04
-0.04
-0.038
-0.037
-0.034
-0.034
-0.038
-0.044
-0.042
-0.029
0.044
0.129
0.227
0.325
0.407
0.414
0.347
0.253
0.146
0.045
-0.041
-0.06
-0.061
-0.06
-0.057
-0.055
-0.055
-0.056
-0.055
-0.053
-0.042
-0.029
-0.016
-0.001
0.016
0.025
0.041
0.058
0.073
0.085
0.093
0.094
0.095
0.091
0.087
0.085
0.083
0.079
0.067
0.054
0.037
0.019
0.002
-0.007
-0.021
-0.033
-0.047
-0.058
-0.067
-0.067
-0.068
-0.067
-0.067
-0.068
-0.067
-0.064
-0.065
-0.063
-0.064
-0.065
-0.065
-0.062
-0.062
-0.06
-0.06
-0.061
-0.06
-0.058
-0.058
-0.056
-0.056
-0.057
-0.057
-0.054
-0.056
-0.055
-0.056
-0.057
-0.057
-0.053
-0.045
-0.035
-0.026
-0.017
-0.005
0.001
0.003
0.007
0.006
0.002
-0.003
-0.004
-0.018
-0.026
-0.037
-0.047
-0.054
-0.052
-0.054
-0.052
-0.053
-0.054
-0.055
-0.053
-0.053
-0.057
-0.056
-0.045
-0.021
0.017
0.117
0.2
0.259
0.292
0.298
0.23
0.134
0.047
-0.024
-0.075
-0.108
-0.095
-0.083
-0.071
-0.065
-0.064
