-0.064
-0.046
-0.027
-0.008
0.008
0.025
0.044
0.065
0.084
0.103
0.122
0.138
0.152
0.162
0.169
0.173
0.175
0.176
0.178
0.179
0.178
0.176
0.172
0.167
0.161
0.155
0.149
0.139
0.126
0.112
0.095
0.074
0.052
0.032
0.013
-0.006
-0.022
-0.039
-0.057
-0.074
-0.091
-0.109
-0.124
-0.133
-0.138
-0.139
-0.138
-0.135
-0.133
-0.132
-0.132
-0.13
-0.125
-0.124
-0.123
-0.121
-0.119
-0.122
-0.121
-0.12
-0.119
-0.119
-0.117
-0.116
-0.115
-0.113
-0.111
-0.111
-0.11
-0.109
-0.108
-0.106
-0.104
-0.103
-0.101
-0.1
-0.099
-0.099
-0.097
-0.097
-0.097
-0.096
-0.09
-0.089
-0.088
-0.087
-0.086
-0.09
-0.089
-0.088
-0.088
-0.087
-0.085
-0.083
-0.082
-0.082
-0.081
-0.08
-0.078
-0.072
-0.057
-0.044
-0.026
-0.008
0.01
0.02
0.033
0.044
0.054
0.06
0.062
0.061
0.059
0.053
0.044
0.034
0.023
0.007
-0.009
-0.025
-0.039
-0.051
-0.06
-0.066
-0.069
-0.07
-0.07
-0.071
-0.071
-0.07
-0.069
-0.068
-0.068
-0.067
-0.067
-0.068
-0.069
-0.069
-0.068
-0.066
-0.066
-0.069
-0.077
-0.076
-0.052
-0.006
0.068
0.175
0.294
0.406
0.515
0.624
0.732
0.805
0.826
0.797
0.72
0.593
0.453
0.32
0.192
0.061
-0.059
-0.146
-0.194
-0.208
-0.19
-0.161
-0.138
-0.124
-0.118
-0.117
-0.116
-0.115
-0.115
-0.113
-0.111
-0.109
-0.108
-0.107
-0.105
-0.105
-0.106
-0.105
-0.103
-0.097
-0.087
-0.071
-0.053
-0.034
-0.016
0.002
0.019
0.037
0.056
0.075
0.092
0.113
0.133
0.148
0.16
0.171
0.178
0.182
0.184
0.186
0.187
0.188
0.187
0.185
0.182
0.177
0.171
0.164
0.158
0.149
0.137
0.122
0.104
0.083
0.063
0.043
0.023
0.003
-0.014
-0.03
-0.047
-0.065
-0.082
-0.098
-0.111
-0.12
-0.124
-0.126
-0.126
-0.124
-0.122
-0.121
-0.119
-0.117
-0.12
-0.12
-0.118
-0.116
-0.115
-0.11
-0.109
-0.109
-0.109
-0.109
