-0.045
-0.036
-0.027
-0.019
-0.002
0.015
0.032
0.051
0.069
0.076
0.083
0.088
0.084
0.081
0.078
0.07
0.059
0.049
0.032
0.014
-0.003
-0.019
-0.032
-0.041
-0.046
-0.052
-0.055
-0.054
-0.053
-0.054
-0.052
-0.052
-0.052
-0.05
-0.047
-0.048
-0.045
-0.045
-0.045
-0.043
-0.041
-0.042
-0.04
-0.039
-0.039
-0.039
-0.036
-0.036
-0.037
-0.038
-0.037
-0.037
-0.037
-0.037
-0.035
-0.035
-0.034
-0.03
-0.023
-0.019
-0.003
0.008
0.019
0.03
0.038
0.036
0.027
0.017
0.004
-0.007
-0.018
-0.021
-0.025
-0.028
-0.03
-0.03
-0.029
-0.03
-0.029
-0.03
-0.03
-0.029
-0.027
-0.031
0.03
0.102
0.183
0.275
0.379
0.411
0.366
0.298
0.207
0.094
-0.018
-0.058
-0.077
-0.08
-0.069
-0.055
-0.046
-0.045
-0.046
-0.045
-0.044
-0.043
-0.044
-0.044
-0.037
-0.027
-0.014
-0
0.014
0.024
0.039
0.056
0.072
0.084
0.094
0.095
0.095
0.095
0.096
0.096
0.092
0.089
0.077
0.064
0.05
0.035
0.017
0.008
-0.01
-0.024
-0.036
-0.048
-0.059
-0.06
-0.062
-0.062
-0.06
-0.058
-0.058
-0.057
-0.058
-0.058
-0.058
-0.057
-0.056
-0.055
-0.056
-0.055
-0.054
-0.053
-0.053
-0.053
-0.054
-0.054
-0.053
-0.052
-0.052
-0.052
-0.053
-0.052
-0.05
-0.048
-0.048
-0.048
-0.045
-0.039
-0.031
-0.021
-0.01
-0.001
0.005
0.011
0.015
0.016
0.013
0.008
-0.006
-0.02
-0.031
-0.04
-0.049
-0.05
-0.05
-0.051
-0.05
-0.049
-0.048
-0.049
-0.052
-0.054
-0.057
-0.054
-0.041
-0.014
0.09
0.188
0.289
0.372
0.428
0.389
0.294
0.179
0.068
-0.024
-0.1
-0.106
-0.097
-0.084
-0.073
-0.067
-0.065
-0.067
-0.067
-0.068
-0.066
-0.064
-0.062
-0.058
-0.047
-0.034
-0.018
-0.001
0.016
0.025
0.039
0.051
0.064
0.075
0.084
0.085
0.084
0.083
0.082
0.079
0.076
0.072
0.056
0.04
0.024
0.008
-0.009
-0.017
-0.032
-0.045
-0.055
-0.062
