-0.054
-0.054
-0.052
-0.052
-0.053
-0.052
-0.049
-0.049
-0.049
-0.05
-0.051
-0.051
-0.05
-0.049
-0.048
-0.048
-0.049
-0.048
-0.046
-0.046
-0.043
-0.04
-0.035
-0.027
-0.017
-0.008
0.003
0.01
0.015
0.018
0.021
0.018
0.006
-0.007
-0.021
-0.032
-0.041
-0.043
-0.043
-0.044
-0.045
-0.046
-0.044
-0.044
-0.043
-0.045
-0.049
-0.055
-0.057
-0.05
0.017
0.096
0.191
0.295
0.389
0.408
0.352
0.268
0.158
0.041
-0.059
-0.089
-0.1
-0.098
-0.086
-0.074
-0.065
-0.064
-0.063
-0.063
-0.064
-0.065
-0.064
-0.063
-0.048
-0.036
-0.023
-0.008
0.009
0.014
0.031
0.045
0.057
0.069
0.082
0.083
0.084
0.083
0.079
0.076
0.074
0.071
0.062
0.049
0.033
0.017
0.002
-0.008
-0.023
-0.037
-0.051
-0.062
-0.069
-0.069
-0.067
-0.067
-0.068
-0.068
-0.067
-0.067
-0.065
-0.065
-0.066
-0.066
-0.065
-0.064
-0.061
-0.06
-0.062
-0.061
-0.06
-0.061
-0.06
-0.058
-0.056
-0.055
-0.053
-0.053
-0.054
-0.055
-0.054
-0.054
-0.046
-0.039
-0.031
-0.021
-0.008
-0.001
0.007
0.012
0.013
0.012
0.01
0.005
-0.006
-0.018
-0.03
-0.041
-0.048
-0.048
-0.047
-0.046
-0.047
-0.048
-0.047
-0.047
-0.046
-0.049
-0.053
-0.047
-0.027
0.003
0.098
0.2
0.292
0.363
0.41
0.383
0.281
0.165
0.059
-0.03
-0.099
-0.098
-0.082
-0.07
-0.063
-0.059
-0.058
-0.058
-0.055
-0.054
-0.04
-0.027
-0.012
0.006
0.029
0.039
0.055
0.069
0.079
0.086
0.094
0.094
0.095
0.094
0.091
0.086
0.082
0.077
0.059
0.041
0.022
0.001
-0.02
-0.029
-0.037
-0.047
-0.055
-0.059
-0.058
-0.057
-0.054
-0.052
-0.051
-0.051
-0.05
-0.05
-0.048
-0.047
-0.048
-0.05
-0.05
-0.05
-0.049
-0.047
-0.048
-0.048
-0.048
-0.047
-0.045
-0.042
-0.042
-0.043
-0.043
-0.044
-0.042
-0.041
-0.041
-0.042
-0.041
-0.041
-0.03
-0.018
-0.006
0.005
0.013
0.014
0.012
0.009
