-0.049
-0.047
-0.042
-0.034
-0.026
-0.017
-0.007
0.003
0.011
0.017
0.02
0.017
0.004
-0.009
-0.021
-0.032
-0.043
-0.045
-0.047
-0.049
-0.049
-0.049
-0.048
-0.047
-0.048
-0.048
-0.046
-0.047
-0.051
-0.05
0.008
0.077
0.162
0.261
0.36
0.397
0.354
0.287
0.198
0.088
-0.025
-0.068
-0.09
-0.097
-0.089
-0.074
-0.063
-0.062
-0.063
-0.064
-0.062
-0.06
-0.058
-0.057
-0.051
-0.041
-0.029
-0.015
-0
0.008
0.023
0.038
0.054
0.069
0.082
0.086
0.087
0.088
0.089
0.09
0.089
0.086
0.074
0.06
0.029
-0.001
-0.027
-0.046
-0.063
-0.064
-0.064
-0.064
-0.063
-0.062
-0.06
-0.058
-0.057
-0.059
-0.058
-0.057
-0.057
-0.058
-0.056
-0.055
-0.055
-0.052
-0.049
-0.051
-0.049
-0.05
-0.049
-0.047
-0.045
-0.048
-0.048
-0.049
-0.05
-0.048
-0.046
-0.046
-0.042
-0.036
-0.028
-0.017
-0.005
0.003
0.011
0.016
0.02
0.022
0.022
0.016
0.003
-0.011
-0.023
-0.033
-0.04
-0.04
-0.041
-0.041
-0.04
-0.039
-0.038
-0.037
-0.037
-0.039
-0.043
-0.042
-0.029
-0.007
0.072
0.168
0.27
0.357
0.42
0.41
0.323
0.21
0.095
-0.001
-0.081
-0.092
-0.085
-0.072
-0.061
-0.053
-0.047
-0.047
-0.047
-0.047
-0.047
-0.046
-0.043
-0.04
-0.028
-0.016
-0.001
0.015
0.033
0.042
0.057
0.07
0.083
0.094
0.104
0.105
0.104
0.101
0.099
0.097
0.095
0.091
0.077
0.061
0.045
0.029
0.013
0.005
-0.011
-0.026
-0.037
-0.046
-0.052
-0.051
-0.051
-0.051
-0.052
-0.051
-0.05
-0.049
-0.048
-0.048
-0.048
-0.047
-0.045
-0.044
-0.043
-0.043
-0.043
-0.042
-0.04
-0.04
-0.04
-0.04
-0.041
-0.04
-0.039
-0.04
-0.039
-0.04
-0.04
-0.038
-0.035
-0.034
-0.027
-0.019
-0.009
0.003
0.016
0.022
0.027
0.028
0.026
0.022
0.016
0.008
-0.005
-0.017
-0.028
-0.035
-0.039
-0.04
-0.04
-0.04
-0.04
-0.039
-0.037
-0.037
-0.041
-0.044
