-0.014
0.002
0.021
0.031
0.047
0.06
0.069
0.078
0.087
0.089
0.09
0.088
0.084
0.08
0.078
0.074
0.061
0.044
0.025
0.006
-0.009
-0.017
-0.03
-0.041
-0.053
-0.063
-0.068
-0.067
-0.064
-0.064
-0.064
-0.064
-0.063
-0.062
-0.06
-0.059
-0.06
-0.06
-0.059
-0.058
-0.056
-0.055
-0.056
-0.056
-0.054
-0.053
-0.05
-0.049
-0.051
-0.052
-0.05
-0.05
-0.049
-0.047
-0.048
-0.05
-0.048
-0.048
-0.038
-0.027
-0.015
-0.003
0.013
0.018
0.018
0.018
0.004
-0.011
-0.023
-0.03
-0.04
-0.039
-0.037
-0.039
-0.042
-0.041
-0.038
-0.038
-0.04
-0.035
-0.021
0.005
0.045
0.1
0.2
0.278
0.329
0.355
0.359
0.294
0.193
0.111
0.043
-0.014
-0.058
-0.052
-0.05
-0.052
-0.054
-0.053
-0.05
-0.05
-0.047
-0.045
-0.044
-0.042
-0.035
-0.029
-0.013
0.004
0.018
0.033
0.05
0.061
0.075
0.086
0.092
0.095
0.099
0.099
0.1
0.099
0.093
0.086
0.079
0.071
0.056
0.039
0.02
0.001
-0.025
-0.038
-0.049
-0.056
-0.061
-0.057
-0.054
-0.051
-0.051
-0.052
-0.05
-0.051
-0.052
-0.051
-0.048
-0.048
-0.049
-0.048
-0.049
-0.051
-0.054
-0.055
-0.053
-0.049
-0.05
-0.049
-0.049
-0.05
-0.05
-0.046
-0.046
-0.045
-0.041
-0.038
-0.035
-0.028
-0.016
-0.006
0.001
0.009
0.02
0.023
0.015
0.011
0.002
-0.01
-0.022
-0.024
-0.033
-0.038
-0.042
-0.046
-0.048
-0.045
-0.046
-0.043
-0.043
-0.044
-0.044
-0.041
-0.007
0.019
0.055
0.102
0.162
0.198
0.225
0.256
0.259
0.237
0.191
0.154
0.083
0.027
-0.016
-0.046
-0.063
-0.061
-0.061
-0.059
-0.062
-0.063
-0.062
-0.059
-0.056
-0.049
-0.04
-0.029
-0.018
-0.009
0.012
0.026
0.04
0.057
0.073
0.072
0.078
0.08
0.08
0.083
0.086
0.084
0.076
0.065
0.053
0.04
0.028
0.018
0.002
-0.018
-0.036
-0.051
-0.063
-0.068
-0.07
-0.073
-0.073
-0.072
-0.069
-0.067
