-0.043
-0.042
-0.035
-0.028
-0.02
-0.009
0.007
0.015
0.033
0.048
0.063
0.077
0.093
0.096
0.1
0.101
0.101
0.101
0.102
0.099
0.09
0.078
0.064
0.051
0.037
0.026
0.01
-0.008
-0.026
-0.04
-0.051
-0.055
-0.056
-0.056
-0.057
-0.056
-0.054
-0.054
-0.053
-0.054
-0.056
-0.058
-0.058
-0.058
-0.055
-0.054
-0.052
-0.052
-0.053
-0.052
-0.051
-0.051
-0.049
-0.049
-0.05
-0.05
-0.049
-0.048
-0.042
-0.039
-0.035
-0.027
-0.017
-0.012
-0.002
0.005
0.01
0.014
0.016
0.014
0.001
-0.012
-0.026
-0.037
-0.048
-0.047
-0.047
-0.047
-0.046
-0.046
-0.044
-0.043
-0.045
-0.048
-0.051
-0.057
-0.059
-0.048
0.042
0.121
0.214
0.317
0.303
0.218
0.134
0.029
-0.087
-0.088
-0.095
-0.089
-0.075
-0.065
-0.058
-0.058
-0.057
-0.057
-0.044
-0.034
-0.022
-0.006
0.012
0.019
0.036
0.052
0.064
0.076
0.089
0.09
0.09
0.089
0.086
0.083
0.08
0.079
0.063
0.047
0.03
0.009
-0.012
-0.02
-0.032
-0.044
-0.053
-0.059
-0.065
-0.066
-0.067
-0.067
-0.067
-0.066
-0.066
-0.064
-0.066
-0.067
-0.066
-0.064
-0.064
-0.063
-0.063
-0.063
-0.062
-0.06
-0.059
-0.058
-0.058
-0.058
-0.057
-0.056
-0.055
-0.054
-0.055
-0.054
-0.052
-0.051
-0.05
-0.049
-0.041
-0.032
-0.018
-0.004
0.01
0.015
0.016
0.015
0.011
0.007
0.001
-0.008
-0.02
-0.031
-0.037
-0.041
-0.044
-0.043
-0.043
-0.044
-0.043
-0.042
-0.041
-0.04
-0.043
-0.035
-0.015
0.018
0.061
0.119
0.209
0.276
0.319
0.338
0.332
0.265
0.161
0.075
0.007
-0.043
-0.08
-0.068
-0.061
-0.057
-0.055
-0.053
-0.052
-0.051
-0.053
-0.055
-0.053
-0.048
-0.041
-0.031
-0.009
0.008
0.025
0.044
0.062
0.065
0.075
0.083
0.09
0.097
0.102
0.103
0.101
0.096
0.092
0.087
0.08
0.071
0.051
0.032
0.014
-0.002
-0.018
-0.026
-0.035
-0.044
-0.05
-0.051
-0.051
-0.052
-0.052
-0.052
-0.054
-0.053
-0.051
-0.048
-0.047
-0.046
-0.046
-0.046
-0.045
-0.044
-0.043
-0.043
-0.043
-0.045
-0.046
-0.045
-0.044
-0.044
-0.044
-0.043
-0.043
-0.041
-0.037
-0.032
-0.02
-0.009
0.005
0.017
0.029
0.031
0.028
0.021
0.012
0.002
-0.007
-0.016
-0.025
-0.032
-0.037
-0.038
-0.037
-0.036
-0.035
-0.036
-0.036
-0.035
-0.033
-0.033
-0.014
0.014
0.055
0.109
0.175
0.231
0.274
0.291
0.284
0.255
0.201
0.134
0.07
0.017
-0.022
-0.047
-0.057
-0.054
-0.051
-0.051
-0.048
-0.044
-0.039
-0.031
-0.021
-0.012
0.005
0.02
0.037
0.054
0.073
0.081
0.087
0.09
0.093
0.095
0.096
0.095
0.089
0.079
0.07
0.061
0.051
0.041
0.025
0.007
-0.012
-0.029
-0.044
-0.052
-0.057
-0.063
-0.065
-0.065
-0.064
-0.063
-0.062
-0.062
-0.062
-0.062
-0.06
-0.059
-0.059
-0.06
-0.061
-0.06
-0.059
-0.058
-0.056
-0.054
-0.054
-0.056
-0.056
-0.056
-0.058
-0.058
-0.057
-0.056
-0.056
-0.055
-0.055
-0.056
-0.054
-0.049
-0.043
-0.037
-0.022
-0.01
0
0.009
0.018
0.018
0.011
0
-0.013
-0.026
-0.037
-0.043
-0.046
-0.049
-0.051
-0.052
-0.051
-0.052
-0.051
-0.051
-0.052
-0.051
-0.05
-0.053
-0.011
0.041
0.104
0.181
0.273
0.328
0.299
0.269
0.214
0.135
0.033
-0.005
-0.043
-0.068
-0.08
-0.079
-0.065
-0.064
-0.065
-0.066
-0.065
-0.064
-0.063
-0.062
-0.052
-0.044
-0.036
-0.024
-0.01
-0.004
0.016
0.033
0.048
0.064
0.08
0.081
0.084
0.086
0.085
0.084
0.084
0.081
0.07
0.06
0.047
0.034
0.021
0.014
-0.005
-0.022
-0.038
-0.052
-0.063
-0.062
-0.063
-0.063
-0.064
-0.066
-0.065
-0.065
-0.063
-0.061
-0.06
-0.061
-0.061
-0.06
-0.059
-0.057
-0.056
-0.055
-0.056
-0.055
-0.053
-0.051
-0.051
-0.049
-0.048
-0.049
-0.05
-0.05
-0.045
-0.044
-0.04
-0.031
-0.02
-0.013
-0.002
0.007
0.013
0.016
