0.059
0.124
0.183
0.245
0.311
0.317
0.314
0.312
0.308
0.304
0.3
0.296
0.292
0.289
0.285
0.281
0.279
0.276
0.273
0.27
0.267
0.264
0.261
0.258
0.255
0.252
0.249
0.247
0.245
0.242
0.23
0.227
0.224
0.221
0.218
0.225
0.224
0.222
0.22
0.217
0.215
0.212
0.21
0.207
0.205
0.203
0.202
0.2
0.199
0.196
0.194
0.191
0.188
0.186
0.184
0.182
0.181
0.179
0.178
0.176
0.174
0.171
0.169
0.167
0.166
0.165
0.164
0.163
0.161
0.158
0.147
0.145
0.143
0.142
0.14
0.148
0.147
0.146
0.145
0.143
0.133
0.131
0.13
0.129
0.127
0.134
0.133
0.132
0.13
0.128
0.119
0.117
0.116
0.115
0.113
0.121
0.12
0.119
0.118
0.117
0.108
0.106
0.105
0.104
0.102
0.109
0.108
0.108
0.107
0.107
0.098
0.097
0.096
0.095
0.094
0.1
0.099
0.097
0.096
0.095
0.087
0.087
0.086
0.085
0.084
0.09
0.089
0.089
0.088
0.087
0.079
0.078
0.077
0.076
0.076
0.082
0.081
0.08
0.079
0.078
0.071
0.07
0.069
0.069
0.068
0.075
0.074
0.073
0.072
0.071
0.07
0.069
0.069
0.068
0.067
0.066
0.066
0.065
0.065
0.064
0.064
0.063
0.063
0.061
0.061
0.059
0.058
0.058
0.058
0.058
0.058
0.057
0.057
0.056
0.055
0.054
0.054
0.054
0.054
0.054
0.053
0.052
0.051
0.05
0.05
0.049
0.05
0.05
0.058
0.061
0.054
0.045
0.045
0.044
0.044
0.049
0.053
0.049
0.043
0.042
0.041
0.047
0.049
0.045
0.04
0.039
0.038
0.043
0.046
0.043
0.037
0.037
0.036
0.041
0.044
0.041
0.035
0.034
0.033
0.038
0.042
0.039
0.033
0.032
0.03
0.034
0.039
0.036
0.031
0.03
0.028
0.033
0.036
0.033
0.028
0.027
0.025
0.03
0.035
0.032
0.027
0.027
0.024
0.028
0.033
0.031
0.025
0.024
0.022
0.026
0.031
0.029
0.023
0.022
0.02
0.024
0.029
0.027
0.021
0.021
0.018
0.022
0.027
0.026
0.02
0.02
0.017
0.021
0.026
0.025
0.019
0.019
0.015
0.018
0.024
0.023
0.017
0.016
0.014
0.017
0.023
0.023
0.017
0.016
0.013
0.015
0.021
0.021
0.016
0.015
0.012
0.015
0.02
0.02
0.015
0.014
0.01
0.012
0.018
0.019
0.014
0.013
0.009
0.011
0.017
0.018
0.013
0.013
0.008
0.01
0.016
0.018
0.013
0.012
0.007
0.009
0.014
0.015
0.01
0.01
0.008
0.009
0.015
0.017
0.012
0.01
0.008
0.01
0.016
0.018
0.014
0.01
0.009
0.01
0.016
0.019
0.014
0.01
0.009
0.009
0.014
0.016
0.011
0.007
0.006
0.007
0.014
0.017
0.013
0.008
0.007
0.008
0.013
0.015
0.011
0.007
0.006
0.006
0.012
0.015
0.011
0.006
0.006
0.006
0.011
0.014
0.01
0.005
0.005
0.004
0.01
0.013
0.01
0.005
0.005
-0
-0.004
-0.001
0.004
0.005
0.01
0.014
0.012
0.006
0.005
0.005
0.009
0.013
0.01
0.004
0.003
0.004
0.009
0.014
0.011
0.005
0.003
0.003
0.007
0.012
0.01
0.004
0.002
0.003
0.007
0.012
0.01
0.004
0.001
0.002
0.007
0.012
0.011
0.005
0.003
0.003
0.007
0.012
0.01
0.005
0.003
0.002
0.006
0.012
0.011
0.005
0.002
0.002
0.006
0.011
0.01
0.005
0.002
0.002
0.006
0.011
0.01
0.004
0.001
0.002
0.006
0.012
0.01
0.004
0.001
0.001
0.004
0.011
0.01
0.003
-0.001
-0.001
0.003
0.01
0.01
0.004
-0
-0.001
0.003
0.01
0.011
0.004
-0.001
-0.001
0.002
0.009
0.01
0.004
-0.001
-0.001
0.002
0.009
0.011
0.004
-0.001
-0.002
-0.009
-0.002
-0
-0.006
-0.012
-0.001
0.002
0.011
0.013
0.006
-0.001
-0.001
0.002
0.011
0.025
0.03
0.019
0.005
-0.001
-0.002
-0.001
0.009
0.013
0.006
-0.002
-0.002
-0.001
0.008
0.012
0.006
-0.002
-0.002
-0.001
0.008
0.012
0.007
-0.001
-0.002
-0.002
0.007
0.021
0.029
0.021
0.006
-0.003
-0.003
-0.003
0.009
0.016
0.008
-0.004
-0.004
-0.006
0.007
0.018
0.011
-0.002
-0.002
-0.005
0.007
0.018
0.011
-0.003
-0.004
-0.008
0.005
0.017
0.011
-0.004
-0.005
-0.009
0.004
0.017
0.012
-0.002
-0.003
-0.01
-0
0.013
0.01
-0.003
-0.004
-0.009
0
0.012
0.008
-0.004
-0.004
-0.009
-0
0.011
0.008
-0.03
-0.067
-0.09
-0.101
-0.105
-0.088
-0.071
-0.071
-0.104
-0.136
-0.165
-0.199
-0.236
-0.236
-0.235
-0.231
-0.225
-0.223
-0.224
-0.222
-0.221
-0.217
-0.211
-0.21
-0.21
-0.209
-0.208
-0.204
-0.199
-0.192
-0.19
-0.192
-0.195
-0.194
-0.195
-0.191
-0.185
-0.183
-0.184
-0.182
-0.183
-0.179
-0.175
-0.173
-0.173
-0.172
-0.173
-0.173
-0.17
-0.166
-0.163
-0.161
-0.157
-0.152
-0.15
-0.152
-0.153
-0.152
-0.152
-0.149
-0.145
-0.144
-0.144
-0.143
-0.143
-0.141
-0.137
-0.136
-0.136
-0.136
-0.135
-0.133
-0.129
-0.127
-0.127
-0.126
-0.127
-0.125
-0.121
-0.12
-0.12
-0.12
-0.12
-0.118
-0.115
-0.113
-0.113
-0.112
-0.113
-0.112
-0.108
-0.106
-0.107
-0.106
-0.105
-0.104
-0.101
-0.099
-0.099
-0.1
-0.099
-0.098
-0.095
-0.093
-0.093
-0.094
-0.093
-0.092
-0.089
-0.087
-0.087
-0.089
-0.088
-0.087
-0.084
-0.082
-0.083
-0.084
-0.083
-0.082
-0.08
-0.078
-0.078
-0.079
-0.079
-0.078
-0.075
-0.073
-0.074
-0.075
-0.074
-0.073
-0.07
-0.068
-0.069
-0.07
-0.071
-0.071
-0.068
-0.064
-0.061
-0.06
-0.063
-0.065
-0.064
-0.066
-0.067
-0.065
-0.062
-0.06
-0.057
-0.055
-0.056
-0.058
-0.058
-0.057
-0.054
-0.052
-0.052
-0.054
-0.055
-0.054
-0.052
-0.049
-0.049
-0.05
-0.051
-0.05
-0.048
-0.045
-0.045
-0.048
-0.05
-0.049
-0.047
-0.044
-0.044
-0.045
-0.046
-0.046
-0.044
-0.042
