0.102
0.205
0.307
0.409
0.512
0.507
0.502
0.497
0.493
0.488
0.484
0.479
0.473
0.469
0.466
0.465
0.467
0.47
0.474
0.477
0.48
0.482
0.482
0.481
0.479
0.476
0.472
0.468
0.462
0.453
0.444
0.433
0.421
0.409
0.397
0.386
0.376
0.368
0.361
0.355
0.351
0.347
0.343
0.339
0.335
0.332
0.329
0.326
0.323
0.32
0.317
0.314
0.31
0.307
0.304
0.301
0.296
0.288
0.285
0.292
0.311
0.343
0.389
0.44
0.492
0.543
0.594
0.642
0.651
0.635
0.595
0.531
0.446
0.379
0.316
0.269
0.234
0.213
0.204
0.204
0.203
0.201
0.199
0.196
0.194
0.192
0.195
0.198
0.202
0.207
0.215
0.218
0.233
0.247
0.26
0.273
0.286
0.29
0.294
0.297
0.298
0.297
0.295
0.291
0.28
0.271
0.261
0.248
0.234
0.226
0.203
0.185
0.166
0.149
0.132
0.128
0.121
0.117
0.114
0.112
0.11
0.109
0.107
0.106
0.105
0.103
0.102
0.102
0.1
0.099
0.098
0.097
0.096
0.095
0.094
0.093
0.091
0.09
0.088
0.088
0.086
0.086
0.085
0.083
0.082
0.081
0.082
0.083
0.084
0.086
0.091
0.095
0.106
0.117
0.125
0.131
0.135
0.133
0.119
0.105
0.091
0.079
0.066
0.063
0.061
0.06
0.058
0.057
0.057
0.056
0.056
0.055
0.052
0.046
0.045
0.054
0.118
0.195
0.285
0.381
0.464
0.476
0.416
0.331
0.223
0.113
0.019
-0.007
-0.015
-0.009
0.003
0.012
0.019
0.019
0.019
0.018
0.018
0.017
0.017
0.018
0.027
0.037
0.049
0.063
0.078
0.086
0.102
0.115
0.127
0.137
0.147
0.148
0.148
0.147
0.146
0.143
0.14
0.136
0.124
0.109
0.093
0.077
0.061
0.052
0.037
0.022
0.009
-0.002
-0.011
-0.01
-0.01
-0.009
-0.01
-0.01
-0.01
-0.01
-0.009
-0.01
-0.009
-0.01
-0.009
-0.008
-0.008
-0.008
-0.008
-0.008
-0.008
-0.007
-0.007
-0.007
-0.007
-0.008
-0.008
-0.007
-0.006
-0.006
0.003
0.01
0.017
0.027
0.039
0.043
0.05
0.053
0.053
0.051
0.047
0.041
0.029
0.018
0.007
-0.001
-0.008
-0.008
-0.007
-0.007
-0.009
-0.013
-0.015
-0.006
0.015
0.048
0.14
0.238
0.321
0.381
0.418
0.385
0.275
0.166
0.07
-0.008
-0.07
-0.059
-0.045
-0.034
-0.028
-0.024
-0.02
-0.016
-0.002
0.012
0.027
0.043
0.059
0.067
0.081
0.093
0.102
0.11
0.117
0.118
0.118
0.116
0.113
0.108
0.103
0.097
0.083
0.067
0.05
0.033
0.017
0.008
-0.003
-0.013
-0.021
-0.029
-0.034
-0.034
-0.033
-0.032
-0.032
-0.032
-0.031
-0.032
-0.03
-0.03
-0.03
-0.03
-0.029
-0.029
-0.028
-0.027
-0.027
-0.027
-0.027
-0.026
-0.026
-0.026
-0.026
-0.026
-0.025
-0.025
-0.024
-0.023
-0.014
-0.005
0.006
0.018
0.031
0.035
0.037
0.035
0.031
0.024
0.016
0.008
-0.001
-0.009
-0.016
-0.022
-0.026
-0.026
-0.025
-0.024
-0.024
-0.025
-0.025
-0.025
-0.027
-0.018
0.001
0.031
0.072
0.127
0.213
0.276
0.314
0.328
0.319
0.253
0.158
0.079
0.016
-0.033
-0.068
-0.057
-0.05
-0.046
-0.046
-0.046
-0.046
-0.045
-0.044
-0.043
-0.04
-0.037
-0.031
-0.024
-0.008
0.008
0.024
0.039
0.054
0.064
0.074
0.083
0.089
0.093
0.096
0.095
0.092
0.089
0.083
0.076
0.067
0.059
0.043
0.026
0.009
-0.008
-0.024
-0.033
-0.041
-0.048
-0.053
-0.057
-0.059
-0.059
-0.058
-0.057
-0.057
-0.057
-0.057
-0.057
-0.056
-0.055
-0.054
-0.054
-0.054
-0.054
-0.054
-0.053
-0.053
-0.053
-0.053
-0.052
-0.053
-0.052
-0.051
-0.051
-0.051
-0.05
-0.049
-0.048
-0.048
-0.048
-0.046
-0.042
-0.03
-0.016
-0.003
0.009
0.018
0.018
0.01
0.003
-0.005
-0.015
-0.025
-0.029
-0.037
-0.041
-0.045
-0.047
-0.047
-0.046
-0.046
-0.046
-0.045
-0.045
-0.045
-0.044
-0.003
0.027
0.068
0.119
0.181
0.213
0.228
0.245
0.238
0.207
0.152
0.114
0.053
0.005
-0.03
-0.053
-0.062
-0.061
-0.061
-0.06
-0.059
-0.059
-0.059
-0.058
-0.052
-0.047
-0.041
-0.034
-0.025
-0.019
0
0.02
0.04
0.058
0.076
0.08
0.083
0.085
0.086
0.086
0.086
0.084
0.076
0.066
0.054
0.041
0.016
-0.004
-0.023
-0.04
-0.055
-0.058
-0.059
-0.059
-0.059
-0.059
-0.057
-0.056
-0.055
-0.055
-0.055
-0.055
-0.053
-0.053
-0.052
-0.051
-0.051
-0.05
-0.049
-0.048
-0.047
-0.047
-0.047
-0.046
-0.045
-0.044
-0.044
-0.043
-0.043
-0.043
-0.042
-0.042
-0.039
-0.035
-0.029
-0.022
-0.014
-0.005
-0.006
-0.009
-0.015
-0.023
-0.031
-0.032
-0.033
-0.032
-0.033
-0.033
-0.032
-0.031
-0.031
-0.031
-0.032
-0.036
-0.039
-0.031
0.054
0.128
0.216
0.314
0.403
0.4
0.347
0.27
0.168
0.057
-0.04
-0.07
-0.084
-0.082
-0.07
-0.059
-0.052
-0.048
-0.047
-0.046
-0.045
-0.044
-0.044
-0.043
-0.042
-0.041
-0.041
-0.04
-0.039
-0.039
-0.039
-0.038
-0.035
-0.031
-0.025
-0.018
-0.009
-0.001
0.007
0.016
0.024
0.031
0.041
0.051
0.06
0.07
0.079
0.086
0.09
0.093
0.096
0.097
0.098
0.099
0.1
0.1
0.1
0.098
0.095
0.092
0.089
0.086
0.083
0.078
0.071
0.063
0.054
0.044
0.034
0.024
0.014
0.005
-0.003
-0.011
-0.02
-0.028
-0.036
-0.044
-0.05
-0.054
-0.055
-0.055
-0.054
-0.054
-0.053
-0.052
-0.052
-0.052
-0.051
-0.05
-0.05
-0.049
-0.048
-0.048
-0.048
-0.048
-0.047
-0.047
-0.046
-0.046
-0.045
-0.045
-0.045
-0.044
-0.044
-0.044
-0.044
-0.043
-0.043
-0.042
-0.041
-0.041
-0.041
-0.041
-0.04
-0.04
-0.04
-0.04
-0.039
-0.038
-0.038
-0.037
-0.037
-0.037
-0.037
-0.036
-0.036
-0.036
-0.035
-0.035
-0.035
-0.035
-0.035
-0.034
-0.032
-0.029
-0.024
-0.017
-0.01
-0.002
0.006
0.013
0.019
0.024
0.028
0.03
0.03
0.029
0.028
0.025
