0.052
0.05
0.044
0.037
0.026
0.013
-0.003
-0.019
-0.034
-0.048
-0.06
-0.069
-0.074
-0.076
-0.077
-0.077
-0.076
-0.076
-0.075
-0.075
-0.074
-0.074
-0.074
-0.074
-0.075
-0.074
-0.073
-0.073
-0.072
-0.072
-0.078
-0.088
-0.083
-0.056
-0.005
0.079
0.188
0.3
0.409
0.52
0.635
0.739
0.8
0.81
0.771
0.679
0.49
0.358
0.228
0.097
-0.039
-0.093
-0.167
-0.207
-0.214
-0.192
-0.164
-0.146
-0.135
-0.131
-0.13
-0.129
-0.128
-0.127
-0.125
-0.123
-0.121
-0.12
-0.118
-0.117
-0.116
-0.115
-0.116
-0.113
-0.106
-0.094
-0.08
-0.06
-0.043
-0.025
-0.007
0.011
0.028
0.045
0.063
0.083
0.104
0.123
0.139
0.151
0.161
0.166
0.17
0.172
0.175
0.178
0.178
0.178
0.175
0.172
0.167
0.162
0.157
0.15
0.14
0.125
0.109
0.091
0.072
0.051
0.031
0.01
-0.01
-0.026
-0.042
-0.06
-0.078
-0.095
-0.111
-0.123
-0.132
-0.137
-0.138
-0.137
-0.135
-0.134
-0.133
-0.132
-0.131
-0.13
-0.128
-0.127
-0.125
-0.125
-0.124
-0.123
-0.121
-0.12
-0.12
-0.118
-0.116
-0.115
-0.115
-0.114
-0.113
-0.112
-0.111
-0.109
-0.108
-0.106
-0.104
-0.104
-0.104
-0.103
-0.102
-0.101
-0.1
-0.099
-0.098
-0.096
-0.094
-0.092
-0.089
-0.088
-0.089
-0.089
-0.088
-0.088
-0.088
-0.087
-0.086
-0.087
-0.087
-0.087
-0.086
-0.082
-0.074
-0.063
-0.05
-0.035
-0.017
-0.001
0.014
0.027
0.038
0.047
0.053
0.055
0.056
0.053
0.046
0.036
0.025
0.012
-0.003
-0.02
-0.037
-0.051
-0.062
-0.07
-0.075
-0.077
-0.078
-0.079
-0.078
-0.076
-0.074
-0.072
-0.071
-0.072
-0.072
-0.072
-0.072
-0.071
-0.069
-0.068
-0.067
-0.068
-0.074
-0.082
-0.072
-0.038
0.019
0.102
0.209
0.326
0.445
0.557
0.663
0.756
0.807
0.809
0.762
0.67
0.543
0.405
0.265
0.132
0.006
-0.095
-0.166
-0.204
-0.207
-0.183
-0.157
-0.137
-0.125
-0.121
-0.119
-0.118
