-0.042
-0.135
-0.192
-0.216
-0.198
-0.169
-0.146
-0.13
-0.122
-0.129
-0.129
-0.127
-0.126
-0.124
-0.122
-0.119
-0.119
-0.118
-0.117
-0.116
-0.116
-0.115
-0.113
-0.108
-0.099
-0.087
-0.07
-0.052
-0.035
-0.016
0.002
0.019
0.036
0.055
0.075
0.096
0.116
0.133
0.146
0.157
0.164
0.17
0.173
0.175
0.178
0.179
0.178
0.176
0.172
0.168
0.161
0.155
0.149
0.141
0.13
0.115
0.099
0.081
0.061
0.041
0.021
0.001
-0.017
-0.033
-0.051
-0.069
-0.086
-0.102
-0.116
-0.127
-0.135
-0.137
-0.136
-0.135
-0.133
-0.131
-0.136
-0.136
-0.136
-0.134
-0.133
-0.125
-0.123
-0.121
-0.119
-0.119
-0.117
-0.116
-0.116
-0.115
-0.114
-0.114
-0.114
-0.113
-0.111
-0.11
-0.109
-0.107
-0.101
-0.101
-0.101
-0.099
-0.098
-0.1
-0.099
-0.097
-0.095
-0.095
-0.094
-0.093
-0.092
-0.091
-0.089
-0.088
-0.087
-0.086
-0.086
-0.085
-0.084
-0.082
-0.08
-0.079
-0.078
-0.078
-0.076
-0.071
-0.063
-0.052
-0.026
-0.007
0.01
0.026
0.04
0.039
0.047
0.054
0.057
0.058
0.057
0.053
0.045
0.034
0.023
0.01
-0.006
-0.023
-0.038
-0.051
-0.062
-0.069
-0.072
-0.073
-0.073
-0.073
-0.071
-0.07
-0.069
-0.068
-0.067
-0.066
-0.066
-0.065
-0.064
-0.063
-0.062
-0.062
-0.06
-0.063
-0.072
-0.076
-0.057
-0.016
0.048
0.141
0.256
0.377
0.491
0.599
0.703
0.784
0.818
0.801
0.738
0.63
0.494
0.352
0.217
0.088
-0.03
-0.122
-0.182
-0.205
-0.203
-0.176
-0.153
-0.137
-0.129
-0.118
-0.117
-0.115
-0.115
-0.114
-0.113
-0.112
-0.111
-0.109
-0.106
-0.105
-0.104
-0.104
-0.102
-0.096
-0.087
-0.075
-0.058
-0.039
-0.02
-0.003
0.014
0.031
0.051
0.071
0.09
0.109
0.128
0.146
0.16
0.17
0.177
0.182
0.184
0.187
0.189
0.19
0.19
0.188
0.184
0.179
0.174
0.169
0.162
0.153
0.142
0.128
0.112
0.091
0.07
0.05
0.031
0.011
