0.187
0.056
-0.066
-0.153
-0.202
-0.217
-0.201
-0.171
-0.148
-0.136
-0.131
-0.129
-0.128
-0.127
-0.125
-0.123
-0.121
-0.12
-0.119
-0.119
-0.118
-0.118
-0.117
-0.116
-0.114
-0.108
-0.098
-0.083
-0.065
-0.046
-0.028
-0.01
0.007
0.024
0.042
0.061
0.08
0.101
0.122
0.137
0.15
0.159
0.166
0.17
0.172
0.174
0.176
0.177
0.176
0.175
0.17
0.165
0.158
0.152
0.13
0.122
0.11
0.095
0.077
0.074
0.053
0.034
0.012
-0.008
-0.025
-0.042
-0.059
-0.077
-0.096
-0.113
-0.126
-0.135
-0.141
-0.143
-0.142
-0.141
-0.139
-0.137
-0.135
-0.133
-0.131
-0.13
-0.128
-0.127
-0.126
-0.125
-0.125
-0.123
-0.121
-0.12
-0.118
-0.116
-0.115
-0.115
-0.114
-0.114
-0.114
-0.114
-0.112
-0.111
-0.109
-0.108
-0.106
-0.105
-0.104
-0.104
-0.103
-0.101
-0.101
-0.101
-0.099
-0.098
-0.098
-0.096
-0.102
-0.101
-0.1
-0.098
-0.097
-0.09
-0.09
-0.089
-0.09
-0.089
-0.088
-0.086
-0.084
-0.077
-0.066
-0.053
-0.039
-0.022
-0.004
0.013
0.025
0.036
0.045
0.049
0.051
0.05
0.048
0.043
0.034
0.023
-0.003
-0.018
-0.034
-0.051
-0.065
-0.063
-0.072
-0.076
-0.078
-0.079
-0.079
-0.079
-0.079
-0.08
-0.08
-0.079
-0.079
-0.078
-0.077
-0.077
-0.077
-0.076
-0.074
-0.073
-0.072
-0.077
-0.086
-0.082
-0.054
-0.001
0.078
0.18
0.292
0.41
0.528
0.638
0.736
0.796
0.763
0.726
0.642
0.521
0.389
0.301
0.16
0.028
-0.081
-0.158
-0.202
-0.212
-0.191
-0.164
-0.143
-0.13
-0.125
-0.124
-0.123
-0.121
-0.12
-0.119
-0.118
-0.116
-0.115
-0.113
-0.111
-0.111
-0.11
-0.109
-0.106
-0.101
-0.09
-0.075
-0.058
-0.04
-0.02
-0.002
0.015
0.032
0.052
0.072
0.092
0.11
0.128
0.143
0.155
0.164
0.171
0.175
0.178
0.181
0.183
0.183
0.181
0.178
0.169
0.164
0.159
0.154
0.147
0.142
0.129
0.115
0.099
0.079
0.057
0.035
