0.086
0.086
0.087
0.083
0.074
0.062
0.05
0.037
0.025
0.015
-0.002
-0.02
-0.037
-0.052
-0.062
-0.066
-0.068
-0.069
-0.07
-0.069
-0.066
-0.065
-0.064
-0.064
-0.065
-0.065
-0.063
-0.062
-0.062
-0.062
-0.063
-0.062
-0.059
-0.059
-0.058
-0.058
-0.058
-0.058
-0.057
-0.057
-0.056
-0.057
-0.057
-0.056
-0.053
-0.053
-0.05
-0.047
-0.042
-0.034
-0.024
-0.016
-0.004
0.004
0.009
0.014
0.018
0.013
0.001
-0.012
-0.026
-0.038
-0.047
-0.048
-0.048
-0.049
-0.05
-0.049
-0.046
-0.046
-0.044
-0.044
-0.046
-0.051
-0.052
-0.043
0.023
0.102
0.196
0.299
0.39
0.408
0.35
0.264
0.153
0.037
-0.061
-0.09
-0.096
-0.091
-0.078
-0.066
-0.057
-0.057
-0.055
-0.054
-0.053
-0.054
-0.052
-0.046
-0.036
-0.026
-0.013
0.002
0.015
0.024
0.041
0.054
0.066
0.078
0.089
0.091
0.094
0.094
0.092
0.089
0.088
0.084
0.074
0.06
0.045
0.029
0.014
0.004
-0.012
-0.024
-0.036
-0.048
-0.057
-0.056
-0.056
-0.057
-0.057
-0.055
-0.053
-0.051
-0.048
-0.047
-0.048
-0.047
-0.046
-0.045
-0.044
-0.042
-0.043
-0.044
-0.043
-0.043
-0.043
-0.042
-0.043
-0.044
-0.044
-0.043
-0.04
-0.039
-0.031
-0.025
-0.012
-0.003
0.01
0.017
0.022
0.022
0.023
0.021
0.018
0.014
0.001
-0.01
-0.022
-0.032
-0.038
-0.037
-0.037
-0.037
-0.037
-0.039
-0.038
-0.036
-0.039
-0.042
-0.045
-0.038
-0.019
0.017
0.119
0.221
0.31
0.376
0.419
0.379
0.268
0.156
0.055
-0.029
-0.094
-0.08
-0.068
-0.057
-0.05
-0.048
-0.047
-0.045
-0.045
-0.043
-0.043
-0.043
-0.04
-0.035
-0.02
-0.006
0.009
0.023
0.041
0.049
0.063
0.077
0.089
0.098
0.104
0.105
0.102
0.098
0.093
0.087
0.08
0.073
0.055
0.038
0.021
0.004
-0.011
-0.018
-0.027
-0.036
-0.042
-0.046
-0.047
-0.047
-0.046
-0.046
-0.045
-0.044
-0.042
-0.042
-0.042
-0.044
-0.045
-0.044
-0.043
-0.042
-0.041
-0.042
-0.042
-0.041
-0.039
-0.039
-0.039
-0.04
-0.041
-0.041
-0.039
-0.039
-0.038
-0.037
-0.037
-0.036
-0.033
-0.029
-0.019
-0.009
0.002
0.014
0.024
0.026
0.023
0.016
0.008
-0.002
-0.013
-0.02
-0.028
-0.034
-0.038
-0.039
-0.039
-0.038
-0.039
-0.041
-0.042
-0.041
-0.039
-0.039
-0.021
0.006
0.045
0.096
0.158
0.213
0.234
0.252
0.246
0.219
0.168
0.129
0.067
0.015
-0.023
-0.047
-0.057
-0.057
-0.055
-0.056
-0.057
-0.056
-0.055
-0.055
-0.053
-0.05
-0.046
-0.039
-0.029
-0.019
0.002
0.017
0.033
0.049
0.067
0.069
0.076
0.08
0.082
0.084
0.086
0.085
0.077
0.07
0.061
0.052
0.041
0.034
0.018
0.001
-0.017
-0.033
-0.046
-0.054
-0.059
-0.063
-0.066
-0.067
-0.066
-0.065
-0.064
-0.065
-0.065
-0.064
-0.062
-0.061
-0.059
-0.059
-0.06
-0.061
-0.06
-0.06
-0.059
-0.059
-0.06
-0.06
-0.058
-0.059
-0.058
-0.058
-0.058
-0.057
-0.056
-0.056
-0.053
-0.049
-0.044
-0.038
-0.024
-0.012
-0.003
0.005
0.014
0.014
0.007
-0.002
-0.014
-0.026
-0.037
-0.043
-0.045
-0.047
-0.049
-0.049
-0.047
-0.047
-0.046
-0.046
-0.047
-0.047
-0.046
-0.049
-0.009
0.042
0.104
0.178
0.268
0.322
0.321
0.293
0.24
0.165
0.067
0.003
-0.035
-0.062
-0.075
-0.075
-0.062
-0.061
-0.059
-0.059
-0.06
-0.059
-0.058
-0.057
-0.049
-0.042
-0.033
-0.022
-0.008
0
0.018
0.034
0.05
0.065
0.082
0.087
0.092
0.095
0.095
0.092
0.085
0.073
0.061
0.047
0.034
0.025
0.01
-0.007
-0.023
-0.038
-0.05
-0.053
-0.055
-0.054
-0.053
-0.054
-0.054
-0.053
-0.054
-0.055
-0.055
-0.054
-0.053
-0.052
-0.05
-0.05
-0.05
-0.049
-0.048
-0.048
-0.047
-0.047
-0.048
-0.048
-0.046
-0.046
-0.044
-0.044
-0.045
-0.045
-0.043
-0.043
-0.04
-0.036
-0.032
-0.026
-0.017
-0.008
0.003
0.011
0.017
0.022
0.025
0.021
