-0.128
-0.125
-0.124
-0.123
-0.122
-0.12
-0.12
-0.119
-0.118
-0.117
-0.115
-0.111
-0.105
-0.095
-0.082
-0.065
-0.046
-0.028
-0.01
0.007
0.025
0.044
0.063
0.081
0.1
0.119
0.136
0.15
0.16
0.168
0.173
0.177
0.179
0.181
0.189
0.187
0.184
0.181
0.176
0.163
0.158
0.151
0.142
0.13
0.116
0.097
0.076
0.054
0.033
0.013
-0.007
-0.025
-0.041
-0.057
-0.074
-0.09
-0.106
-0.119
-0.128
-0.134
-0.13
-0.13
-0.129
-0.127
-0.126
-0.13
-0.128
-0.127
-0.13
-0.129
-0.128
-0.125
-0.124
-0.118
-0.117
-0.116
-0.116
-0.116
-0.114
-0.113
-0.111
-0.11
-0.108
-0.107
-0.107
-0.106
-0.105
-0.105
-0.105
-0.104
-0.098
-0.097
-0.096
-0.094
-0.092
-0.096
-0.095
-0.093
-0.093
-0.092
-0.092
-0.09
-0.089
-0.089
-0.087
-0.086
-0.086
-0.085
-0.084
-0.083
-0.082
-0.08
-0.078
-0.075
-0.069
-0.06
-0.048
-0.033
-0.016
0
0.017
0.032
0.043
0.052
0.058
0.06
0.06
0.058
0.055
0.047
0.036
0.023
0.008
-0.008
-0.025
-0.04
-0.053
-0.063
-0.069
-0.071
-0.071
-0.071
-0.071
-0.071
-0.07
-0.07
-0.069
-0.068
-0.067
-0.066
-0.065
-0.065
-0.065
-0.064
-0.065
-0.064
-0.067
-0.076
-0.075
-0.051
-0.003
0.075
0.177
0.288
0.399
0.514
0.631
0.738
0.807
0.827
0.798
0.716
0.594
0.463
0.332
0.196
0.059
-0.058
-0.139
-0.186
-0.201
-0.185
-0.159
-0.139
-0.126
-0.12
-0.119
-0.117
-0.116
-0.115
-0.114
-0.113
-0.111
-0.109
-0.106
-0.104
-0.102
-0.102
-0.101
-0.1
-0.093
-0.082
-0.067
-0.05
-0.031
-0.012
0.006
0.023
0.039
0.056
0.076
0.096
0.116
0.135
0.152
0.164
0.174
0.181
0.185
0.186
0.188
0.19
0.191
0.19
0.187
0.182
0.177
0.17
0.163
0.156
0.148
0.136
0.123
0.107
0.088
0.066
0.044
0.023
0.004
-0.013
-0.028
-0.045
-0.063
-0.079
-0.094
-0.108
-0.119
-0.126
-0.134
-0.133
