-0.046
-0.038
-0.021
-0.004
0.025
0.051
0.073
0.085
0.098
0.098
0.097
0.095
0.091
0.083
0.074
0.065
0.048
0.033
0.017
-0.002
-0.02
-0.029
-0.038
-0.044
-0.048
-0.052
-0.055
-0.054
-0.053
-0.051
-0.049
-0.049
-0.05
-0.049
-0.05
-0.048
-0.047
-0.047
-0.048
-0.047
-0.047
-0.045
-0.043
-0.043
-0.043
-0.043
-0.043
-0.042
-0.04
-0.039
-0.039
-0.039
-0.038
-0.037
-0.036
-0.037
-0.036
-0.033
-0.022
-0.008
0.007
0.018
0.028
0.031
0.029
0.026
0.021
0.011
-0.003
-0.013
-0.022
-0.029
-0.034
-0.033
-0.033
-0.032
-0.03
-0.029
-0.03
-0.029
-0.013
0.015
0.055
0.104
0.164
0.221
0.273
0.3
0.302
0.277
0.226
0.156
0.081
0.025
-0.015
-0.043
-0.059
-0.053
-0.051
-0.049
-0.047
-0.045
-0.043
-0.039
-0.035
-0.029
-0.021
-0.012
0.007
0.027
0.047
0.067
0.085
0.089
0.094
0.099
0.1
0.099
0.097
0.096
0.09
0.086
0.08
0.07
0.058
0.047
0.029
0.013
-0.002
-0.019
-0.036
-0.045
-0.053
-0.057
-0.058
-0.058
-0.059
-0.059
-0.06
-0.06
-0.058
-0.057
-0.058
-0.057
-0.057
-0.056
-0.055
-0.054
-0.054
-0.054
-0.054
-0.054
-0.052
-0.052
-0.053
-0.053
-0.054
-0.053
-0.052
-0.051
-0.051
-0.051
-0.05
-0.049
-0.046
-0.043
-0.04
-0.035
-0.022
-0.009
0.003
0.014
0.02
0.017
0.007
-0.002
-0.012
-0.023
-0.036
-0.039
-0.044
-0.047
-0.049
-0.049
-0.047
-0.047
-0.046
-0.043
-0.044
-0.045
-0.048
-0.051
0.009
0.06
0.121
0.194
0.28
0.311
0.288
0.267
0.221
0.15
0.051
0.011
-0.033
-0.062
-0.077
-0.078
-0.068
-0.068
-0.067
-0.067
-0.065
-0.064
-0.063
-0.064
-0.055
-0.045
-0.034
-0.019
-0.002
0.008
0.025
0.042
0.056
0.069
0.081
0.083
0.086
0.087
0.085
0.081
0.079
0.076
0.067
0.055
0.04
0.023
0.004
-0.006
-0.021
-0.036
-0.05
-0.063
-0.072
-0.072
-0.069
-0.067
-0.065
-0.066
