-0.06
-0.058
-0.057
-0.058
-0.056
-0.057
-0.056
-0.055
-0.054
-0.054
-0.052
-0.052
-0.051
-0.049
-0.047
-0.047
-0.046
-0.047
-0.047
-0.046
-0.045
-0.045
-0.043
-0.042
-0.042
-0.041
-0.04
-0.04
-0.031
-0.02
-0.007
0.005
0.017
0.023
0.023
0.022
0.021
0.021
0.017
0.012
0.002
-0.009
-0.019
-0.027
-0.033
-0.035
-0.034
-0.035
-0.035
-0.034
-0.033
-0.033
-0.036
-0.027
-0.009
0.021
0.063
0.121
0.212
0.29
0.359
0.405
0.423
0.379
0.265
0.154
0.058
-0.021
-0.084
-0.071
-0.063
-0.058
-0.056
-0.054
-0.054
-0.053
-0.051
-0.05
-0.048
-0.043
-0.037
-0.032
-0.017
0
0.018
0.036
0.053
0.063
0.074
0.084
0.092
0.097
0.1
0.099
0.095
0.091
0.087
0.08
0.071
0.063
0.045
0.028
0.012
-0.005
-0.023
-0.032
-0.042
-0.05
-0.055
-0.059
-0.061
-0.061
-0.062
-0.062
-0.06
-0.059
-0.058
-0.057
-0.057
-0.056
-0.055
-0.054
-0.055
-0.054
-0.054
-0.053
-0.051
-0.05
-0.049
-0.048
-0.049
-0.049
-0.048
-0.047
-0.047
-0.046
-0.047
-0.047
-0.036
-0.024
-0.01
0.004
0.016
0.018
0.013
0.008
0
-0.009
-0.021
-0.029
-0.038
-0.045
-0.048
-0.051
-0.051
-0.05
-0.049
-0.048
-0.047
-0.045
-0.045
-0.046
-0.004
0.025
0.067
0.121
0.185
0.216
0.236
0.255
0.25
0.222
0.167
0.125
0.059
0.005
-0.033
-0.057
-0.068
-0.068
-0.068
-0.068
-0.069
-0.069
-0.069
-0.069
-0.066
-0.061
-0.054
-0.044
-0.033
-0.024
-0.008
0.009
0.026
0.043
0.06
0.066
0.072
0.076
0.075
0.071
0.067
0.058
0.045
0.034
0.017
-0.001
-0.018
-0.034
-0.05
-0.058
-0.064
-0.069
-0.07
-0.069
-0.067
-0.066
-0.066
-0.066
-0.066
-0.065
-0.064
-0.065
-0.064
-0.064
-0.063
-0.061
-0.059
-0.059
-0.059
-0.059
-0.058
-0.057
-0.056
-0.056
-0.056
-0.057
-0.056
-0.055
-0.053
-0.053
-0.052
-0.051
-0.049
-0.045
-0.039
-0.034
-0.022
-0.012
