0.1
0.2
0.3
0.401
0.502
0.497
0.493
0.488
0.483
0.477
0.473
0.467
0.462
0.457
0.453
0.448
0.444
0.44
0.435
0.43
0.425
0.42
0.416
0.411
0.407
0.404
0.4
0.396
0.392
0.388
0.383
0.379
0.375
0.371
0.368
0.364
0.361
0.358
0.354
0.351
0.347
0.344
0.341
0.341
0.342
0.345
0.349
0.354
0.359
0.362
0.365
0.366
0.366
0.364
0.361
0.358
0.353
0.347
0.34
0.331
0.321
0.309
0.298
0.287
0.278
0.27
0.264
0.259
0.255
0.251
0.248
0.245
0.242
0.239
0.237
0.235
0.233
0.231
0.229
0.226
0.224
0.222
0.219
0.216
0.214
0.207
0.202
0.205
0.22
0.245
0.308
0.359
0.411
0.464
0.515
0.543
0.586
0.608
0.605
0.578
0.503
0.437
0.37
0.303
0.237
0.199
0.148
0.114
0.096
0.095
0.105
0.115
0.122
0.124
0.124
0.123
0.122
0.121
0.12
0.118
0.117
0.116
0.114
0.113
0.112
0.111
0.11
0.11
0.11
0.112
0.121
0.126
0.134
0.141
0.148
0.151
0.158
0.164
0.172
0.18
0.189
0.197
0.205
0.21
0.214
0.216
0.217
0.217
0.218
0.217
0.217
0.217
0.215
0.212
0.209
0.205
0.201
0.197
0.193
0.187
0.18
0.171
0.16
0.148
0.137
0.126
0.116
0.107
0.098
0.089
0.08
0.07
0.06
0.051
0.045
0.039
0.037
0.036
0.037
0.037
0.037
0.037
0.036
0.036
0.035
0.034
0.034
0.035
0.036
0.037
0.038
0.035
0.033
0.032
0.031
0.031
0.032
0.032
0.032
0.031
0.03
0.031
0.032
0.032
0.031
0.031
0.03
0.03
0.031
0.031
0.03
0.03
0.03
0.033
0.039
0.046
0.053
0.061
0.07
0.078
0.085
0.09
0.091
0.087
0.075
0.062
0.051
0.04
0.029
0.026
0.023
0.022
0.023
0.023
0.022
0.022
0.021
0.02
0.021
0.018
0.013
0.017
0.075
0.145
0.231
0.328
0.42
0.445
0.395
0.323
0.228
0.117
0.014
-0.021
-0.036
-0.037
-0.025
-0.011
-0.004
-0.004
-0.005
-0.005
-0.004
-0.003
-0.003
-0.003
0.004
0.014
0.027
0.041
0.055
0.062
0.076
0.09
0.104
0.118
0.128
0.13
0.13
0.129
0.129
0.128
0.124
0.12
0.108
0.095
0.081
0.067
0.05
0.04
0.024
0.008
-0.004
-0.014
-0.024
-0.025
-0.026
-0.026
-0.025
-0.024
-0.024
-0.024
-0.024
-0.024
-0.024
-0.023
-0.023
-0.024
-0.024
-0.025
-0.024
-0.023
-0.022
-0.024
-0.025
-0.025
-0.025
-0.023
-0.023
-0.024
-0.023
-0.024
-0.023
-0.022
-0.022
-0.023
-0.015
-0.009
-0.001
0.009
0.02
0.022
0.027
0.03
0.028
0.029
0.026
0.02
0.008
0
-0.01
-0.018
-0.026
-0.028
-0.027
-0.028
-0.027
-0.026
-0.026
-0.028
-0.032
-0.036
-0.039
-0.035
-0.021
0.007
0.108
0.202
0.297
0.372
0.422
0.383
0.276
0.164
0.06
-0.026
-0.096
-0.087
-0.075
-0.064
-0.055
-0.049
-0.046
-0.048
-0.046
-0.046
-0.045
-0.042
-0.035
-0.028
-0.014
0.003
0.02
0.034
0.049
0.059
0.07
0.08
0.088
0.092
0.095
0.096
0.093
0.091
0.088
0.08
0.071
0.064
0.047
0.032
0.016
-0.001
-0.018
-0.027
-0.037
-0.043
-0.048
-0.053
-0.057
-0.057
-0.058
-0.056
-0.054
-0.054
-0.055
-0.053
-0.053
-0.051
-0.05
-0.051
-0.051
-0.051
-0.051
-0.049
-0.047
-0.047
-0.048
-0.047
-0.048
-0.046
-0.044
-0.044
-0.045
-0.044
-0.044
-0.042
-0.04
-0.04
-0.04
-0.037
-0.027
-0.013
0.001
0.012
0.022
0.024
0.021
0.017
0.011
0.002
-0.009
-0.017
-0.025
-0.029
-0.032
-0.036
-0.038
-0.037
-0.038
-0.037
-0.035
-0.035
0
0.025
0.06
0.106
0.164
0.196
0.247
0.276
0.281
0.262
0.219
0.155
0.087
0.032
-0.009
-0.037
-0.054
-0.054
-0.052
-0.051
-0.05
-0.049
-0.049
-0.049
-0.043
-0.039
-0.033
-0.026
-0.018
-0.014
0.002
0.019
0.042
0.066
0.086
0.095
0.101
0.1
0.092
0.087
0.081
0.073
0.061
0.054
0.037
0.022
0.006
-0.01
-0.026
-0.034
-0.041
-0.045
-0.046
-0.047
-0.047
-0.046
-0.046
-0.046
-0.044
-0.044
-0.044
-0.043
-0.043
-0.042
-0.04
-0.04
-0.04
-0.04
-0.04
-0.039
-0.038
-0.037
-0.037
-0.036
-0.037
-0.036
-0.035
-0.034
-0.034
-0.034
-0.034
-0.033
-0.031
-0.028
-0.024
-0.019
-0.007
0.006
0.017
0.027
0.034
0.033
0.025
0.017
0.007
-0.004
-0.016
-0.022
-0.028
-0.03
-0.03
-0.031
-0.032
-0.031
-0.032
-0.032
-0.031
-0.03
-0.031
-0.033
0.001
0.047
0.104
0.171
0.251
0.305
0.311
0.294
0.254
0.19
0.101
0.037
-0.008
-0.038
-0.055
-0.058
-0.05
-0.05
-0.05
-0.05
-0.048
-0.048
-0.048
-0.048
-0.044
-0.037
-0.028
-0.018
-0.007
0.001
0.016
0.032
0.049
0.065
0.079
0.083
0.087
0.089
0.091
0.092
0.091
0.088
0.079
0.07
0.061
0.049
0.035
0.025
0.007
-0.009
-0.024
-0.038
-0.052
-0.056
-0.059
-0.06
-0.061
-0.061
-0.059
-0.059
-0.059
-0.057
-0.055
-0.055
-0.057
-0.056
-0.057
-0.057
-0.056
-0.055
-0.054
-0.055
-0.055
-0.055
-0.054
-0.053
-0.053
-0.053
-0.053
-0.053
-0.052
-0.051
-0.051
-0.051
-0.046
-0.04
-0.033
-0.024
-0.012
-0.004
0.003
0.01
0.015
0.017
0.015
0.012
0.001
-0.011
-0.022
-0.033
-0.043
-0.046
-0.048
-0.05
-0.05
-0.051
-0.055
-0.056
-0.045
-0.022
0.058
0.13
0.209
0.286
0.358
0.368
0.305
0.243
0.157
0.05
-0.057
-0.073
-0.091
-0.097
-0.089
-0.075
-0.064
-0.065
-0.064
-0.064
-0.064
-0.062
-0.061
-0.061
-0.049
-0.04
-0.029
-0.015
0
0.004
0.022
0.037
0.051
0.065
0.077
0.077
0.079
0.079
0.077
0.078
0.076
0.073
0.059
0.048
0.035
0.022
0.006
0
-0.016
-0.031
-0.045
-0.057
-0.066
-0.064
-0.064
-0.062
-0.06
-0.061
-0.062
-0.061
-0.061
-0.059
-0.058
-0.058
-0.058
-0.057
-0.056
-0.054
