0.256
0.243
0.228
0.214
0.199
0.186
0.183
0.18
0.179
0.175
0.17
0.172
0.174
0.175
0.173
0.17
0.173
0.176
0.177
0.182
0.18
0.183
0.185
0.185
0.18
0.167
0.173
0.196
0.239
0.306
0.398
0.497
0.605
0.712
0.81
0.908
0.767
0.793
0.771
0.706
0.59
0.693
0.567
0.44
0.316
0.199
0.122
0.077
0.059
0.071
0.095
0.116
0.131
0.137
0.137
0.135
0.136
0.139
0.141
0.14
0.139
0.139
0.142
0.144
0.148
0.146
0.147
0.152
0.158
0.165
0.175
0.19
0.21
0.228
0.244
0.258
0.269
0.285
0.304
0.32
0.336
0.354
0.372
0.384
0.392
0.397
0.399
0.405
0.407
0.407
0.404
0.402
0.404
0.4
0.393
0.386
0.38
0.376
0.367
0.355
0.34
0.322
0.305
0.286
0.271
0.25
0.228
0.214
0.198
0.179
0.16
0.143
0.13
0.117
0.106
0.098
0.094
0.097
0.099
0.098
0.098
0.098
0.103
0.105
0.111
0.112
0.111
0.116
0.117
0.116
-0.053
-0.055
-0.051
-0.049
-0.05
0.126
0.123
0.121
0.121
0.12
0.119
0.117
0.121
0.121
0.121
0.12
0.119
0.123
0.124
0.124
0.122
0.122
0.127
0.129
0.135
0.134
0.133
0.136
0.137
0.136
0.136
0.134
0.138
0.139
0.138
0.136
0.133
0.13
0.131
0.131
0.135
0.142
0.158
0.171
0.18
0.195
0.208
0.224
0.236
0.244
0.247
0.246
0.249
0.249
0.25
0.242
0.23
0.22
0.206
0.189
0.172
0.154
0.138
0.128
0.121
0.117
0.115
0.124
0.127
0.125
0.125
0.122
0.124
0.126
0.126
0.126
0.124
0.121
0.121
0.121
0.12
0.118
0.116
0.108
0.106
0.127
0.169
0.241
0.337
0.44
0.549
0.657
0.759
0.86
0.931
0.953
0.925
0.854
0.742
0.617
0.486
0.354
0.234
0.127
0.05
0.001
-0.018
-0.003
0.027
0.047
0.059
0.062
0.06
0.058
0.058
0.058
0.058
0.065
0.073
0.073
