-0.066
-0.063
-0.061
-0.061
-0.062
-0.062
-0.064
-0.063
-0.062
-0.062
-0.064
-0.064
-0.065
-0.064
-0.062
-0.061
-0.061
-0.06
-0.054
-0.048
-0.041
-0.03
-0.018
-0.012
-0.003
0.003
0.005
0.005
0.004
-0
-0.011
-0.022
-0.034
-0.045
-0.052
-0.052
-0.051
-0.051
-0.052
-0.053
-0.053
-0.053
-0.051
-0.053
-0.059
-0.061
-0.05
-0.027
0.058
0.156
0.257
0.341
0.403
0.39
0.302
0.191
0.075
-0.024
-0.103
-0.11
-0.101
-0.086
-0.076
-0.071
-0.069
-0.069
-0.068
-0.067
-0.067
-0.067
-0.065
-0.061
-0.048
-0.032
-0.017
-0.002
0.023
0.04
0.055
0.071
0.087
0.09
0.091
0.091
0.087
0.082
0.078
0.075
0.062
0.047
0.03
0.011
-0.007
-0.014
-0.027
-0.039
-0.051
-0.062
-0.07
-0.068
-0.067
-0.064
-0.062
-0.062
-0.061
-0.058
-0.057
-0.056
-0.056
-0.057
-0.057
-0.056
-0.054
-0.051
-0.051
-0.052
-0.052
-0.052
-0.053
-0.052
-0.052
-0.052
-0.052
-0.049
-0.049
-0.047
-0.047
-0.048
-0.047
-0.045
-0.035
-0.023
-0.012
-0.001
0.012
0.016
0.021
0.023
0.02
0.014
0.008
-0.001
-0.011
-0.019
-0.027
-0.036
-0.042
-0.042
-0.041
-0.038
-0.038
-0.038
-0.038
-0.038
-0.041
-0.04
-0.028
-0.008
0.026
0.077
0.181
0.269
0.331
0.365
0.377
0.317
0.204
0.109
0.029
-0.037
-0.086
-0.073
-0.062
-0.052
-0.048
-0.048
-0.048
-0.047
-0.046
-0.045
-0.042
-0.041
-0.038
-0.031
-0.016
0
0.017
0.033
0.049
0.059
0.073
0.086
0.095
0.1
0.105
0.104
0.103
0.101
0.098
0.09
0.083
0.076
0.061
0.046
0.03
0.011
-0.008
-0.019
-0.029
-0.036
-0.042
-0.048
-0.051
-0.051
-0.05
-0.048
-0.046
-0.046
-0.047
-0.048
-0.047
-0.046
-0.045
-0.047
-0.048
-0.048
-0.047
-0.044
-0.042
-0.043
-0.044
-0.045
-0.044
-0.043
-0.042
-0.042
-0.042
-0.043
-0.043
-0.041
-0.04
-0.042
-0.042
-0.04
-0.03
-0.016
-0.002
0.01
0.02
0.024
