0.217
0.078
-0.044
-0.13
-0.182
-0.203
-0.191
-0.164
-0.144
-0.131
-0.124
-0.122
-0.121
-0.119
-0.118
-0.117
-0.115
-0.113
-0.112
-0.11
-0.108
-0.107
-0.106
-0.104
-0.101
-0.095
-0.086
-0.073
-0.057
-0.039
-0.021
-0.002
0.017
0.033
0.05
0.068
0.088
0.108
0.126
0.142
0.156
0.166
0.174
0.179
0.186
0.188
0.189
0.191
0.19
0.183
0.18
0.174
0.166
0.16
0.154
0.146
0.134
0.12
0.104
0.084
0.063
0.042
0.022
0.003
-0.015
-0.031
-0.05
-0.069
-0.085
-0.101
-0.115
-0.125
-0.133
-0.136
-0.136
-0.135
-0.134
-0.132
-0.131
-0.13
-0.128
-0.126
-0.125
-0.123
-0.121
-0.12
-0.12
-0.119
-0.118
-0.117
-0.116
-0.115
-0.113
-0.112
-0.111
-0.111
-0.109
-0.109
-0.108
-0.107
-0.097
-0.097
-0.096
-0.094
-0.093
-0.1
-0.099
-0.098
-0.097
-0.096
-0.095
-0.095
-0.095
-0.095
-0.094
-0.093
-0.093
-0.092
-0.091
-0.091
-0.09
-0.088
-0.086
-0.084
-0.083
-0.083
-0.082
-0.076
-0.068
-0.056
-0.026
-0.008
0.009
0.024
0.037
0.033
0.042
0.048
0.051
0.051
0.05
0.045
0.037
0.027
0.014
-0
-0.017
-0.033
-0.048
-0.06
-0.07
-0.076
-0.08
-0.081
-0.081
-0.081
-0.08
-0.079
-0.079
-0.078
-0.07
-0.07
-0.069
-0.068
-0.068
-0.075
-0.075
-0.074
-0.073
-0.076
-0.084
-0.086
-0.066
-0.023
0.045
0.142
0.261
0.379
0.489
0.596
0.699
0.777
0.806
0.785
0.717
0.604
0.465
0.325
0.193
0.065
-0.052
-0.142
-0.198
-0.216
-0.209
-0.182
-0.16
-0.146
-0.139
-0.132
-0.131
-0.129
-0.128
-0.126
-0.125
-0.124
-0.123
-0.122
-0.12
-0.119
-0.118
-0.117
-0.115
-0.11
-0.101
-0.089
-0.071
-0.052
-0.034
-0.017
0
0.018
0.037
0.057
0.08
0.099
0.119
0.137
0.151
0.156
0.163
0.167
0.169
0.171
0.173
0.174
0.174
0.172
0.17
0.166
0.161
0.156
0.149
0.141
0.13
0.115
0.097
0.076
0.054
0.034
