-0.081
-0.08
-0.079
-0.079
-0.079
-0.079
-0.078
-0.077
-0.076
-0.075
-0.073
-0.072
-0.072
-0.074
-0.082
-0.085
-0.066
-0.025
0.096
0.195
0.314
0.43
0.54
0.591
0.699
0.782
0.812
0.793
0.726
0.611
0.469
0.332
0.203
0.075
-0.047
-0.141
-0.197
-0.217
-0.205
-0.177
-0.153
-0.138
-0.132
-0.13
-0.129
-0.128
-0.127
-0.125
-0.123
-0.122
-0.121
-0.119
-0.119
-0.118
-0.117
-0.116
-0.113
-0.107
-0.097
-0.083
-0.064
-0.045
-0.028
-0.01
0.008
0.025
0.045
0.063
0.081
0.1
0.12
0.136
0.148
0.159
0.166
0.171
0.175
0.178
0.18
0.181
0.181
0.179
0.176
0.171
0.166
0.16
0.154
0.146
0.135
0.123
0.106
0.086
0.066
0.046
0.025
0.004
-0.015
-0.031
-0.047
-0.064
-0.082
-0.1
-0.114
-0.124
-0.13
-0.132
-0.132
-0.131
-0.129
-0.128
-0.127
-0.125
-0.131
-0.129
-0.128
-0.126
-0.124
-0.114
-0.113
-0.112
-0.111
-0.11
-0.109
-0.107
-0.106
-0.105
-0.103
-0.102
-0.102
-0.102
-0.097
-0.096
-0.096
-0.095
-0.094
-0.097
-0.096
-0.094
-0.092
-0.091
-0.09
-0.089
-0.096
-0.095
-0.094
-0.092
-0.091
-0.081
-0.081
-0.08
-0.079
-0.078
-0.076
-0.075
-0.074
-0.074
-0.074
-0.074
-0.073
-0.068
-0.06
-0.048
-0.034
-0.018
0
0.018
0.033
0.046
0.056
0.063
0.065
0.065
0.063
0.058
0.049
0.038
0.026
0.012
-0.004
-0.02
-0.035
-0.048
-0.057
-0.062
-0.066
-0.067
-0.068
-0.068
-0.069
-0.068
-0.067
-0.067
-0.067
-0.066
-0.058
-0.058
-0.057
-0.056
-0.055
-0.062
-0.061
-0.064
-0.072
-0.074
-0.053
-0.007
0.103
0.199
0.309
0.421
0.538
0.614
0.719
0.792
0.818
0.795
0.722
0.608
0.478
0.345
0.206
0.068
-0.051
-0.135
-0.169
-0.189
-0.175
-0.148
-0.126
-0.131
-0.123
-0.121
-0.119
-0.118
-0.117
-0.115
-0.115
-0.114
-0.113
-0.112
-0.111
-0.109
-0.108
-0.107
-0.104
-0.098
-0.089
-0.076
-0.06
-0.041
