-0.066
-0.064
-0.06
-0.059
-0.058
-0.059
-0.06
-0.06
-0.058
-0.056
-0.055
-0.056
-0.057
-0.056
-0.055
-0.055
-0.055
-0.056
-0.057
-0.057
-0.055
-0.054
-0.052
-0.052
-0.051
-0.05
-0.048
-0.046
-0.035
-0.024
-0.012
0.002
0.017
0.021
0.02
0.015
0.007
-0.001
-0.01
-0.019
-0.027
-0.034
-0.041
-0.044
-0.044
-0.043
-0.042
-0.042
-0.042
-0.042
-0.039
-0.039
-0.032
-0.015
0.014
0.056
0.111
0.168
0.24
0.285
0.306
0.302
0.276
0.208
0.122
0.05
-0.005
-0.044
-0.067
-0.058
-0.052
-0.051
-0.052
-0.052
-0.05
-0.049
-0.048
-0.047
-0.045
-0.039
-0.029
-0.019
0.004
0.021
0.037
0.054
0.073
0.076
0.086
0.092
0.095
0.1
0.104
0.104
0.102
0.095
0.086
0.077
0.069
0.06
0.04
0.022
0.002
-0.015
-0.03
-0.034
-0.04
-0.046
-0.051
-0.053
-0.051
-0.051
-0.049
-0.05
-0.051
-0.051
-0.049
-0.047
-0.045
-0.044
-0.045
-0.046
-0.044
-0.044
-0.043
-0.042
-0.042
-0.042
-0.039
-0.039
-0.038
-0.038
-0.04
-0.041
-0.039
-0.039
-0.037
-0.037
-0.038
-0.037
-0.032
-0.027
-0.012
0.001
0.012
0.022
0.033
0.033
0.03
0.023
0.007
-0.01
-0.025
-0.033
-0.037
-0.037
-0.035
-0.034
-0.035
-0.036
-0.035
-0.036
-0.009
0.029
0.076
0.136
0.21
0.266
0.294
0.297
0.272
0.223
0.152
0.085
0.031
-0.012
-0.043
-0.061
-0.062
-0.06
-0.058
-0.058
-0.06
-0.061
-0.06
-0.06
-0.055
-0.048
-0.042
-0.034
-0.022
-0.012
0.006
0.023
0.038
0.053
0.069
0.076
0.084
0.09
0.09
0.09
0.092
0.09
0.085
0.078
0.066
0.053
0.041
0.03
0.013
-0.004
-0.024
-0.045
-0.063
-0.07
-0.072
-0.072
-0.069
-0.069
-0.07
-0.071
-0.07
-0.07
-0.067
-0.065
-0.066
-0.067
-0.066
-0.065
-0.062
-0.06
-0.059
-0.06
-0.058
-0.058
-0.056
-0.055
-0.053
-0.055
-0.055
-0.055
-0.053
-0.053
-0.052
-0.048
-0.042
-0.034
-0.02
-0.008
