-0.124
-0.129
-0.13
-0.129
-0.128
-0.128
-0.126
-0.125
-0.124
-0.122
-0.121
-0.12
-0.119
-0.118
-0.116
-0.115
-0.114
-0.113
-0.112
-0.111
-0.11
-0.109
-0.104
-0.104
-0.103
-0.102
-0.101
-0.105
-0.103
-0.102
-0.1
-0.099
-0.098
-0.097
-0.096
-0.096
-0.096
-0.094
-0.093
-0.093
-0.091
-0.09
-0.09
-0.09
-0.089
-0.088
-0.087
-0.087
-0.085
-0.085
-0.084
-0.084
-0.082
-0.082
-0.082
-0.08
-0.06
-0.05
-0.037
-0.021
-0.004
-0.002
0.014
0.028
0.039
0.046
0.051
0.054
0.052
0.048
0.043
0.032
0.019
0.005
-0.01
-0.026
-0.041
-0.056
-0.067
-0.075
-0.08
-0.082
-0.081
-0.081
-0.082
-0.083
-0.075
-0.074
-0.073
-0.071
-0.07
-0.077
-0.076
-0.076
-0.076
-0.075
-0.074
-0.073
-0.079
-0.088
-0.082
-0.053
0.001
0.085
0.227
0.337
0.448
0.564
0.679
0.739
0.752
0.762
0.72
0.629
0.504
0.419
0.287
0.148
0.011
-0.098
-0.17
-0.208
-0.214
-0.192
-0.166
-0.148
-0.137
-0.133
-0.131
-0.13
-0.129
-0.129
-0.128
-0.127
-0.125
-0.124
-0.122
-0.12
-0.119
-0.118
-0.117
-0.113
-0.106
-0.094
-0.08
-0.063
-0.044
-0.025
-0.008
0.009
0.032
0.05
0.07
0.091
0.111
0.122
0.136
0.148
0.157
0.163
0.167
0.169
0.172
0.174
0.175
0.174
0.171
0.167
0.162
0.157
0.15
0.144
0.136
0.123
0.109
0.092
0.073
0.05
0.028
0.008
-0.023
-0.04
-0.057
-0.075
-0.092
-0.096
-0.112
-0.124
-0.133
-0.137
-0.138
-0.137
-0.135
-0.134
-0.132
-0.131
-0.13
-0.129
-0.128
-0.127
-0.126
-0.124
-0.123
-0.122
-0.122
-0.122
-0.12
-0.118
-0.117
-0.115
-0.113
-0.111
-0.11
-0.109
-0.108
-0.107
-0.106
-0.104
-0.103
-0.102
-0.102
-0.101
-0.101
-0.101
-0.101
-0.101
-0.1
-0.1
-0.097
-0.095
-0.093
-0.091
-0.09
-0.089
-0.088
-0.087
-0.085
-0.084
-0.083
-0.083
-0.083
-0.083
-0.083
-0.08
-0.072
-0.062
-0.049
-0.032
-0.013
0.004
