-0.071
-0.071
-0.07
-0.068
-0.066
-0.065
-0.065
-0.064
-0.064
-0.065
-0.065
-0.065
-0.064
-0.063
-0.062
-0.06
-0.057
-0.057
-0.056
-0.053
-0.052
-0.053
-0.054
-0.054
-0.053
-0.052
-0.05
-0.049
-0.05
-0.05
-0.045
-0.038
-0.027
-0.014
-0.002
0.006
0.01
0.013
0.015
0.013
0.006
-0.001
-0.013
-0.023
-0.031
-0.038
-0.045
-0.046
-0.047
-0.046
-0.044
-0.041
-0.041
-0.041
-0.044
-0.048
-0.042
-0.026
0.001
0.043
0.142
0.241
0.32
0.373
0.398
0.351
0.235
0.133
0.048
-0.021
-0.074
-0.064
-0.057
-0.052
-0.048
-0.048
-0.05
-0.052
-0.051
-0.052
-0.05
-0.046
-0.043
-0.039
-0.019
-0.003
0.015
0.033
0.05
0.053
0.069
0.08
0.091
0.101
0.107
0.104
0.102
0.098
0.096
0.093
0.087
0.08
0.061
0.044
0.028
0.012
-0.005
-0.012
-0.024
-0.035
-0.043
-0.048
-0.053
-0.054
-0.052
-0.052
-0.05
-0.049
-0.048
-0.05
-0.049
-0.049
-0.047
-0.045
-0.045
-0.047
-0.046
-0.046
-0.046
-0.044
-0.043
-0.045
-0.044
-0.044
-0.044
-0.044
-0.042
-0.041
-0.041
-0.04
-0.038
-0.037
-0.039
-0.04
-0.025
-0.012
-0
0.014
0.029
0.029
0.024
0.018
0.009
-0.004
-0.016
-0.022
-0.027
-0.03
-0.032
-0.034
-0.035
-0.034
-0.034
-0.032
-0.031
-0.032
-0.034
-0.034
-0.008
0.03
0.079
0.137
0.208
0.266
0.296
0.302
0.283
0.236
0.164
0.097
0.038
-0.005
-0.034
-0.052
-0.058
-0.056
-0.056
-0.055
-0.053
-0.053
-0.053
-0.053
-0.049
-0.043
-0.036
-0.028
-0.019
-0.01
0.006
0.024
0.04
0.054
0.068
0.074
0.08
0.087
0.09
0.091
0.09
0.088
0.081
0.074
0.066
0.053
0.037
0.026
0.008
-0.007
-0.023
-0.039
-0.054
-0.061
-0.066
-0.067
-0.067
-0.067
-0.067
-0.066
-0.067
-0.068
-0.066
-0.065
-0.064
-0.062
-0.06
-0.061
-0.062
-0.062
-0.062
-0.06
-0.058
-0.059
-0.06
-0.059
-0.059
-0.058
-0.056
-0.055
-0.057
-0.056
