-0.067
-0.066
-0.062
-0.059
-0.059
-0.061
-0.06
-0.06
-0.061
-0.058
-0.058
-0.059
-0.058
-0.053
-0.054
-0.051
-0.052
-0.055
-0.054
-0.049
-0.044
-0.037
-0.031
-0.025
-0.015
-0.006
0.001
0.009
0.012
0.012
0.012
0.012
-0.003
-0.013
-0.025
-0.038
-0.047
-0.044
-0.045
-0.043
-0.044
-0.045
-0.044
-0.041
-0.047
-0.046
-0.052
-0.059
-0.053
-0.029
0.069
0.161
0.263
0.362
0.441
0.424
0.323
0.224
0.102
-0.01
-0.099
-0.086
-0.085
-0.069
-0.056
-0.047
-0.037
-0.031
-0.03
-0.027
-0.028
-0.03
-0.026
-0.02
-0.004
0.011
0.022
0.036
0.055
0.065
0.08
0.098
0.116
0.126
0.133
0.134
0.126
0.118
0.114
0.111
0.105
0.099
0.079
0.057
0.039
0.024
0.007
-0.002
-0.017
-0.032
-0.042
-0.047
-0.051
-0.051
-0.053
-0.057
-0.057
-0.057
-0.052
-0.045
-0.042
-0.046
-0.045
-0.045
-0.043
-0.037
-0.034
-0.033
-0.035
-0.038
-0.038
-0.035
-0.033
-0.033
-0.036
-0.041
-0.043
-0.041
-0.04
-0.038
-0.03
-0.023
-0.013
0.002
0.011
0.012
0.01
0.005
-0.004
-0.01
-0.019
-0.029
-0.038
-0.041
-0.042
-0.042
-0.041
-0.042
-0.043
-0.041
-0.039
-0.038
-0.035
-0.021
0.006
0.047
0.099
0.157
0.232
0.28
0.305
0.307
0.286
0.218
0.127
0.048
-0.012
-0.054
-0.08
-0.071
-0.064
-0.064
-0.065
-0.064
-0.061
-0.061
-0.056
-0.055
-0.053
-0.046
-0.037
-0.033
-0.011
0.004
0.019
0.036
0.055
0.058
0.068
0.073
0.076
0.081
0.086
0.085
0.084
0.079
0.071
0.064
0.057
0.049
0.034
0.017
-0.003
-0.021
-0.036
-0.044
-0.05
-0.056
-0.063
-0.067
-0.067
-0.067
-0.065
-0.064
-0.066
-0.068
-0.066
-0.066
-0.063
-0.062
-0.061
-0.063
-0.062
-0.062
-0.06
-0.063
-0.064
-0.064
-0.063
-0.062
-0.06
-0.061
-0.062
-0.063
-0.061
-0.061
-0.058
-0.058
-0.06
-0.06
-0.055
-0.05
-0.034
-0.021
-0.011
-0.001
0.01
0.009
0.005
-0.003
