-0.111
-0.11
-0.11
-0.11
-0.109
-0.106
-0.101
-0.093
-0.081
-0.065
-0.046
-0.026
-0.008
0.008
0.025
0.043
0.063
0.082
0.101
0.12
0.139
0.153
0.163
0.171
0.177
0.18
0.182
0.185
0.186
0.186
0.185
0.182
0.178
0.172
0.165
0.158
0.149
0.139
0.127
0.111
0.092
0.07
0.049
0.029
0.009
-0.01
-0.027
-0.044
-0.061
-0.079
-0.096
-0.113
-0.124
-0.13
-0.133
-0.134
-0.132
-0.131
-0.129
-0.127
-0.126
-0.125
-0.123
-0.122
-0.122
-0.12
-0.119
-0.119
-0.119
-0.118
-0.117
-0.116
-0.114
-0.113
-0.112
-0.11
-0.109
-0.108
-0.107
-0.106
-0.106
-0.106
-0.106
-0.106
-0.105
-0.103
-0.102
-0.101
-0.105
-0.104
-0.104
-0.103
-0.101
-0.095
-0.094
-0.093
-0.092
-0.092
-0.091
-0.09
-0.09
-0.089
-0.088
-0.087
-0.087
-0.086
-0.085
-0.083
-0.078
-0.07
-0.058
-0.043
-0.026
-0.01
0.007
0.022
0.034
0.043
0.044
0.046
0.046
0.044
0.041
0.04
0.03
0.018
0.003
-0.012
-0.028
-0.043
-0.056
-0.067
-0.074
-0.078
-0.079
-0.08
-0.08
-0.08
-0.08
-0.079
-0.079
-0.079
-0.079
-0.079
-0.079
-0.078
-0.077
-0.077
-0.075
-0.074
-0.077
-0.085
-0.09
-0.076
-0.04
0.026
0.123
0.235
0.345
0.455
0.57
0.684
0.771
0.809
0.799
0.737
0.625
0.491
0.36
0.229
0.092
-0.04
-0.137
-0.196
-0.221
-0.214
-0.184
-0.159
-0.143
-0.135
-0.133
-0.132
-0.137
-0.136
-0.134
-0.132
-0.131
-0.123
-0.122
-0.12
-0.112
-0.111
-0.11
-0.107
-0.103
-0.102
-0.089
-0.073
-0.057
-0.039
-0.019
-0.001
0.016
0.034
0.053
0.073
0.093
0.112
0.129
0.142
0.152
0.16
0.159
0.163
0.165
0.168
0.171
0.178
0.177
0.174
0.17
0.164
0.158
0.153
0.145
0.132
0.118
0.102
0.082
0.061
0.04
0.018
-0.002
-0.021
-0.036
-0.053
-0.071
-0.089
-0.105
-0.118
-0.129
-0.136
-0.138
-0.138
-0.136
-0.135
-0.133
-0.132
-0.131
-0.131
