-0.037
-0.074
-0.087
-0.087
-0.076
-0.063
-0.053
-0.052
-0.05
-0.05
-0.05
-0.05
-0.048
-0.047
-0.035
-0.024
-0.013
-0.001
0.015
0.024
0.042
0.058
0.072
0.084
0.096
0.098
0.101
0.102
0.1
0.098
0.098
0.094
0.084
0.072
0.055
0.039
0.023
0.013
-0.001
-0.015
-0.03
-0.043
-0.051
-0.052
-0.051
-0.05
-0.051
-0.051
-0.05
-0.049
-0.048
-0.047
-0.046
-0.047
-0.048
-0.047
-0.046
-0.046
-0.043
-0.043
-0.043
-0.044
-0.043
-0.044
-0.037
-0.029
-0.021
-0.011
0.002
0.009
0.018
0.023
0.024
0.022
0.018
0.012
0.002
-0.009
-0.021
-0.032
-0.039
-0.04
-0.04
-0.04
-0.041
-0.042
-0.042
-0.043
-0.041
-0.043
-0.049
-0.047
-0.032
-0.006
0.084
0.185
0.282
0.359
0.414
0.392
0.296
0.182
0.071
-0.023
-0.097
-0.099
-0.086
-0.073
-0.064
-0.06
-0.061
-0.063
-0.06
-0.055
-0.041
-0.026
-0.012
0.003
0.021
0.03
0.045
0.058
0.069
0.077
0.084
0.086
0.084
0.083
0.079
0.074
0.069
0.068
0.049
0.035
0.018
-0.001
-0.019
-0.023
-0.038
-0.048
-0.059
-0.069
-0.076
-0.073
-0.074
-0.071
-0.071
-0.072
-0.073
-0.07
-0.071
-0.068
-0.066
-0.066
-0.066
-0.064
-0.065
-0.063
-0.063
-0.063
-0.063
-0.061
-0.062
-0.061
-0.061
-0.062
-0.061
-0.059
-0.06
-0.06
-0.058
-0.057
-0.057
-0.053
-0.041
-0.031
-0.021
-0.011
0
0.005
0.003
0.005
0.002
-0.005
-0.013
-0.016
-0.028
-0.036
-0.044
-0.051
-0.056
-0.054
-0.056
-0.054
-0.053
-0.053
-0.054
-0.05
-0.037
-0.012
0.028
0.078
0.137
0.195
0.248
0.275
0.278
0.258
0.215
0.148
0.074
0.015
-0.03
-0.059
-0.074
-0.068
-0.065
-0.066
-0.067
-0.065
-0.063
-0.062
-0.059
-0.056
-0.053
-0.045
-0.034
-0.024
-0.006
0.01
0.026
0.044
0.062
0.07
0.079
0.084
0.088
0.091
0.094
0.093
0.089
0.081
0.071
0.062
0.054
0.044
0.028
0.01
-0.008
-0.025
