-0.073
-0.071
-0.071
-0.067
-0.064
-0.063
-0.065
-0.064
-0.065
-0.064
-0.062
-0.062
-0.063
-0.061
-0.063
-0.06
-0.059
-0.058
-0.059
-0.056
-0.057
-0.055
-0.053
-0.054
-0.056
-0.054
-0.054
-0.052
-0.049
-0.049
-0.051
-0.049
-0.042
-0.032
-0.021
-0.01
0.001
0.006
0.009
0.014
0.017
0.015
0.009
0.006
-0.008
-0.018
-0.027
-0.036
-0.046
-0.045
-0.046
-0.044
-0.041
-0.041
-0.043
-0.042
-0.046
-0.05
-0.051
-0.043
-0.025
0.01
0.114
0.204
0.273
0.319
0.338
0.27
0.17
0.083
0.012
-0.041
-0.077
-0.064
-0.055
-0.05
-0.05
-0.05
-0.047
-0.046
-0.044
-0.043
-0.043
-0.04
-0.034
-0.026
-0.009
0.007
0.022
0.037
0.054
0.064
0.078
0.088
0.093
0.098
0.096
0.092
0.089
0.086
0.081
0.078
0.057
0.04
0.019
-0.001
-0.018
-0.02
-0.028
-0.035
-0.042
-0.047
-0.048
-0.047
-0.045
-0.044
-0.046
-0.047
-0.047
-0.047
-0.047
-0.045
-0.046
-0.046
-0.045
-0.042
-0.04
-0.038
-0.04
-0.04
-0.04
-0.039
-0.038
-0.037
-0.038
-0.04
-0.039
-0.038
-0.037
-0.036
-0.037
-0.038
-0.036
-0.032
-0.018
-0.003
0.009
0.021
0.032
0.034
0.027
0.022
0.014
0.002
-0.01
-0.013
-0.019
-0.024
-0.031
-0.035
-0.036
-0.037
-0.035
-0.032
-0.032
-0.033
-0.033
-0.033
0.007
0.037
0.077
0.128
0.192
0.227
0.245
0.267
0.261
0.23
0.176
0.139
0.072
0.021
-0.018
-0.045
-0.058
-0.055
-0.052
-0.05
-0.05
-0.052
-0.052
-0.051
-0.048
-0.042
-0.037
-0.032
-0.024
-0.015
0.003
0.021
0.037
0.052
0.068
0.075
0.083
0.09
0.093
0.093
0.093
0.092
0.088
0.083
0.074
0.062
0.049
0.039
0.022
0.006
-0.011
-0.03
-0.047
-0.055
-0.06
-0.062
-0.065
-0.067
-0.068
-0.068
-0.067
-0.064
-0.063
-0.063
-0.063
-0.062
-0.062
-0.06
-0.059
-0.06
-0.06
-0.06
-0.059
-0.057
-0.056
-0.056
-0.057
-0.057
-0.055
-0.054
-0.055
-0.056
