-0.066
-0.065
-0.065
-0.064
-0.064
-0.065
-0.065
-0.063
-0.062
-0.06
-0.06
-0.062
-0.063
-0.062
-0.06
-0.057
-0.056
-0.056
-0.056
-0.055
-0.053
-0.052
-0.051
-0.052
-0.052
-0.051
-0.045
-0.037
-0.028
-0.02
-0.009
-0.001
0.007
0.014
0.005
-0.007
-0.021
-0.037
-0.049
-0.047
-0.047
-0.045
-0.044
-0.045
-0.045
-0.042
-0.047
-0.049
-0.053
-0.05
-0.035
-0.001
0.103
0.205
0.302
0.378
0.429
0.392
0.28
0.166
0.058
-0.035
-0.11
-0.096
-0.084
-0.069
-0.058
-0.052
-0.051
-0.049
-0.049
-0.047
-0.046
-0.046
-0.045
-0.04
-0.028
-0.014
0.001
0.016
0.032
0.042
0.059
0.074
0.086
0.094
0.101
0.102
0.102
0.103
0.101
0.097
0.091
0.086
0.071
0.057
0.041
0.023
0.005
-0.004
-0.016
-0.026
-0.034
-0.043
-0.05
-0.05
-0.05
-0.048
-0.047
-0.047
-0.047
-0.046
-0.046
-0.044
-0.043
-0.045
-0.046
-0.046
-0.044
-0.042
-0.04
-0.041
-0.04
-0.04
-0.039
-0.036
-0.034
-0.034
-0.034
-0.034
-0.035
-0.035
-0.034
-0.036
-0.036
-0.035
-0.026
-0.015
-0.003
0.008
0.02
0.025
0.028
0.03
0.029
0.023
0.015
0.006
-0.007
-0.016
-0.023
-0.031
-0.036
-0.036
-0.036
-0.033
-0.032
-0.033
-0.033
-0.034
-0.04
-0.038
-0.024
-0.001
0.033
0.085
0.187
0.271
0.328
0.359
0.364
0.301
0.189
0.096
0.02
-0.041
-0.088
-0.075
-0.065
-0.058
-0.054
-0.054
-0.055
-0.055
-0.055
-0.053
-0.036
-0.017
0.002
0.021
0.042
0.052
0.064
0.075
0.084
0.089
0.092
0.092
0.089
0.087
0.085
0.078
0.069
0.061
0.045
0.029
0.013
-0.004
-0.023
-0.031
-0.042
-0.05
-0.057
-0.063
-0.068
-0.069
-0.068
-0.067
-0.066
-0.065
-0.066
-0.066
-0.067
-0.065
-0.064
-0.064
-0.065
-0.064
-0.064
-0.063
-0.061
-0.06
-0.06
-0.06
-0.06
-0.058
-0.057
-0.055
-0.055
-0.054
-0.054
-0.053
-0.051
-0.051
-0.052
-0.049
-0.039
-0.026
-0.018
-0.008
