-0.027
-0.009
0.008
0.025
0.045
0.066
0.086
0.105
0.123
0.14
0.151
0.16
0.167
0.172
0.176
0.182
0.184
0.185
0.183
0.181
0.176
0.171
0.165
0.159
0.152
0.143
0.131
0.117
0.101
0.08
0.057
0.037
0.018
-0.001
-0.019
-0.036
-0.052
-0.068
-0.085
-0.103
-0.117
-0.128
-0.134
-0.136
-0.134
-0.132
-0.13
-0.129
-0.129
-0.128
-0.128
-0.128
-0.127
-0.126
-0.125
-0.123
-0.122
-0.121
-0.119
-0.118
-0.118
-0.118
-0.124
-0.123
-0.123
-0.121
-0.12
-0.111
-0.11
-0.109
-0.108
-0.107
-0.106
-0.105
-0.104
-0.103
-0.103
-0.102
-0.101
-0.1
-0.099
-0.097
-0.097
-0.096
-0.096
-0.095
-0.095
-0.094
-0.093
-0.091
-0.09
-0.089
-0.087
-0.085
-0.085
-0.085
-0.084
-0.08
-0.072
-0.06
-0.044
-0.027
-0.011
0.004
0.019
0.032
0.042
0.049
0.052
0.051
0.048
0.043
0.036
0.025
0.012
-0.004
-0.02
-0.037
-0.05
-0.062
-0.072
-0.078
-0.08
-0.081
-0.082
-0.081
-0.081
-0.081
-0.08
-0.079
-0.078
-0.078
-0.079
-0.078
-0.077
-0.076
-0.075
-0.073
-0.073
-0.077
-0.088
-0.09
-0.07
-0.026
0.046
0.153
0.269
0.379
0.487
0.599
0.71
0.786
0.812
0.79
0.716
0.593
0.398
0.267
0.138
0.004
-0.12
-0.147
-0.198
-0.214
-0.199
-0.17
-0.149
-0.135
-0.128
-0.127
-0.126
-0.125
-0.124
-0.124
-0.124
-0.123
-0.122
-0.121
-0.12
-0.118
-0.116
-0.114
-0.111
-0.106
-0.096
-0.083
-0.066
-0.049
-0.032
-0.014
0.005
0.022
0.041
0.059
0.078
0.099
0.119
0.134
0.148
0.158
0.166
0.172
0.176
0.178
0.18
0.18
0.18
0.177
0.174
0.169
0.163
0.156
0.148
0.141
0.13
0.116
0.1
0.081
0.059
0.039
0.017
-0.004
-0.021
-0.037
-0.054
-0.071
-0.088
-0.104
-0.116
-0.125
-0.131
-0.133
-0.132
-0.13
-0.129
-0.127
-0.126
-0.126
-0.125
-0.124
-0.123
-0.122
-0.12
-0.119
-0.118
-0.116
-0.115
-0.114
-0.113
-0.112
