0.041
0.048
0.052
0.053
0.053
0.051
0.045
0.037
0.027
0.013
-0.003
-0.02
-0.036
-0.051
-0.063
-0.071
-0.074
-0.076
-0.078
-0.079
-0.079
-0.079
-0.078
-0.077
-0.077
-0.077
-0.077
-0.076
-0.075
-0.074
-0.073
-0.072
-0.071
-0.073
-0.081
-0.089
-0.08
-0.049
0.011
0.102
0.212
0.323
0.433
0.547
0.663
0.759
0.809
0.809
0.758
0.656
0.525
0.394
0.264
0.129
-0.008
-0.114
-0.181
-0.214
-0.214
-0.188
-0.161
-0.144
-0.135
-0.131
-0.129
-0.128
-0.127
-0.126
-0.125
-0.125
-0.124
-0.123
-0.122
-0.12
-0.119
-0.118
-0.115
-0.112
-0.104
-0.091
-0.075
-0.058
-0.04
-0.021
-0.003
0.013
0.029
0.047
0.066
0.086
0.108
0.126
0.14
0.152
0.162
0.167
0.17
0.172
0.175
0.176
0.176
0.175
0.173
0.168
0.162
0.155
0.137
0.129
0.119
0.107
0.092
0.087
0.066
0.045
0.022
0.001
-0.017
-0.033
-0.049
-0.067
-0.084
-0.101
-0.117
-0.128
-0.136
-0.141
-0.142
-0.14
-0.139
-0.137
-0.136
-0.135
-0.135
-0.134
-0.134
-0.133
-0.131
-0.13
-0.129
-0.127
-0.125
-0.124
-0.123
-0.121
-0.119
-0.118
-0.117
-0.115
-0.114
-0.112
-0.11
-0.109
-0.108
-0.107
-0.107
-0.105
-0.103
-0.102
-0.099
-0.097
-0.096
-0.095
-0.093
-0.092
-0.092
-0.091
-0.09
-0.09
-0.09
-0.09
-0.089
-0.089
-0.088
-0.086
-0.085
-0.084
-0.084
-0.084
-0.085
-0.082
-0.074
-0.062
-0.047
-0.029
-0.009
0.008
0.021
0.033
0.044
0.052
0.056
0.058
0.057
0.053
0.047
0.037
0.026
0.013
-0.002
-0.02
-0.04
-0.054
-0.064
-0.071
-0.076
-0.073
-0.074
-0.075
-0.075
-0.074
-0.074
-0.073
-0.073
-0.073
-0.073
-0.072
-0.071
-0.069
-0.067
-0.065
-0.064
-0.065
-0.072
-0.081
-0.071
-0.037
0.02
0.105
0.215
0.335
0.453
0.562
0.668
0.76
0.81
0.81
0.761
0.666
0.536
0.395
0.257
0.128
0.004
-0.097
-0.168
-0.203
-0.203
-0.178
-0.151
-0.132
