-0.057
-0.055
-0.056
-0.057
-0.056
-0.056
-0.053
-0.05
-0.051
-0.051
-0.05
-0.05
-0.049
-0.047
-0.047
-0.048
-0.047
-0.046
-0.045
-0.044
-0.045
-0.048
-0.049
-0.049
-0.048
-0.046
-0.046
-0.047
-0.048
-0.046
-0.036
-0.024
-0.012
-0.001
0.012
0.017
0.019
0.018
0.012
0.002
-0.006
-0.015
-0.023
-0.029
-0.036
-0.043
-0.047
-0.047
-0.046
-0.045
-0.046
-0.047
-0.047
-0.046
-0.043
-0.028
-0.004
0.031
0.08
0.139
0.223
0.281
0.312
0.316
0.296
0.226
0.133
0.057
-0.004
-0.051
-0.082
-0.073
-0.066
-0.062
-0.061
-0.063
-0.063
-0.063
-0.061
-0.059
-0.055
-0.052
-0.046
-0.037
-0.02
-0.002
0.015
0.03
0.046
0.056
0.067
0.077
0.082
0.085
0.087
0.086
0.084
0.081
0.074
0.064
0.054
0.046
0.03
0.014
-0.008
-0.03
-0.052
-0.063
-0.074
-0.076
-0.077
-0.077
-0.075
-0.073
-0.072
-0.072
-0.072
-0.072
-0.071
-0.069
-0.068
-0.068
-0.07
-0.069
-0.067
-0.064
-0.063
-0.063
-0.063
-0.063
-0.062
-0.059
-0.058
-0.058
-0.056
-0.051
-0.037
-0.022
-0.008
0.002
0.011
0.012
0.008
0.003
-0.009
-0.024
-0.04
-0.048
-0.054
-0.053
-0.053
-0.051
-0.053
-0.055
-0.054
-0.052
-0.007
0.03
0.078
0.135
0.204
0.24
0.247
0.258
0.243
0.2
0.132
0.094
0.033
-0.011
-0.042
-0.061
-0.069
-0.067
-0.067
-0.065
-0.063
-0.062
-0.063
-0.061
-0.055
-0.049
-0.041
-0.032
-0.023
-0.017
0.002
0.021
0.038
0.054
0.069
0.074
0.08
0.088
0.093
0.094
0.094
0.093
0.081
0.074
0.061
0.05
0.036
0.03
0.009
-0.002
-0.017
-0.034
-0.051
-0.053
-0.059
-0.06
-0.06
-0.06
-0.061
-0.059
-0.06
-0.058
-0.055
-0.055
-0.055
-0.053
-0.053
-0.054
-0.052
-0.049
-0.048
-0.047
-0.045
-0.044
-0.045
-0.046
-0.044
-0.043
-0.042
-0.043
-0.044
-0.046
-0.044
-0.043
-0.038
-0.033
-0.027
-0.019
-0.009
-0
0.011
0.019
0.023
0.026
