0.104
0.181
0.273
0.328
0.327
0.299
0.245
0.165
0.063
-0.001
-0.039
-0.065
-0.078
-0.078
-0.065
-0.063
-0.061
-0.06
-0.061
-0.061
-0.061
-0.06
-0.053
-0.045
-0.037
-0.027
-0.014
-0.005
0.014
0.031
0.046
0.06
0.075
0.08
0.085
0.088
0.088
0.087
0.081
0.07
0.058
0.045
0.032
0.021
0
-0.016
-0.032
-0.049
-0.063
-0.062
-0.065
-0.064
-0.063
-0.063
-0.062
-0.06
-0.058
-0.056
-0.056
-0.056
-0.054
-0.054
-0.053
-0.051
-0.05
-0.05
-0.051
-0.05
-0.049
-0.049
-0.049
-0.049
-0.049
-0.049
-0.047
-0.046
-0.045
-0.045
-0.043
-0.043
-0.04
-0.035
-0.029
-0.024
-0.016
-0.007
0.004
0.014
0.021
0.024
0.026
0.022
0.011
-0
-0.013
-0.026
-0.036
-0.038
-0.037
-0.036
-0.035
-0.036
-0.035
-0.034
-0.032
-0.029
-0.03
-0.035
-0.04
-0.036
0.026
0.101
0.191
0.291
0.389
0.416
0.367
0.293
0.193
0.074
-0.034
-0.07
-0.083
-0.083
-0.071
-0.059
-0.051
-0.05
-0.048
-0.046
-0.045
-0.046
-0.046
-0.047
-0.036
-0.024
-0.01
0.003
0.02
0.029
0.048
0.065
0.08
0.091
0.103
0.104
0.105
0.106
0.104
0.1
0.097
0.093
0.081
0.069
0.055
0.038
0.02
0.01
-0.004
-0.017
-0.03
-0.043
-0.054
-0.055
-0.055
-0.053
-0.052
-0.052
-0.052
-0.051
-0.05
-0.048
-0.047
-0.048
-0.049
-0.048
-0.048
-0.046
-0.045
-0.046
-0.047
-0.046
-0.046
-0.045
-0.044
-0.044
-0.045
-0.045
-0.043
-0.041
-0.041
-0.042
-0.043
-0.044
-0.038
-0.03
-0.021
-0.013
-0.002
0.005
0.012
0.018
0.021
0.019
0.015
0.009
-0.003
-0.014
-0.026
-0.038
-0.046
-0.047
-0.047
-0.045
-0.044
-0.045
-0.046
-0.047
-0.047
-0.049
-0.053
-0.05
-0.035
-0.008
0.082
0.184
0.282
0.358
0.41
0.388
0.291
0.177
0.07
-0.023
-0.099
-0.103
-0.094
-0.081
-0.07
-0.066
-0.065
-0.064
-0.064
-0.063
-0.061
-0.06
-0.059
-0.054
-0.04
-0.025
-0.009
0.006
0.02
0.028
0.043
0.058
0.069
0.079
0.081
0.077
0.072
0.07
0.051
0.038
0.023
0.005
-0.014
-0.018
-0.032
-0.041
-0.05
-0.059
-0.067
-0.066
-0.067
-0.064
-0.063
-0.062
-0.063
-0.061
-0.063
-0.061
-0.06
-0.06
-0.061
-0.059
-0.059
-0.058
-0.057
-0.058
-0.059
-0.056
-0.057
-0.057
-0.055
-0.053
-0.052
-0.051
-0.05
-0.051
-0.052
-0.052
-0.05
-0.045
-0.033
-0.022
-0.01
0.002
0.015
0.018
0.016
0.011
0.003
-0.006
-0.016
-0.023
-0.03
-0.037
-0.044
-0.047
-0.047
-0.047
-0.046
-0.046
-0.048
-0.048
-0.047
-0.046
-0.03
-0.004
0.033
0.082
0.144
0.201
0.257
0.286
0.29
0.27
0.227
0.16
0.086
0.026
-0.02
-0.051
-0.065
-0.059
-0.054
-0.052
-0.052
-0.05
-0.047
-0.047
-0.04
-0.037
-0.033
-0.025
-0.013
-0.006
0.012
0.028
0.043
0.06
0.078
0.087
0.097
0.102
0.104
0.106
0.109
0.107
0.105
0.097
0.085
0.074
0.063
0.052
0.035
0.017
-0.002
-0.021
-0.037
-0.044
-0.049
-0.053
-0.058
-0.06
-0.059
-0.059
-0.057
-0.056
-0.056
-0.058
-0.057
-0.056
-0.054
-0.051
-0.051
-0.051
-0.05
-0.049
-0.046
-0.043
-0.042
-0.042
-0.041
-0.041
-0.041
-0.039
-0.038
-0.038
-0.038
-0.036
-0.037
-0.035
-0.035
-0.032
-0.028
-0.02
-0.007
0.006
0.016
0.024
0.031
0.031
0.024
0.016
0.004
-0.009
-0.021
-0.026
-0.029
-0.031
-0.033
-0.035
-0.036
-0.036
-0.034
-0.033
-0.033
-0.034
-0.033
-0.036
0.003
0.053
0.113
0.186
0.275
0.333
0.342
0.323
0.275
0.202
0.107
0.038
-0.005
-0.035
-0.054
-0.061
-0.05
-0.051
-0.049
-0.048
-0.048
-0.049
-0.048
-0.048
-0.041
-0.033
-0.026
-0.018
-0.007
0.002
0.02
0.037
0.059
0.076
0.089
0.092
0.097
0.094
0.087
0.08
0.069
0.055
0.04
0.029
0.013
-0.003
-0.019
-0.037
-0.052
-0.056
-0.058
-0.057
-0.056
-0.056
-0.056
-0.055
-0.055
-0.053
