-0.121
-0.12
-0.119
-0.118
-0.109
-0.108
-0.107
-0.105
-0.104
-0.111
-0.11
-0.109
-0.109
-0.108
-0.107
-0.106
-0.105
-0.104
-0.103
-0.102
-0.102
-0.101
-0.1
-0.1
-0.099
-0.098
-0.097
-0.096
-0.095
-0.094
-0.093
-0.092
-0.091
-0.09
-0.089
-0.088
-0.088
-0.088
-0.086
-0.086
-0.085
-0.085
-0.083
-0.082
-0.077
-0.068
-0.057
-0.043
-0.027
-0.01
0.005
0.019
0.03
0.039
0.045
0.048
0.049
0.047
0.042
0.034
0.024
0.011
-0.003
-0.019
-0.035
-0.049
-0.061
-0.07
-0.075
-0.079
-0.08
-0.08
-0.08
-0.08
-0.079
-0.078
-0.078
-0.078
-0.078
-0.076
-0.076
-0.075
-0.074
-0.073
-0.073
-0.073
-0.076
-0.086
-0.088
-0.067
-0.025
0.044
0.14
0.25
0.36
0.468
0.574
0.677
0.704
0.73
0.707
0.638
0.525
0.443
0.313
0.185
0.057
-0.057
-0.14
-0.18
-0.175
-0.161
-0.134
-0.113
-0.091
-0.07
-0.068
-0.067
-0.066
-0.063
-0.058
-0.057
-0.056
-0.055
-0.05
-0.04
-0.037
-0.036
-0.034
-0.03
-0.022
-0.012
0.001
0.017
0.037
0.057
0.075
0.091
0.107
0.124
0.146
0.165
0.184
0.203
0.229
0.273
0.288
0.295
0.299
0.309
0.323
0.325
0.326
0.326
0.328
0.336
0.334
0.329
0.323
0.32
0.327
0.323
0.31
0.294
0.278
0.261
0.242
0.222
0.204
0.19
0.181
0.17
0.154
0.138
0.124
0.11
0.102
0.096
0.094
0.097
0.104
0.112
0.113
0.114
0.113
0.115
0.123
0.125
0.127
0.131
0.132
0.135
0.222
0.223
0.221
0.219
0.224
0.135
0.136
0.14
0.14
0.143
0.145
0.146
0.144
0.141
0.145
0.147
0.148
0.152
0.153
0.157
0.158
0.159
0.157
0.155
0.164
0.166
0.168
0.172
0.17
0.174
0.176
0.177
0.174
0.17
0.174
0.174
0.175
0.173
0.17
0.174
0.18
0.189
0.198
0.208
0.228
0.245
0.261
0.279
0.288
0.299
0.306
0.308
0.306
0.3
0.298
0.291
0.282
0.273
