-0.041
-0.042
-0.041
-0.039
-0.038
-0.042
-0.043
-0.033
-0.01
0.026
0.104
0.189
0.249
0.283
0.291
0.248
0.149
0.068
0.006
-0.04
-0.073
-0.063
-0.059
-0.057
-0.057
-0.057
-0.056
-0.056
-0.057
-0.056
-0.053
-0.048
-0.041
-0.031
-0.016
-0
0.017
0.035
0.051
0.061
0.071
0.079
0.086
0.092
0.096
0.095
0.089
0.083
0.078
0.072
0.063
0.055
0.038
0.019
0.003
-0.013
-0.029
-0.04
-0.051
-0.059
-0.065
-0.067
-0.067
-0.065
-0.066
-0.066
-0.066
-0.064
-0.064
-0.064
-0.064
-0.065
-0.065
-0.064
-0.062
-0.059
-0.058
-0.059
-0.059
-0.06
-0.06
-0.058
-0.057
-0.056
-0.057
-0.057
-0.056
-0.053
-0.049
-0.044
-0.033
-0.021
-0.009
0.003
0.014
0.016
0.011
0.003
-0.006
-0.016
-0.027
-0.035
-0.042
-0.049
-0.052
-0.053
-0.051
-0.05
-0.049
-0.049
-0.049
-0.047
-0.046
-0.048
-0.026
0.007
0.053
0.111
0.182
0.239
0.276
0.286
0.272
0.235
0.173
0.106
0.042
-0.007
-0.041
-0.06
-0.066
-0.063
-0.062
-0.063
-0.062
-0.061
-0.058
-0.058
-0.055
-0.051
-0.044
-0.035
-0.024
-0.014
0.002
0.018
0.036
0.054
0.072
0.08
0.086
0.089
0.091
0.093
0.095
0.094
0.089
0.08
0.072
0.062
0.051
0.041
0.024
0.005
-0.013
-0.029
-0.042
-0.049
-0.054
-0.059
-0.06
-0.06
-0.057
-0.056
-0.056
-0.056
-0.056
-0.055
-0.052
-0.051
-0.05
-0.051
-0.051
-0.05
-0.048
-0.046
-0.045
-0.046
-0.046
-0.046
-0.045
-0.044
-0.043
-0.043
-0.043
-0.042
-0.04
-0.04
-0.039
-0.039
-0.037
-0.033
-0.026
-0.019
-0.005
0.006
0.016
0.025
0.033
0.032
0.024
0.012
-0.001
-0.013
-0.025
-0.03
-0.033
-0.036
-0.037
-0.037
-0.035
-0.034
-0.034
-0.034
-0.033
-0.032
-0.032
-0.036
0.009
0.063
0.13
0.212
0.308
0.362
0.35
0.312
0.25
0.164
0.057
-0.003
-0.037
-0.06
-0.069
-0.062
-0.046
-0.046
-0.045
-0.045
-0.045
-0.044
