-0.054
-0.044
-0.023
0.014
0.111
0.214
0.301
0.362
0.396
0.359
0.246
0.134
0.039
-0.042
-0.107
-0.101
-0.09
-0.079
-0.071
-0.068
-0.069
-0.067
-0.067
-0.067
-0.064
-0.059
-0.052
-0.042
-0.028
-0.013
0.001
0.012
0.023
0.033
0.045
0.057
0.068
0.077
0.083
0.084
0.082
0.081
0.079
0.076
0.069
0.064
0.044
0.024
0.003
-0.016
-0.037
-0.046
-0.054
-0.059
-0.063
-0.067
-0.07
-0.07
-0.071
-0.07
-0.069
-0.069
-0.069
-0.068
-0.068
-0.067
-0.065
-0.064
-0.065
-0.065
-0.065
-0.063
-0.061
-0.058
-0.059
-0.059
-0.057
-0.057
-0.055
-0.052
-0.052
-0.053
-0.053
-0.053
-0.051
-0.05
-0.05
-0.051
-0.038
-0.027
-0.013
0.002
0.015
0.016
0.015
0.014
0.011
0.006
-0.003
-0.01
-0.021
-0.03
-0.036
-0.041
-0.045
-0.045
-0.045
-0.044
-0.042
-0.04
-0.041
-0.042
-0.021
-0.01
0.013
0.048
0.093
0.125
0.189
0.254
0.296
0.311
0.3
0.256
0.163
0.085
0.022
-0.026
-0.06
-0.058
-0.058
-0.056
-0.055
-0.056
-0.052
-0.049
-0.046
-0.04
-0.033
-0.029
-0.007
0.014
0.034
0.056
0.078
0.086
0.093
0.098
0.101
0.099
0.098
0.096
0.092
0.087
0.08
0.068
0.056
0.046
0.031
0.016
-0
-0.018
-0.034
-0.041
-0.047
-0.049
-0.05
-0.05
-0.051
-0.052
-0.051
-0.049
-0.05
-0.05
-0.049
-0.049
-0.047
-0.046
-0.044
-0.045
-0.045
-0.044
-0.042
-0.041
-0.039
-0.041
-0.042
-0.041
-0.041
-0.04
-0.039
-0.04
-0.04
-0.039
-0.038
-0.037
-0.034
-0.031
-0.027
-0.019
-0.006
0.007
0.018
0.024
0.029
0.028
0.02
0.011
0
-0.014
-0.028
-0.032
-0.036
-0.037
-0.036
-0.038
-0.038
-0.038
-0.037
-0.035
-0.035
-0.037
-0.04
-0.044
0.021
0.077
0.145
0.223
0.316
0.349
0.312
0.28
0.221
0.136
0.025
-0.009
-0.048
-0.069
-0.078
-0.074
-0.061
-0.059
-0.058
-0.056
-0.054
-0.054
-0.054
-0.053
-0.044
-0.034
-0.023
-0.013
-0
0.006
0.023
0.04
0.055
0.068
0.08
0.082
0.083
0.087
0.088
0.088
0.086
0.085
0.077
0.068
0.057
0.043
0.026
0.016
-0.002
-0.018
-0.032
-0.047
-0.062
-0.065
-0.067
-0.066
-0.064
-0.064
-0.063
-0.063
-0.062
-0.06
-0.059
-0.06
-0.06
-0.06
-0.06
-0.059
-0.058
-0.059
-0.06
-0.06
-0.059
-0.057
-0.055
-0.054
-0.054
-0.054
-0.054
-0.052
-0.051
-0.052
-0.053
-0.053
-0.052
-0.047
-0.041
-0.033
-0.025
-0.016
-0.006
0.003
0.01
0.013
0.013
0.009
-0.003
-0.014
-0.025
-0.038
-0.05
-0.052
-0.052
-0.051
-0.049
-0.048
-0.049
-0.049
-0.049
-0.049
-0.049
-0.054
-0.058
-0.051
0.015
0.095
0.189
0.291
0.382
0.402
0.344
0.263
0.159
0.042
-0.063
-0.094
-0.105
-0.101
-0.085
-0.073
-0.065
-0.066
-0.066
-0.065
-0.063
-0.062
-0.061
-0.06
-0.051
-0.038
-0.024
-0.009
0.006
0.015
0.031
0.047
0.062
0.075
0.084
0.086
0.087
0.087
0.088
0.087
0.084
0.08
0.068
0.054
0.04
0.024
0.006
-0.003
-0.02
-0.033
-0.044
-0.055
-0.066
-0.066
-0.066
-0.066
-0.065
-0.062
-0.059
-0.058
-0.057
-0.055
-0.054
-0.055
-0.055
-0.054
-0.053
-0.051
-0.05
-0.05
-0.05
-0.051
-0.051
-0.051
-0.049
-0.046
-0.044
-0.044
-0.045
-0.045
-0.04
-0.033
-0.024
-0.013
-0.001
0.006
0.013
0.019
0.022
0.022
0.018
0.011
-0.003
-0.015
-0.025
-0.033
-0.042
-0.042
-0.041
-0.041
-0.04
-0.038
-0.035
-0.034
-0.035
-0.038
-0.04
-0.035
-0.019
0.015
0.12
0.223
0.318
0.388
0.43
0.387
0.273
0.155
0.053
-0.032
-0.101
-0.091
-0.076
-0.064
-0.055
-0.048
-0.047
-0.048
-0.047
-0.047
-0.046
-0.042
-0.035
-0.027
-0.01
0.005
0.02
0.033
0.043
0.047
0.062
0.075
0.087
0.097
0.104
0.102
0.1
0.098
0.096
0.094
0.089
0.082
0.064
0.047
0.031
0.016
-0.002
-0.009
-0.021
-0.033
-0.041
-0.047
