0.259
0.198
0.103
0.038
-0.011
-0.045
-0.068
-0.067
-0.064
-0.064
-0.065
-0.064
-0.061
-0.06
-0.054
-0.047
-0.039
-0.031
-0.019
-0.009
0.009
0.027
0.043
0.058
0.073
0.078
0.085
0.09
0.091
0.09
0.091
0.089
0.084
0.078
0.068
0.055
0.042
0.031
0.015
-0.001
-0.018
-0.035
-0.05
-0.056
-0.058
-0.058
-0.058
-0.06
-0.06
-0.059
-0.058
-0.056
-0.055
-0.056
-0.057
-0.056
-0.055
-0.053
-0.052
-0.052
-0.051
-0.05
-0.048
-0.046
-0.045
-0.047
-0.047
-0.046
-0.045
-0.043
-0.042
-0.043
-0.043
-0.043
-0.041
-0.037
-0.033
-0.027
-0.019
-0.011
0.003
0.014
0.021
0.025
0.029
0.026
0.018
0.009
-0.003
-0.017
-0.029
-0.033
-0.034
-0.033
-0.033
-0.033
-0.033
-0.034
-0.033
-0.031
-0.032
-0.035
-0.04
-0.043
0.032
0.121
0.225
0.332
0.422
0.418
0.337
0.257
0.16
0.064
-0.025
-0.044
-0.069
-0.078
-0.074
-0.062
-0.051
-0.049
-0.047
-0.046
-0.045
-0.045
-0.037
-0.027
-0.013
0.005
0.026
0.036
0.05
0.063
0.074
0.085
0.096
0.098
0.098
0.096
0.093
0.091
0.09
0.087
0.074
0.064
0.049
0.032
0.019
0.015
-0.006
-0.021
-0.034
-0.049
-0.061
-0.058
-0.059
-0.058
-0.057
-0.059
-0.061
-0.059
-0.06
-0.058
-0.057
-0.058
-0.059
-0.057
-0.059
-0.057
-0.057
-0.058
-0.059
-0.056
-0.056
-0.053
-0.051
-0.051
-0.051
-0.049
-0.051
-0.052
-0.051
-0.05
-0.049
-0.049
-0.04
-0.032
-0.024
-0.012
0.002
0.008
0.013
0.013
0.01
0.006
0.003
-0.004
-0.014
-0.026
-0.037
-0.045
-0.051
-0.051
-0.05
-0.052
-0.053
-0.052
-0.05
-0.049
-0.051
-0.055
-0.05
-0.031
0.002
0.048
0.151
0.243
0.311
0.355
0.376
0.324
0.209
0.104
0.015
-0.055
-0.106
-0.092
-0.078
-0.071
-0.068
-0.067
-0.064
-0.064
-0.062
-0.061
-0.062
-0.061
-0.056
-0.049
-0.033
-0.018
-0.003
0.014
0.032
0.042
0.056
0.067
0.074
0.08
0.087
0.088
0.087
0.084
0.079
0.074
0.068
0.062
0.048
0.031
0.012
-0.005
-0.02
-0.029
-0.04
-0.05
-0.059
-0.067
-0.069
-0.068
-0.067
-0.067
-0.068
-0.068
-0.067
-0.065
-0.064
-0.064
-0.065
-0.065
-0.064
-0.062
-0.062
-0.061
-0.06
-0.06
-0.06
-0.058
-0.057
-0.057
-0.055
-0.053
-0.051
-0.051
-0.053
-0.053
-0.052
-0.049
-0.036
-0.023
-0.011
0.002
0.016
0.019
0.019
0.014
0.007
-0.003
-0.013
-0.021
-0.028
-0.034
-0.041
-0.046
-0.047
-0.046
-0.044
-0.043
-0.043
-0.044
-0.044
-0.043
-0.033
-0.012
0.018
0.06
0.115
0.172
0.241
0.283
0.299
0.291
0.261
0.193
0.109
0.043
-0.01
-0.05
-0.074
-0.065
-0.059
-0.056
-0.055
-0.056
-0.054
-0.055
-0.053
-0.05
-0.048
-0.043
-0.034
-0.024
-0.006
0.012
0.028
0.043
0.06
0.07
0.081
0.089
0.095
0.098
0.101
0.1
0.099
0.095
0.087
0.077
0.068
0.059
0.043
0.026
0.008
-0.012
-0.029
-0.037
-0.044
-0.048
-0.053
-0.056
-0.056
-0.055
-0.053
-0.052
-0.052
-0.054
-0.052
-0.051
-0.049
-0.046
-0.046
-0.047
-0.047
-0.047
-0.045
-0.044
-0.045
-0.046
-0.046
-0.046
-0.044
-0.042
-0.041
-0.041
-0.04
-0.039
-0.037
-0.034
-0.033
-0.032
-0.028
-0.023
-0.009
0.005
0.016
0.024
0.032
0.032
0.028
0.022
0.012
-0.002
-0.015
-0.023
-0.028
-0.03
-0.032
-0.035
-0.035
-0.034
-0.033
-0.032
-0.032
-0.034
-0.035
-0.035
-0.005
0.035
0.086
0.147
0.221
0.278
0.303
0.303
0.277
0.225
0.148
0.08
0.027
-0.012
-0.039
-0.054
-0.054
-0.054
-0.052
-0.051
-0.052
-0.053
-0.053
-0.054
-0.049
-0.042
-0.035
-0.026
-0.014
-0.005
0.014
0.032
0.047
0.061
0.075
0.081
0.089
0.095
0.097
0.096
0.095
0.091
0.086
0.08
0.071
0.058
0.044
0.033
0.017
0.002
-0.015
-0.034
-0.05
-0.058
-0.064
-0.065
-0.065
-0.066
-0.067
-0.064
-0.063
-0.062
-0.062
-0.062
