-0.013
-0.002
0.011
0.014
0.022
0.026
0.029
0.03
0.029
0.022
0.01
-0.004
-0.017
-0.026
-0.033
-0.034
-0.032
-0.033
-0.033
-0.031
-0.03
-0.031
-0.034
-0.038
-0.044
-0.041
-0.025
0.004
0.112
0.211
0.31
0.39
0.444
0.403
0.292
0.173
0.062
-0.03
-0.103
-0.092
-0.081
-0.068
-0.059
-0.053
-0.05
-0.05
-0.049
-0.048
-0.046
-0.043
-0.038
-0.03
-0.015
0.001
0.02
0.038
0.054
0.065
0.074
0.08
0.086
0.09
0.089
0.089
0.087
0.082
0.064
0.048
0.027
0.006
-0.015
-0.024
-0.036
-0.045
-0.05
-0.054
-0.057
-0.057
-0.057
-0.057
-0.056
-0.056
-0.056
-0.055
-0.055
-0.054
-0.052
-0.051
-0.051
-0.051
-0.053
-0.053
-0.052
-0.051
-0.051
-0.051
-0.051
-0.052
-0.052
-0.051
-0.052
-0.052
-0.053
-0.053
-0.052
-0.051
-0.05
-0.046
-0.034
-0.022
-0.007
0.007
0.013
0.01
0.004
-0.006
-0.017
-0.026
-0.035
-0.042
-0.046
-0.048
-0.049
-0.049
-0.049
-0.048
-0.046
-0.044
-0.043
-0.042
-0.03
-0.005
0.032
0.08
0.138
0.195
0.248
0.278
0.285
0.267
0.222
0.155
0.077
0.017
-0.026
-0.056
-0.073
-0.067
-0.066
-0.066
-0.065
-0.063
-0.061
-0.057
-0.05
-0.044
-0.037
-0.027
-0.012
0.005
0.023
0.041
0.057
0.065
0.071
0.077
0.083
0.087
0.089
0.089
0.082
0.075
0.068
0.06
0.049
0.04
0.019
0.001
-0.015
-0.03
-0.045
-0.051
-0.057
-0.062
-0.066
-0.066
-0.065
-0.066
-0.064
-0.063
-0.061
-0.059
-0.058
-0.061
-0.062
-0.062
-0.061
-0.058
-0.055
-0.055
-0.055
-0.055
-0.054
-0.053
-0.051
-0.051
-0.052
-0.052
-0.051
-0.05
-0.049
-0.048
-0.047
-0.048
-0.045
-0.041
-0.035
-0.029
-0.016
-0.004
0.007
0.017
0.025
0.025
0.017
0.007
-0.003
-0.015
-0.027
-0.034
-0.04
-0.043
-0.043
-0.042
-0.04
-0.04
-0.04
-0.041
-0.04
-0.04
-0.039
-0.041
-0.006
0.042
0.102
0.174
0.26
0.316
0.321
0.303
0.261
0.195
0.103
0.038
-0.008
-0.041
-0.058
-0.061
-0.05
-0.049
-0.05
-0.051
-0.051
-0.05
-0.05
-0.05
-0.045
-0.039
-0.03
-0.019
-0.006
0.003
0.018
0.034
0.051
0.068
0.087
0.095
0.101
0.104
0.104
0.1
0.093
0.083
0.071
0.059
0.046
0.035
0.018
0
-0.016
-0.031
-0.043
-0.048
-0.052
-0.054
-0.054
-0.053
-0.051
-0.05
-0.05
-0.05
-0.05
-0.049
-0.047
-0.047
-0.046
-0.047
-0.047
-0.046
-0.044
-0.043
-0.043
-0.043
-0.043
-0.043
-0.043
-0.043
-0.042
-0.041
-0.04
-0.041
-0.038
-0.037
-0.037
-0.035
-0.03
-0.023
-0.016
-0.007
0.004
0.013
0.022
0.028
0.033
0.029
0.018
0.004
-0.01
-0.021
-0.03
-0.033
-0.033
-0.032
-0.032
-0.033
-0.033
-0.035
-0.037
-0.039
-0.043
-0.042
0.016
0.085
0.169
0.268
0.37
0.405
0.365
0.297
0.205
0.092
-0.019
-0.063
-0.082
-0.09
-0.083
-0.069
-0.056
-0.055
-0.054
-0.055
-0.055
-0.054
-0.053
-0.053
-0.04
-0.03
-0.019
-0.005
0.011
0.016
0.035
0.05
0.063
0.077
0.09
0.089
0.091
0.09
0.088
0.086
0.085
0.082
0.067
0.052
0.033
0.013
-0.007
-0.015
-0.031
-0.045
-0.055
-0.062
-0.069
-0.068
-0.067
-0.067
-0.067
-0.067
-0.067
-0.066
-0.064
-0.065
-0.066
-0.066
-0.065
-0.064
-0.062
-0.061
-0.061
-0.06
-0.057
-0.056
-0.056
-0.057
-0.059
-0.06
-0.059
-0.058
-0.058
-0.057
-0.056
-0.056
-0.056
-0.055
-0.047
-0.043
-0.036
-0.025
-0.011
-0.006
0.001
0.006
0.008
0.007
0.005
0.002
-0.011
-0.022
-0.033
-0.044
-0.053
-0.053
-0.055
-0.055
-0.055
-0.054
-0.054
-0.054
-0.06
-0.059
-0.047
-0.023
0.011
0.063
0.166
0.254
0.317
0.354
0.364
0.303
0.185
0.085
0.005
-0.057
-0.105
-0.09
-0.079
-0.072
-0.068
-0.066
-0.066
-0.065
-0.065
-0.065
-0.062
-0.058
-0.053
-0.046
-0.032
-0.016
0.002
0.021
0.047
0.063
0.077
0.087
0.094
0.092
