-0.015
-0.027
-0.037
-0.044
-0.047
-0.051
-0.055
-0.055
-0.053
-0.052
-0.049
-0.051
-0.052
-0.053
-0.052
-0.052
-0.024
0.012
0.059
0.12
0.195
0.252
0.283
0.286
0.263
0.219
0.153
0.086
0.029
-0.017
-0.051
-0.067
-0.067
-0.065
-0.062
-0.063
-0.065
-0.063
-0.058
-0.058
-0.051
-0.046
-0.039
-0.026
-0.008
0.002
0.022
0.036
0.049
0.068
0.091
0.097
0.106
0.107
0.106
0.108
0.114
0.111
0.108
0.096
0.082
0.071
0.062
0.049
0.032
0.009
-0.014
-0.032
-0.045
-0.053
-0.055
-0.055
-0.056
-0.06
-0.06
-0.058
-0.062
-0.067
-0.066
-0.059
-0.055
-0.053
-0.05
-0.051
-0.054
-0.053
-0.049
-0.049
-0.046
-0.043
-0.044
-0.047
-0.049
-0.049
-0.051
-0.054
-0.052
-0.043
-0.029
-0.017
-0.002
0.012
0.022
0.022
0.016
0.004
-0.012
-0.026
-0.035
-0.04
-0.039
-0.04
-0.043
-0.044
-0.043
-0.043
-0.042
-0.042
-0.044
-0.045
-0.046
-0.049
0.002
0.061
0.074
0.104
0.102
0.054
-0.013
-0.038
-0.065
-0.058
-0.062
-0.053
-0.043
-0.045
-0.043
-0.039
-0.039
-0.037
-0.027
-0.018
-0.01
0.001
0.016
0.024
0.041
0.059
0.074
0.087
0.1
0.103
0.104
0.107
0.106
0.104
0.089
0.081
0.064
0.049
0.034
0.031
0.01
-0.005
-0.017
-0.029
-0.041
-0.04
-0.04
-0.041
-0.045
-0.046
-0.044
-0.039
-0.04
-0.037
-0.036
-0.039
-0.041
-0.037
-0.04
-0.04
-0.037
-0.036
-0.037
-0.035
-0.035
-0.037
-0.037
-0.036
-0.033
-0.031
-0.031
-0.032
-0.034
-0.033
-0.031
-0.03
-0.024
-0.018
-0.011
0.001
0.015
0.022
0.028
0.028
0.027
0.024
0.022
0.015
0.004
-0.008
-0.019
-0.027
-0.031
-0.032
-0.032
-0.035
-0.037
-0.036
-0.034
-0.033
-0.034
-0.04
-0.041
-0.028
-0.003
0.034
0.129
0.225
0.304
0.36
0.394
0.355
0.246
0.135
0.041
-0.035
-0.091
-0.082
-0.069
-0.061
-0.056
-0.054
-0.051
-0.05
-0.049
-0.05
-0.036
-0.026
