-0.019
-0.006
0.008
0.019
0.027
0.028
0.024
0.018
0.011
0
-0.014
-0.022
-0.03
-0.036
-0.039
-0.04
-0.042
-0.042
-0.042
-0.04
-0.038
-0.038
-0.038
-0.038
-0.019
0.013
0.057
0.111
0.176
0.234
0.275
0.293
0.286
0.252
0.192
0.124
0.056
0.006
-0.028
-0.051
-0.061
-0.057
-0.058
-0.058
-0.057
-0.057
-0.058
-0.057
-0.056
-0.051
-0.044
-0.037
-0.029
-0.02
-0.004
0.013
0.031
0.048
0.063
0.069
0.076
0.081
0.086
0.087
0.087
0.085
0.08
0.074
0.067
0.057
0.044
0.033
0.014
-0.003
-0.018
-0.035
-0.052
-0.06
-0.067
-0.071
-0.071
-0.07
-0.069
-0.069
-0.069
-0.068
-0.067
-0.067
-0.067
-0.066
-0.067
-0.066
-0.065
-0.063
-0.063
-0.062
-0.061
-0.06
-0.059
-0.059
-0.059
-0.06
-0.06
-0.059
-0.057
-0.056
-0.055
-0.054
-0.054
-0.054
-0.052
-0.048
-0.043
-0.036
-0.023
-0.011
0.001
0.01
0.016
0.015
0.007
-0.003
-0.014
-0.026
-0.038
-0.044
-0.049
-0.05
-0.05
-0.049
-0.05
-0.049
-0.049
-0.049
-0.047
-0.045
-0.046
-0.05
0.015
0.091
0.178
0.279
0.386
0.406
0.376
0.324
0.245
0.151
0.055
-0.009
-0.049
-0.074
-0.085
-0.081
-0.068
-0.067
-0.066
-0.065
-0.063
-0.062
-0.061
-0.06
-0.054
-0.046
-0.035
-0.023
-0.01
-0.003
0.013
0.029
0.047
0.063
0.078
0.083
0.086
0.089
0.091
0.091
0.09
0.087
0.076
0.066
0.055
0.043
0.028
0.018
-0
-0.017
-0.031
-0.044
-0.056
-0.061
-0.062
-0.062
-0.063
-0.062
-0.061
-0.061
-0.06
-0.058
-0.055
-0.054
-0.055
-0.055
-0.054
-0.053
-0.051
-0.049
-0.048
-0.048
-0.047
-0.046
-0.045
-0.044
-0.044
-0.045
-0.044
-0.044
-0.043
-0.04
-0.039
-0.04
-0.033
-0.029
-0.023
-0.015
-0.007
-0.004
0.006
0.013
0.02
0.025
0.028
0.023
0.01
-0.003
-0.016
-0.027
-0.037
-0.038
-0.037
-0.037
-0.036
-0.034
-0.033
-0.034
-0.035
-0.036
-0.037
-0.041
-0.044
-0.038
0.053
0.13
0.223
0.327
0.42
0.414
0.334
0.23
0.115
0.004
-0.09
-0.089
-0.075
-0.062
-0.052
-0.046
-0.045
-0.046
-0.046
-0.046
-0.047
-0.047
-0.044
-0.04
-0.026
-0.011
0.005
0.021
0.037
0.046
0.061
0.076
0.087
0.094
0.1
0.101
0.102
0.102
0.101
0.098
0.091
0.086
0.07
0.055
0.038
0.019
0
-0.009
-0.023
-0.034
-0.043
-0.052
-0.059
-0.059
-0.058
-0.057
-0.055
-0.056
-0.056
-0.056
-0.056
-0.055
-0.053
-0.053
-0.054
-0.053
-0.053
-0.052
-0.051
-0.051
-0.052
-0.052
-0.053
-0.054
-0.053
-0.052
-0.052
-0.051
-0.05
-0.05
-0.051
-0.05
-0.043
-0.032
-0.019
-0.006
0.007
0.014
0.014
0.014
0.011
0.004
-0.005
-0.013
-0.024
-0.032
-0.038
-0.044
-0.049
-0.049
-0.054
-0.048
-0.031
-0.003
0.036
0.093
0.188
0.261
0.309
0.33
0.325
0.258
0.153
0.066
-0.002
-0.055
-0.095
-0.083
-0.075
-0.07
-0.068
-0.068
-0.069
-0.069
-0.067
-0.065
-0.063
-0.058
-0.052
-0.046
-0.026
-0.008
0.01
0.027
0.043
0.048
0.059
0.069
0.077
0.083
0.085
0.085
0.081
0.079
0.076
0.07
0.061
0.053
0.035
0.017
0.001
-0.016
-0.034
-0.043
-0.053
-0.06
-0.066
-0.07
-0.072
-0.071
-0.071
-0.07
-0.068
-0.067
-0.067
-0.066
-0.066
-0.065
-0.064
-0.062
-0.061
-0.059
-0.059
-0.059
-0.058
-0.059
-0.06
-0.06
-0.06
-0.059
-0.057
-0.055
-0.055
-0.055
-0.056
-0.055
-0.054
-0.053
-0.05
-0.047
-0.035
-0.021
-0.007
0.006
0.017
0.019
0.015
0.01
0.003
-0.007
-0.018
-0.027
-0.036
-0.041
-0.044
-0.045
-0.046
-0.046
-0.046
-0.047
-0.046
-0.045
-0.044
-0.042
-0.026
0.004
0.045
0.096
0.157
0.214
0.261
0.285
0.286
0.261
0.21
0.142
0.069
0.013
-0.026
-0.052
-0.066
-0.062
-0.061
-0.061
-0.059
-0.057
-0.055
-0.054
-0.054
-0.05
-0.043
-0.035
-0.025
-0.015
0.002
0.02
0.038
0.056
