-0.049
-0.06
-0.068
-0.073
-0.075
-0.076
-0.077
-0.077
-0.076
-0.076
-0.076
-0.075
-0.073
-0.072
-0.071
-0.07
-0.072
-0.072
-0.073
-0.072
-0.073
-0.077
-0.086
-0.077
-0.047
0.01
0.098
0.205
0.314
0.425
0.541
0.655
0.75
0.803
0.809
0.763
0.667
0.541
0.411
0.278
0.14
0.006
-0.098
-0.168
-0.205
-0.208
-0.186
-0.16
-0.142
-0.13
-0.126
-0.123
-0.122
-0.121
-0.119
-0.117
-0.115
-0.112
-0.11
-0.11
-0.109
-0.109
-0.109
-0.108
-0.104
-0.097
-0.085
-0.07
-0.052
-0.033
-0.014
0.005
0.022
0.038
0.056
0.075
0.098
0.118
0.136
0.152
0.165
0.172
0.177
0.181
0.194
0.197
0.199
0.2
0.199
0.185
0.181
0.175
0.169
0.163
0.156
0.145
0.133
0.118
0.101
0.08
0.058
0.036
0.016
-0.002
-0.019
-0.037
-0.055
-0.072
-0.089
-0.104
-0.109
-0.119
-0.123
-0.123
-0.121
-0.126
-0.124
-0.121
-0.12
-0.119
-0.117
-0.116
-0.114
-0.113
-0.112
-0.111
-0.11
-0.109
-0.107
-0.105
-0.103
-0.102
-0.101
-0.101
-0.101
-0.101
-0.1
-0.1
-0.099
-0.098
-0.089
-0.088
-0.087
-0.084
-0.083
-0.088
-0.087
-0.085
-0.085
-0.085
-0.084
-0.083
-0.082
-0.082
-0.082
-0.081
-0.082
-0.082
-0.081
-0.079
-0.078
-0.077
-0.076
-0.076
-0.076
-0.074
-0.07
-0.064
-0.054
-0.04
-0.023
-0.005
0.011
0.026
0.039
0.049
0.057
0.061
0.063
0.062
0.059
0.054
0.045
0.033
0.02
0.005
-0.013
-0.029
-0.042
-0.053
-0.06
-0.066
-0.068
-0.068
-0.07
-0.071
-0.07
-0.069
-0.068
-0.067
-0.067
-0.067
-0.067
-0.066
-0.06
-0.059
-0.059
-0.058
-0.059
-0.07
-0.079
-0.071
-0.041
0.012
0.095
0.208
0.329
0.442
0.55
0.658
0.755
0.812
0.818
0.774
0.682
0.548
0.406
0.273
0.145
0.019
-0.088
-0.163
-0.201
-0.205
-0.181
-0.154
-0.135
-0.124
-0.12
-0.118
-0.117
-0.116
-0.115
-0.116
-0.115
-0.114
-0.112
-0.112
-0.11
-0.109
