0.004
-0.008
-0.021
-0.034
-0.045
-0.048
-0.048
-0.049
-0.049
-0.049
-0.047
-0.045
-0.043
-0.043
-0.045
-0.049
-0.054
-0.053
0.006
0.076
0.158
0.256
0.359
0.397
0.36
0.297
0.206
0.091
-0.023
-0.066
-0.083
-0.089
-0.082
-0.069
-0.058
-0.058
-0.057
-0.056
-0.057
-0.057
-0.056
-0.054
-0.044
-0.034
-0.023
-0.012
0.004
0.013
0.033
0.05
0.064
0.077
0.09
0.091
0.092
0.093
0.094
0.091
0.076
0.064
0.049
0.032
0.016
0.013
-0.005
-0.02
-0.035
-0.048
-0.059
-0.057
-0.057
-0.055
-0.054
-0.054
-0.052
-0.05
-0.051
-0.05
-0.05
-0.05
-0.049
-0.046
-0.043
-0.04
-0.042
-0.043
-0.043
-0.044
-0.043
-0.041
-0.041
-0.042
-0.041
-0.041
-0.039
-0.037
-0.037
-0.037
-0.037
-0.036
-0.021
-0.006
0.006
0.016
0.026
0.02
0.01
-0
-0.009
-0.02
-0.031
-0.035
-0.035
-0.035
-0.033
-0.033
-0.037
-0.039
-0.029
-0.007
0.076
0.174
0.274
0.358
0.42
0.41
0.324
0.216
0.102
0.001
-0.082
-0.092
-0.085
-0.07
-0.059
-0.054
-0.052
-0.052
-0.05
-0.048
-0.046
-0.047
-0.047
-0.044
-0.032
-0.016
-0.001
0.013
0.029
0.038
0.054
0.07
0.082
0.09
0.097
0.099
0.099
0.099
0.097
0.091
0.086
0.082
0.069
0.056
0.041
0.022
0.003
-0.007
-0.02
-0.031
-0.041
-0.051
-0.059
-0.059
-0.058
-0.056
-0.054
-0.055
-0.055
-0.054
-0.053
-0.052
-0.052
-0.054
-0.056
-0.057
-0.057
-0.055
-0.054
-0.056
-0.056
-0.055
-0.054
-0.052
-0.05
-0.051
-0.052
-0.053
-0.051
-0.049
-0.047
-0.048
-0.049
-0.049
-0.042
-0.032
-0.02
-0.009
0.003
0.009
0.013
0.015
0.015
0.008
0.001
-0.007
-0.018
-0.027
-0.035
-0.043
-0.051
-0.052
-0.052
-0.051
-0.049
-0.049
-0.049
-0.048
-0.052
-0.051
-0.04
-0.02
0.011
0.062
0.166
0.256
0.32
0.358
0.369
0.31
0.195
0.097
0.016
-0.05
-0.102
-0.089
-0.077
-0.069
-0.064
-0.063
