0.164
0.156
0.147
0.136
0.123
0.107
0.088
0.066
0.045
0.025
0.005
-0.014
-0.033
-0.05
-0.067
-0.084
-0.101
-0.116
-0.128
-0.135
-0.138
-0.137
-0.136
-0.134
-0.132
-0.132
-0.132
-0.13
-0.136
-0.136
-0.135
-0.133
-0.132
-0.125
-0.124
-0.122
-0.121
-0.119
-0.117
-0.116
-0.115
-0.115
-0.114
-0.113
-0.113
-0.112
-0.11
-0.108
-0.107
-0.105
-0.104
-0.103
-0.103
-0.102
-0.1
-0.1
-0.099
-0.099
-0.104
-0.103
-0.103
-0.1
-0.098
-0.091
-0.09
-0.089
-0.09
-0.09
-0.09
-0.089
-0.089
-0.088
-0.087
-0.086
-0.083
-0.075
-0.049
-0.034
-0.018
-0.001
0.016
0.016
0.029
0.039
0.047
0.051
0.052
0.052
0.037
0.031
0.021
0.009
-0.005
-0.009
-0.026
-0.042
-0.056
-0.068
-0.076
-0.08
-0.081
-0.083
-0.082
-0.082
-0.082
-0.081
-0.079
-0.079
-0.079
-0.078
-0.077
-0.077
-0.078
-0.077
-0.076
-0.076
-0.077
-0.085
-0.092
-0.079
-0.043
0.02
0.117
0.232
0.343
0.453
0.565
0.679
0.769
0.81
0.802
0.744
0.635
0.501
0.371
0.241
0.107
-0.026
-0.127
-0.189
-0.216
-0.211
-0.183
-0.158
-0.14
-0.131
-0.128
-0.127
-0.127
-0.127
-0.127
-0.126
-0.124
-0.123
-0.121
-0.12
-0.118
-0.117
-0.116
-0.114
-0.109
-0.101
-0.088
-0.072
-0.055
-0.038
-0.02
-0.002
0.016
0.033
0.063
0.082
0.102
0.121
0.139
0.141
0.152
0.162
0.168
0.172
0.173
0.175
0.176
0.175
0.173
0.17
0.167
0.16
0.155
0.149
0.142
0.132
0.119
0.103
0.085
0.064
0.043
0.021
0.001
-0.017
-0.034
-0.05
-0.068
-0.087
-0.113
-0.128
-0.139
-0.147
-0.149
-0.139
-0.138
-0.136
-0.135
-0.133
-0.131
-0.129
-0.127
-0.126
-0.126
-0.125
-0.123
-0.122
-0.119
-0.116
-0.115
-0.115
-0.115
-0.114
-0.113
-0.113
-0.112
-0.11
-0.11
-0.109
-0.108
-0.107
-0.106
-0.104
-0.103
-0.101
-0.1
-0.098
-0.096
-0.095
-0.094
-0.092
-0.084
-0.083
-0.082
-0.081
