-0.082
-0.082
-0.081
-0.081
-0.077
-0.075
-0.074
-0.074
-0.073
-0.075
-0.073
-0.066
-0.056
-0.042
-0.024
-0.005
0.011
0.025
0.038
0.048
0.055
0.059
0.061
0.061
0.057
0.051
0.042
0.031
0.017
0.001
-0.015
-0.031
-0.045
-0.057
-0.065
-0.07
-0.072
-0.073
-0.073
-0.074
-0.073
-0.072
-0.071
-0.07
-0.07
-0.07
-0.07
-0.07
-0.071
-0.07
-0.069
-0.069
-0.078
-0.083
-0.092
-0.084
-0.053
0.01
0.094
0.208
0.325
0.436
0.544
0.654
0.754
0.809
0.814
0.77
0.634
0.499
0.361
0.23
0.102
0.017
-0.093
-0.166
-0.204
-0.207
-0.184
-0.157
-0.138
-0.128
-0.125
-0.123
-0.123
-0.122
-0.12
-0.119
-0.118
-0.117
-0.115
-0.115
-0.114
-0.113
-0.112
-0.11
-0.106
-0.099
-0.075
-0.061
-0.044
-0.025
-0.007
-0.004
0.014
0.032
0.05
0.068
0.088
0.11
0.129
0.143
0.154
0.163
0.169
0.172
0.174
0.177
0.178
0.178
0.177
0.175
0.17
0.164
0.158
0.152
0.144
0.135
0.123
0.107
0.089
0.069
0.049
0.028
0.007
-0.012
-0.029
-0.046
-0.063
-0.082
-0.1
-0.116
-0.128
-0.135
-0.14
-0.141
-0.14
-0.139
-0.138
-0.137
-0.135
-0.135
-0.134
-0.133
-0.13
-0.129
-0.128
-0.126
-0.124
-0.123
-0.122
-0.121
-0.124
-0.124
-0.123
-0.122
-0.12
-0.115
-0.114
-0.112
-0.111
-0.111
-0.11
-0.109
-0.108
-0.107
-0.106
-0.104
-0.104
-0.102
-0.101
-0.101
-0.1
-0.099
-0.098
-0.097
-0.097
-0.096
-0.094
-0.094
-0.093
-0.092
-0.091
-0.09
-0.089
-0.087
-0.086
-0.084
-0.081
-0.074
-0.058
-0.046
-0.031
-0.014
0.003
0.013
0.026
0.036
0.044
0.048
0.05
0.049
0.046
0.039
0.029
0.017
0.003
-0.011
-0.025
-0.041
-0.055
-0.066
-0.074
-0.08
-0.083
-0.083
-0.082
-0.082
-0.081
-0.079
-0.077
-0.076
-0.076
-0.075
-0.074
-0.075
-0.074
-0.073
-0.073
-0.072
-0.071
-0.077
-0.086
-0.077
-0.043
0.014
0.098
0.205
0.318
0.435
