0.021
0.035
0.045
0.052
0.056
0.058
0.058
0.056
0.05
0.041
0.029
0.014
-0.002
-0.018
-0.034
-0.047
-0.058
-0.065
-0.069
-0.07
-0.071
-0.07
-0.069
-0.069
-0.068
-0.067
-0.067
-0.067
-0.066
-0.066
-0.066
-0.065
-0.064
-0.063
-0.063
-0.063
-0.071
-0.078
-0.066
-0.03
0.033
0.125
0.236
0.347
0.519
0.635
0.749
0.84
0.883
0.811
0.754
0.648
0.517
0.386
0.255
0.117
-0.016
-0.115
-0.177
-0.207
-0.203
-0.175
-0.15
-0.133
-0.124
-0.121
-0.12
-0.12
-0.119
-0.117
-0.115
-0.113
-0.111
-0.11
-0.107
-0.106
-0.106
-0.105
-0.103
-0.098
-0.09
-0.078
-0.062
-0.045
-0.028
-0.01
0.008
0.025
0.043
0.062
0.082
0.102
0.122
0.138
0.151
0.163
0.174
0.179
0.184
0.186
0.188
0.189
0.188
0.185
0.183
0.179
0.172
0.166
0.151
0.144
0.133
0.121
0.105
0.096
0.075
0.053
0.031
0.01
-0.008
-0.024
-0.041
-0.058
-0.074
-0.09
-0.104
-0.116
-0.123
-0.128
-0.128
-0.127
-0.126
-0.124
-0.122
-0.12
-0.118
-0.116
-0.115
-0.115
-0.122
-0.121
-0.12
-0.118
-0.116
-0.108
-0.107
-0.105
-0.104
-0.103
-0.102
-0.1
-0.098
-0.096
-0.094
-0.093
-0.092
-0.091
-0.091
-0.091
-0.091
-0.09
-0.089
-0.089
-0.089
-0.088
-0.086
-0.086
-0.086
-0.085
-0.085
-0.085
-0.084
-0.083
-0.081
-0.08
-0.078
-0.078
-0.076
-0.076
-0.076
-0.075
-0.074
-0.07
-0.063
-0.052
-0.039
-0.022
-0.004
0.013
0.027
0.038
0.048
0.056
0.06
0.061
0.061
0.056
0.048
0.038
0.026
0.012
-0.004
-0.023
-0.045
-0.058
-0.067
-0.074
-0.077
-0.071
-0.071
-0.071
-0.07
-0.07
-0.07
-0.07
-0.071
-0.072
-0.072
-0.072
-0.071
-0.071
-0.069
-0.069
-0.068
-0.07
-0.076
-0.082
-0.069
-0.033
0.025
0.112
0.225
0.345
0.46
0.568
0.674
0.764
0.81
0.804
0.75
0.65
0.516
0.372
0.236
0.107
-0.017
-0.117
-0.185
-0.215
-0.21
-0.184
