-0.102
-0.1
-0.099
-0.098
-0.098
-0.096
-0.095
-0.094
-0.094
-0.093
-0.093
-0.092
-0.092
-0.091
-0.09
-0.09
-0.09
-0.089
-0.089
-0.088
-0.086
-0.085
-0.085
-0.085
-0.085
-0.081
-0.074
-0.063
-0.049
-0.033
-0.016
0.002
0.018
0.03
0.04
0.048
0.052
0.053
0.052
0.05
0.044
0.035
0.024
0.01
-0.004
-0.021
-0.038
-0.053
-0.064
-0.073
-0.077
-0.079
-0.081
-0.082
-0.083
-0.083
-0.082
-0.082
-0.08
-0.08
-0.08
-0.08
-0.079
-0.079
-0.078
-0.076
-0.075
-0.075
-0.081
-0.09
-0.08
-0.048
0.011
0.096
0.202
0.313
0.428
0.546
0.657
0.749
0.799
0.8
0.751
0.656
0.531
0.4
0.263
0.123
-0.006
-0.107
-0.175
-0.211
-0.213
-0.189
-0.164
-0.147
-0.136
-0.132
-0.131
-0.131
-0.129
-0.129
-0.128
-0.126
-0.125
-0.124
-0.123
-0.122
-0.121
-0.12
-0.118
-0.114
-0.106
-0.095
-0.08
-0.062
-0.043
-0.024
-0.005
0.011
0.026
0.046
0.066
0.085
0.103
0.121
0.136
0.148
0.157
0.163
0.176
0.178
0.18
0.182
0.183
0.172
0.169
0.166
0.16
0.155
0.149
0.141
0.13
0.117
0.102
0.084
0.063
0.042
0.022
0.003
-0.015
-0.032
-0.049
-0.066
-0.084
-0.101
-0.116
-0.129
-0.137
-0.141
-0.14
-0.14
-0.139
-0.137
-0.136
-0.135
-0.134
-0.132
-0.131
-0.129
-0.128
-0.126
-0.125
-0.125
-0.124
-0.122
-0.121
-0.118
-0.116
-0.115
-0.114
-0.114
-0.113
-0.113
-0.112
-0.111
-0.109
-0.107
-0.106
-0.105
-0.104
-0.103
-0.103
-0.102
-0.1
-0.098
-0.097
-0.096
-0.095
-0.095
-0.095
-0.094
-0.093
-0.091
-0.09
-0.088
-0.088
-0.088
-0.087
-0.086
-0.087
-0.086
-0.085
-0.082
-0.075
-0.064
-0.05
-0.033
-0.015
0.002
0.017
0.031
0.042
0.05
0.055
0.056
0.055
0.052
0.047
0.037
0.025
0.011
-0.005
-0.022
-0.037
-0.05
-0.061
-0.07
-0.074
-0.075
-0.076
-0.076
-0.076
-0.076
-0.075
-0.075
-0.074
-0.073
-0.072
-0.071
