-0.05
-0.051
-0.05
-0.045
-0.039
-0.034
-0.027
-0.019
-0.004
0.014
0.031
0.047
0.063
0.073
0.082
0.091
0.098
0.101
0.102
0.101
0.098
0.093
0.088
0.079
0.067
0.056
0.039
0.023
0.007
-0.009
-0.026
-0.035
-0.044
-0.052
-0.055
-0.057
-0.056
-0.055
-0.053
-0.05
-0.05
-0.053
-0.054
-0.053
-0.054
-0.053
-0.051
-0.05
-0.051
-0.05
-0.049
-0.047
-0.045
-0.044
-0.044
-0.044
-0.044
-0.043
-0.041
-0.041
-0.042
-0.042
-0.042
-0.04
-0.037
-0.035
-0.033
-0.028
-0.016
-0.002
0.011
0.022
0.022
0.016
0.006
-0.007
-0.021
-0.026
-0.032
-0.035
-0.036
-0.036
-0.036
-0.036
-0.037
-0.038
-0.038
-0.039
-0.042
-0.046
0.005
0.046
0.098
0.161
0.236
0.269
0.268
0.269
0.246
0.197
0.12
0.079
0.023
-0.019
-0.046
-0.06
-0.062
-0.062
-0.061
-0.061
-0.06
-0.059
-0.056
-0.056
-0.048
-0.04
-0.031
-0.024
-0.015
-0.01
0.01
0.027
0.045
0.062
0.076
0.077
0.082
0.087
0.092
0.094
0.093
0.09
0.078
0.07
0.061
0.052
0.035
0.026
0.005
-0.012
-0.028
-0.042
-0.057
-0.061
-0.065
-0.068
-0.067
-0.066
-0.067
-0.068
-0.068
-0.068
-0.067
-0.065
-0.065
-0.065
-0.065
-0.064
-0.062
-0.06
-0.061
-0.062
-0.062
-0.062
-0.062
-0.062
-0.06
-0.06
-0.059
-0.058
-0.058
-0.059
-0.059
-0.059
-0.054
-0.047
-0.041
-0.035
-0.025
-0.016
-0.005
0.004
0.008
0.009
0.008
0.004
-0.007
-0.017
-0.028
-0.04
-0.05
-0.051
-0.051
-0.05
-0.051
-0.053
-0.053
-0.052
-0.052
-0.05
-0.053
-0.058
-0.054
-0.038
0.037
0.126
0.225
0.321
0.398
0.402
0.33
0.234
0.118
0.007
-0.086
-0.106
-0.106
-0.092
-0.078
-0.069
-0.063
-0.062
-0.06
-0.057
-0.042
-0.029
-0.017
-0.003
0.014
0.022
0.039
0.055
0.069
0.078
0.087
0.088
0.086
0.087
0.088
0.085
0.081
0.079
0.061
0.047
0.031
0.012
-0.006
-0.009
-0.024
-0.036
-0.047
-0.058
-0.068
-0.065
-0.066
-0.064
-0.064
-0.064
-0.066
-0.063
-0.063
-0.061
-0.06
-0.06
-0.06
-0.057
-0.057
-0.054
-0.053
-0.053
-0.054
-0.051
-0.052
-0.05
-0.048
-0.048
-0.047
-0.045
-0.043
-0.041
-0.04
-0.041
-0.042
-0.042
-0.035
-0.024
-0.008
0.006
0.018
0.018
0.017
0.01
-0.003
-0.013
-0.021
-0.03
-0.037
-0.037
-0.037
-0.035
-0.033
-0.034
-0.034
-0.034
-0.037
-0.041
-0.036
-0.023
0.001
0.042
0.143
0.243
0.322
0.374
0.402
0.357
0.24
0.133
0.042
-0.034
-0.093
-0.081
-0.067
-0.056
-0.049
-0.048
-0.049
-0.048
-0.047
-0.046
-0.043
-0.041
-0.039
-0.033
-0.018
-0.001
0.016
0.032
0.047
0.056
0.069
0.083
0.093
0.1
0.105
0.105
0.103
0.103
0.102
0.096
0.088
0.082
0.065
0.048
0.031
0.012
-0.007
-0.016
-0.028
-0.036
-0.042
-0.049
-0.054
-0.054
-0.054
-0.053
-0.05
-0.05
-0.051
-0.051
-0.052
-0.051
-0.05
-0.051
-0.051
-0.051
-0.051
-0.049
-0.047
-0.048
-0.049
-0.048
-0.049
-0.047
-0.045
-0.045
-0.047
-0.048
-0.049
-0.048
-0.047
-0.046
-0.047
-0.045
-0.035
-0.023
-0.009
0.004
0.015
0.018
0.017
0.016
0.012
0.006
-0.004
-0.012
-0.024
-0.032
-0.038
-0.044
-0.048
-0.047
-0.047
-0.046
-0.043
-0.042
-0.043
-0.043
-0.042
-0.029
-0.003
0.034
0.08
0.138
0.22
0.277
0.309
0.314
0.269
0.199
0.102
0.025
-0.032
-0.051
-0.083
-0.073
-0.067
-0.064
-0.063
-0.062
-0.059
-0.057
-0.055
-0.052
-0.047
-0.042
-0.026
-0.008
0.011
0.029
0.046
0.056
0.066
0.075
0.084
0.089
0.09
0.089
0.083
0.079
0.075
0.067
0.054
0.047
0.026
0.01
-0.006
-0.021
-0.04
-0.046
-0.056
-0.062
-0.065
-0.065
-0.068
-0.069
-0.067
-0.066
-0.066
-0.064
-0.063
-0.065
-0.065
-0.063
-0.062
-0.061
-0.062
-0.062
-0.062
-0.063
-0.062
-0.061
-0.062
-0.062
-0.061
-0.059
-0.057
-0.055
-0.054
-0.055
