0.068
0.076
0.083
0.091
0.097
0.098
0.098
0.097
0.092
0.089
0.084
0.075
0.063
0.054
0.036
0.019
0.002
-0.017
-0.034
-0.042
-0.05
-0.054
-0.055
-0.057
-0.059
-0.057
-0.056
-0.055
-0.053
-0.053
-0.054
-0.054
-0.054
-0.052
-0.05
-0.05
-0.051
-0.05
-0.05
-0.048
-0.047
-0.047
-0.048
-0.048
-0.048
-0.047
-0.046
-0.046
-0.048
-0.048
-0.048
-0.046
-0.043
-0.041
-0.038
-0.031
-0.019
-0.004
0.01
0.02
0.026
0.026
0.018
0.01
0
-0.013
-0.027
-0.033
-0.04
-0.043
-0.043
-0.044
-0.046
-0.045
-0.045
-0.044
-0.042
-0.042
-0.044
-0.046
-0.013
0.033
0.091
0.16
0.241
0.298
0.282
0.269
0.231
0.167
0.076
0.036
-0.012
-0.044
-0.063
-0.069
-0.063
-0.062
-0.063
-0.061
-0.059
-0.059
-0.06
-0.06
-0.052
-0.044
-0.035
-0.024
-0.013
-0.009
0.008
0.025
0.043
0.059
0.073
0.078
0.083
0.087
0.09
0.091
0.089
0.086
0.078
0.071
0.062
0.049
0.034
0.022
0.003
-0.014
-0.03
-0.045
-0.06
-0.065
-0.069
-0.069
-0.068
-0.066
-0.066
-0.065
-0.065
-0.066
-0.067
-0.066
-0.067
-0.065
-0.063
-0.061
-0.062
-0.061
-0.063
-0.063
-0.061
-0.059
-0.06
-0.059
-0.06
-0.06
-0.058
-0.056
-0.057
-0.057
-0.058
-0.056
-0.051
-0.044
-0.037
-0.027
-0.016
-0.006
0.003
0.01
0.013
0.01
-0.001
-0.013
-0.024
-0.035
-0.046
-0.049
-0.051
-0.051
-0.049
-0.048
-0.048
-0.048
-0.05
-0.05
-0.049
-0.049
-0.053
-0.054
0.002
0.07
0.153
0.249
0.35
0.389
0.326
0.263
0.169
0.066
-0.034
-0.041
-0.063
-0.062
-0.063
-0.062
-0.062
-0.06
-0.06
-0.06
-0.052
-0.042
-0.03
-0.015
-0
0.009
0.024
0.041
0.058
0.073
0.085
0.087
0.088
0.089
0.09
0.092
0.09
0.087
0.074
0.061
0.048
0.034
0.019
0.01
-0.007
-0.023
-0.037
-0.049
-0.06
-0.063
-0.064
-0.063
-0.061
-0.057
-0.055
-0.055
-0.054
-0.054
-0.056
-0.056
-0.054
-0.053
-0.054
-0.052
-0.049
-0.048
-0.049
-0.049
-0.05
-0.05
-0.05
-0.048
-0.047
-0.046
-0.047
-0.047
-0.045
-0.043
-0.042
-0.041
-0.038
-0.033
-0.025
-0.014
-0.002
0.006
0.014
0.019
0.024
0.026
0.026
0.019
0.007
-0.006
-0.017
-0.025
-0.032
-0.035
-0.034
-0.036
-0.036
-0.035
-0.034
-0.037
-0.039
-0.041
-0.044
-0.044
-0.033
-0.01
0.094
0.188
0.291
0.382
0.449
0.414
0.308
0.197
0.081
-0.018
-0.099
-0.09
-0.083
-0.071
-0.06
-0.052
-0.048
-0.049
-0.047
-0.048
-0.048
-0.047
-0.045
-0.044
-0.029
-0.017
-0.002
0.015
0.033
0.036
0.054
0.067
0.08
0.092
0.102
0.1
0.1
0.098
0.096
0.095
0.092
0.086
0.069
0.051
0.034
0.017
0.002
-0.005
-0.018
-0.03
-0.042
-0.051
-0.057
-0.059
-0.06
-0.059
-0.06
-0.059
-0.057
-0.057
-0.057
-0.057
-0.057
-0.056
-0.055
-0.054
-0.055
-0.053
-0.053
-0.051
-0.049
-0.05
-0.051
-0.05
-0.051
-0.05
-0.048
-0.048
-0.048
-0.045
-0.036
-0.024
-0.011
0.001
0.011
0.015
0.013
0.01
0.007
-0.001
-0.013
-0.022
-0.032
-0.039
-0.043
-0.046
-0.048
-0.047
-0.048
-0.047
-0.046
-0.046
-0.048
-0.047
-0.041
-0.02
0.013
0.056
0.11
0.169
0.236
0.279
0.235
0.177
0.107
0.014
-0.067
-0.067
-0.064
-0.064
-0.063
-0.062
-0.063
-0.062
-0.063
-0.06
-0.054
-0.048
-0.041
-0.03
-0.015
0.002
0.02
0.037
0.052
0.061
0.07
0.077
0.084
0.089
0.091
0.089
0.082
0.078
0.073
0.066
0.055
0.048
0.027
0.01
-0.006
-0.021
-0.039
-0.046
-0.054
-0.059
-0.061
-0.061
-0.061
-0.063
-0.064
-0.064
-0.063
-0.062
-0.062
-0.061
-0.06
-0.059
-0.057
-0.056
-0.055
-0.055
-0.056
-0.056
-0.055
-0.054
-0.054
-0.054
-0.054
-0.053
-0.051
-0.049
-0.049
-0.049
-0.05
-0.05
-0.048
-0.044
-0.04
-0.034
-0.022
-0.01
0.003
0.014
0.022
0.022
0.015
0.006
