-0.02
-0.025
-0.035
-0.045
-0.053
-0.058
-0.061
-0.061
-0.058
-0.058
-0.057
-0.056
-0.054
-0.054
-0.053
-0.054
-0.054
-0.053
-0.051
-0.05
-0.049
-0.049
-0.049
-0.048
-0.047
-0.048
-0.047
-0.044
-0.044
-0.044
-0.043
-0.043
-0.045
-0.044
-0.043
-0.04
-0.037
-0.031
-0.018
-0.003
0.01
0.022
0.031
0.032
0.025
0.017
0.008
-0.002
-0.015
-0.022
-0.029
-0.033
-0.035
-0.035
-0.036
-0.036
-0.036
-0.035
-0.033
-0.031
-0.032
-0.033
-0.002
0.041
0.097
0.164
0.243
0.3
0.314
0.305
0.273
0.216
0.131
0.063
0.012
-0.025
-0.047
-0.055
-0.051
-0.049
-0.051
-0.051
-0.042
-0.034
-0.025
-0.014
0.001
0.005
0.021
0.037
0.054
0.065
0.081
0.087
0.091
0.095
0.097
0.098
0.096
0.094
0.085
0.077
0.068
0.057
0.043
0.032
0.01
-0.008
-0.024
-0.038
-0.053
-0.057
-0.061
-0.062
-0.062
-0.06
-0.06
-0.062
-0.063
-0.062
-0.061
-0.058
-0.056
-0.055
-0.055
-0.055
-0.053
-0.052
-0.051
-0.05
-0.052
-0.052
-0.05
-0.048
-0.048
-0.047
-0.045
-0.046
-0.045
-0.043
-0.043
-0.045
-0.041
-0.039
-0.034
-0.027
-0.013
-0.004
0.008
0.016
0.022
0.02
0.01
-0.002
-0.014
-0.025
-0.036
-0.04
-0.044
-0.045
-0.045
-0.045
-0.045
-0.045
-0.046
-0.047
-0.046
-0.045
-0.048
-0.05
0.003
0.068
0.148
0.241
0.342
0.385
0.351
0.293
0.212
0.107
-0.007
-0.055
-0.08
-0.091
-0.087
-0.073
-0.06
-0.06
-0.061
-0.062
-0.062
-0.062
-0.061
-0.06
-0.052
-0.042
-0.03
-0.015
-0
0.007
0.023
0.038
0.054
0.068
0.081
0.083
0.083
0.082
0.083
0.083
0.082
0.079
0.068
0.055
0.042
0.029
0.015
0.005
-0.013
-0.03
-0.045
-0.058
-0.068
-0.07
-0.07
-0.07
-0.069
-0.068
-0.065
-0.064
-0.064
-0.065
-0.064
-0.063
-0.062
-0.062
-0.062
-0.063
-0.063
-0.062
-0.06
-0.059
-0.058
-0.059
-0.058
-0.057
-0.055
-0.054
-0.054
-0.055
