-0.023
-0.039
-0.051
-0.054
-0.055
-0.057
-0.058
-0.059
-0.058
-0.057
-0.055
-0.056
-0.058
-0.058
-0.056
-0.054
-0.051
-0.051
-0.053
-0.054
-0.051
-0.05
-0.048
-0.048
-0.051
-0.052
-0.051
-0.05
-0.048
-0.048
-0.05
-0.051
-0.048
-0.047
-0.043
-0.04
-0.037
-0.03
-0.02
-0.011
0.002
0.009
0.013
0.016
0.02
0.018
0.009
-0.004
-0.019
-0.033
-0.043
-0.046
-0.045
-0.046
-0.049
-0.05
-0.052
-0.054
-0.054
-0.055
-0.059
-0.054
0.007
0.078
0.162
0.262
0.363
0.394
0.325
0.254
0.155
0.039
-0.069
-0.078
-0.094
-0.096
-0.088
-0.074
-0.063
-0.059
-0.059
-0.058
-0.061
-0.063
-0.061
-0.058
-0.046
-0.035
-0.026
-0.012
0.004
0.012
0.03
0.045
0.057
0.069
0.082
0.084
0.084
0.084
0.081
0.079
0.079
0.078
0.063
0.051
0.034
0.017
0.003
0.002
-0.015
-0.029
-0.045
-0.059
-0.069
-0.065
-0.062
-0.061
-0.06
-0.062
-0.065
-0.066
-0.062
-0.061
-0.057
-0.055
-0.056
-0.058
-0.057
-0.056
-0.054
-0.052
-0.053
-0.055
-0.054
-0.054
-0.051
-0.049
-0.051
-0.053
-0.052
-0.052
-0.044
-0.035
-0.029
-0.022
-0.009
-0.002
0.007
0.015
0.016
0.014
0.013
0.008
-0.001
-0.01
-0.023
-0.036
-0.044
-0.045
-0.042
-0.04
-0.041
-0.043
-0.042
-0.042
-0.04
-0.041
-0.047
-0.048
-0.034
-0.01
0.077
0.175
0.273
0.354
0.414
0.398
0.31
0.198
0.084
-0.014
-0.091
-0.097
-0.085
-0.069
-0.06
-0.056
-0.052
-0.052
-0.049
-0.045
-0.045
-0.047
-0.045
-0.043
-0.031
-0.017
-0.004
0.011
0.027
0.037
0.054
0.07
0.08
0.088
0.097
0.097
0.099
0.1
0.095
0.088
0.084
0.079
0.068
0.055
0.038
0.019
0.002
-0.007
-0.017
-0.026
-0.037
-0.048
-0.054
-0.054
-0.055
-0.053
-0.05
-0.05
-0.051
-0.05
-0.047
-0.047
-0.05
-0.051
-0.047
-0.045
-0.043
-0.039
-0.039
-0.041
-0.041
-0.041
-0.039
-0.036
-0.037
-0.041
-0.043
-0.042
