-0.054
-0.053
-0.052
-0.051
-0.051
-0.053
-0.054
-0.053
-0.052
-0.049
-0.048
-0.049
-0.049
-0.048
-0.047
-0.046
-0.046
-0.048
-0.048
-0.045
-0.032
-0.019
-0.005
0.007
0.018
0.021
0.015
0.012
0.005
-0.005
-0.017
-0.02
-0.029
-0.035
-0.04
-0.045
-0.047
-0.044
-0.046
-0.044
-0.044
-0.045
-0.046
-0.043
-0.033
-0.01
0.022
0.064
0.118
0.176
0.243
0.284
0.3
0.288
0.251
0.18
0.098
0.033
-0.016
-0.053
-0.075
-0.068
-0.064
-0.061
-0.059
-0.06
-0.06
-0.059
-0.058
-0.055
-0.05
-0.046
-0.039
-0.029
-0.01
0.008
0.026
0.041
0.061
0.069
0.077
0.084
0.09
0.089
0.086
0.083
0.077
0.066
0.054
0.044
0.026
0.01
-0.007
-0.026
-0.044
-0.053
-0.06
-0.064
-0.065
-0.068
-0.069
-0.069
-0.069
-0.067
-0.066
-0.066
-0.066
-0.066
-0.065
-0.063
-0.061
-0.061
-0.061
-0.061
-0.061
-0.06
-0.058
-0.059
-0.06
-0.06
-0.059
-0.058
-0.056
-0.057
-0.057
-0.057
-0.056
-0.055
-0.053
-0.052
-0.049
-0.042
-0.028
-0.013
0.001
0.01
0.016
0.016
0.007
0.001
-0.01
-0.021
-0.035
-0.041
-0.049
-0.049
-0.049
-0.047
-0.045
-0.045
-0.046
-0.047
-0.016
0.029
0.084
0.149
0.227
0.284
0.3
0.294
0.263
0.205
0.12
0.052
0.001
-0.035
-0.058
-0.068
-0.065
-0.064
-0.063
-0.061
-0.058
-0.056
-0.056
-0.055
-0.052
-0.046
-0.037
-0.028
-0.017
-0.007
0.011
0.029
0.048
0.064
0.077
0.082
0.085
0.085
0.087
0.088
0.088
0.086
0.083
0.078
0.068
0.055
0.04
0.029
0.011
-0.004
-0.018
-0.033
-0.048
-0.053
-0.058
-0.06
-0.059
-0.058
-0.059
-0.059
-0.058
-0.056
-0.054
-0.053
-0.054
-0.054
-0.054
-0.053
-0.05
-0.049
-0.05
-0.049
-0.05
-0.048
-0.046
-0.045
-0.047
-0.046
-0.046
-0.045
-0.042
-0.04
-0.041
-0.042
-0.039
-0.036
-0.031
-0.025
-0.019
-0.014
-0.002
0.009
0.019
0.026
0.029
0.026
0.013
0.002
