0.059
0.056
0.051
0.043
0.032
0.02
0.006
-0.01
-0.028
-0.043
-0.054
-0.064
-0.07
-0.073
-0.075
-0.076
-0.076
-0.076
-0.075
-0.074
-0.073
-0.072
-0.064
-0.063
-0.063
-0.062
-0.061
-0.069
-0.069
-0.068
-0.072
-0.081
-0.082
-0.06
-0.015
0.054
0.151
0.266
0.385
0.5
0.616
0.719
0.793
0.821
0.797
0.717
0.602
0.466
0.324
0.189
0.06
-0.054
-0.117
-0.171
-0.19
-0.175
-0.149
-0.151
-0.136
-0.13
-0.128
-0.127
-0.126
-0.125
-0.124
-0.124
-0.123
-0.123
-0.122
-0.121
-0.119
-0.118
-0.117
-0.114
-0.109
-0.1
-0.088
-0.071
-0.052
-0.033
-0.015
0.001
0.018
0.038
0.057
0.076
0.095
0.114
0.132
0.146
0.156
0.163
0.167
0.169
0.171
0.173
0.173
0.173
0.171
0.167
0.163
0.158
0.153
0.146
0.137
0.125
0.111
0.094
0.073
0.051
0.031
0.012
-0.008
-0.027
-0.045
-0.061
-0.085
-0.102
-0.119
-0.132
-0.141
-0.139
-0.141
-0.14
-0.139
-0.138
-0.136
-0.135
-0.135
-0.134
-0.132
-0.131
-0.131
-0.13
-0.131
-0.131
-0.131
-0.13
-0.13
-0.127
-0.127
-0.127
-0.125
-0.123
-0.122
-0.12
-0.12
-0.119
-0.118
-0.117
-0.116
-0.112
-0.111
-0.109
-0.107
-0.105
-0.104
-0.103
-0.102
-0.102
-0.101
-0.101
-0.1
-0.098
-0.097
-0.096
-0.095
-0.094
-0.092
-0.091
-0.091
-0.09
-0.089
-0.089
-0.089
-0.087
-0.081
-0.072
-0.059
-0.044
-0.027
-0.01
0.005
0.021
0.034
0.044
0.049
0.052
0.053
0.049
0.044
0.036
0.026
0.012
-0.002
-0.017
-0.033
-0.048
-0.061
-0.071
-0.077
-0.08
-0.08
-0.081
-0.081
-0.081
-0.079
-0.079
-0.078
-0.077
-0.084
-0.083
-0.083
-0.081
-0.081
-0.072
-0.071
-0.071
-0.076
-0.086
-0.086
-0.064
-0.018
0.058
0.164
0.276
0.385
0.495
0.61
0.72
0.793
0.816
0.791
0.713
0.589
0.456
0.327
0.197
0.061
-0.061
-0.145
-0.194
-0.211
-0.195
-0.167
-0.147
-0.134
-0.127
-0.125
-0.123
