-0.046
-0.046
-0.045
-0.044
-0.045
-0.044
-0.044
-0.041
-0.039
-0.038
-0.04
-0.04
-0.031
-0.022
-0.011
0.001
0.012
0.016
0.018
0.021
0.022
0.019
0.011
0.006
-0.006
-0.016
-0.024
-0.031
-0.038
-0.038
-0.038
-0.038
-0.038
-0.036
-0.034
-0.033
-0.028
-0.031
-0.027
-0.014
0.011
0.046
0.14
0.211
0.259
0.284
0.284
0.216
0.13
0.059
0.002
-0.042
-0.072
-0.064
-0.057
-0.054
-0.053
-0.05
-0.047
-0.042
-0.034
-0.025
-0.006
0.011
0.026
0.042
0.059
0.067
0.078
0.085
0.088
0.09
0.094
0.093
0.091
0.087
0.08
0.07
0.061
0.052
0.035
0.019
-0
-0.019
-0.035
-0.043
-0.049
-0.054
-0.06
-0.064
-0.067
-0.067
-0.067
-0.065
-0.063
-0.061
-0.06
-0.058
-0.059
-0.059
-0.058
-0.056
-0.054
-0.053
-0.053
-0.055
-0.056
-0.057
-0.055
-0.053
-0.052
-0.052
-0.054
-0.057
-0.059
-0.057
-0.053
-0.045
-0.031
-0.017
-0.006
0.004
0.013
0.014
0.01
0.004
-0.007
-0.02
-0.033
-0.041
-0.046
-0.049
-0.052
-0.054
-0.053
-0.052
-0.052
-0.05
-0.05
-0.051
-0.051
-0.048
0
0.04
0.089
0.149
0.222
0.258
0.259
0.262
0.238
0.189
0.116
0.077
0.021
-0.02
-0.049
-0.065
-0.066
-0.064
-0.064
-0.063
-0.063
-0.064
-0.064
-0.061
-0.056
-0.049
-0.042
-0.033
-0.023
-0.014
0.004
0.023
0.039
0.053
0.07
0.076
0.084
0.09
0.092
0.09
0.09
0.087
0.083
0.079
0.07
0.057
0.044
0.033
0.017
0.001
-0.017
-0.035
-0.052
-0.06
-0.063
-0.064
-0.064
-0.065
-0.065
-0.065
-0.063
-0.06
-0.06
-0.061
-0.061
-0.061
-0.06
-0.057
-0.056
-0.057
-0.056
-0.055
-0.053
-0.051
-0.05
-0.051
-0.051
-0.05
-0.05
-0.048
-0.048
-0.05
-0.051
-0.051
-0.049
-0.045
-0.041
-0.037
-0.031
-0.023
-0.009
0.004
0.014
0.02
0.025
0.023
0.015
0.006
-0.004
-0.017
-0.029
-0.033
-0.034
-0.033
-0.033
-0.036
-0.037
-0.038
