0.157
0.25
0.353
0.395
0.365
0.308
0.222
0.111
-0.004
-0.052
-0.073
-0.081
-0.078
-0.067
-0.056
-0.056
-0.054
-0.052
-0.053
-0.055
-0.054
-0.054
-0.044
-0.033
-0.023
-0.012
0.002
0.01
0.028
0.046
0.061
0.072
0.085
0.088
0.092
0.095
0.094
0.09
0.088
0.085
0.076
0.066
0.051
0.033
0.016
0.006
-0.009
-0.022
-0.037
-0.052
-0.064
-0.066
-0.065
-0.063
-0.062
-0.063
-0.063
-0.062
-0.059
-0.057
-0.056
-0.059
-0.059
-0.059
-0.057
-0.055
-0.054
-0.057
-0.058
-0.057
-0.055
-0.052
-0.052
-0.054
-0.054
-0.054
-0.052
-0.049
-0.048
-0.05
-0.05
-0.05
-0.046
-0.039
-0.032
-0.026
-0.017
-0.009
0
0.009
0.014
0.014
0.013
0.007
-0.004
-0.014
-0.026
-0.04
-0.05
-0.051
-0.051
-0.048
-0.048
-0.049
-0.049
-0.049
-0.047
-0.045
-0.048
-0.053
-0.047
-0.028
0.05
0.143
0.244
0.334
0.401
0.396
0.292
0.19
0.076
-0.03
-0.117
-0.106
-0.105
-0.09
-0.078
-0.072
-0.069
-0.065
-0.066
-0.062
-0.059
-0.059
-0.06
-0.056
-0.044
-0.029
-0.014
0.001
0.017
0.025
0.039
0.055
0.068
0.077
0.085
0.089
0.087
0.089
0.088
0.083
0.077
0.077
0.058
0.046
0.032
0.014
-0.005
-0.007
-0.023
-0.034
-0.043
-0.053
-0.063
-0.061
-0.063
-0.062
-0.061
-0.062
-0.064
-0.062
-0.063
-0.06
-0.058
-0.058
-0.06
-0.057
-0.058
-0.055
-0.053
-0.052
-0.053
-0.051
-0.052
-0.049
-0.046
-0.046
-0.048
-0.045
-0.047
-0.045
-0.043
-0.044
-0.046
-0.044
-0.033
-0.023
-0.008
0.009
0.024
0.025
0.027
0.023
0.015
0.007
-0.001
-0.009
-0.016
-0.024
-0.032
-0.036
-0.037
-0.036
-0.033
-0.034
-0.036
-0.036
-0.034
-0.033
-0.025
-0.008
0.02
0.06
0.114
0.17
0.242
0.287
0.306
0.302
0.276
0.209
0.125
0.054
-0.003
-0.043
-0.067
-0.058
-0.05
-0.048
-0.048
-0.048
-0.045
-0.043
-0.041
-0.039
-0.037
-0.033
-0.024
-0.014
