0.131
0.262
0.393
0.522
0.652
0.645
0.637
0.629
0.621
0.612
0.602
0.591
0.578
0.564
0.549
0.533
0.519
0.505
0.49
0.477
0.464
0.45
0.436
0.422
0.409
0.397
0.388
0.381
0.376
0.372
0.369
0.365
0.361
0.356
0.353
0.349
0.346
0.342
0.339
0.335
0.332
0.329
0.325
0.321
0.317
0.314
0.311
0.308
0.306
0.302
0.3
0.297
0.294
0.29
0.287
0.284
0.281
0.278
0.276
0.272
0.269
0.267
0.264
0.261
0.258
0.255
0.253
0.25
0.249
0.247
0.245
0.241
0.237
0.234
0.231
0.23
0.23
0.232
0.234
0.238
0.248
0.256
0.264
0.269
0.271
0.268
0.257
0.246
0.233
0.218
0.204
0.197
0.191
0.188
0.186
0.183
0.179
0.177
0.175
0.174
0.173
0.171
0.167
0.16
0.199
0.251
0.314
0.39
0.479
0.529
0.492
0.456
0.397
0.313
0.205
0.17
0.134
0.112
0.104
0.108
0.119
0.118
0.116
0.115
0.114
0.113
0.111
0.11
0.118
0.125
0.134
0.144
0.154
0.157
0.174
0.189
0.204
0.218
0.229
0.227
0.229
0.229
0.23
0.229
0.227
0.222
0.208
0.198
0.185
0.171
0.155
0.147
0.126
0.109
0.093
0.079
0.066
0.064
0.062
0.061
0.062
0.062
0.061
0.059
0.059
0.059
0.059
0.06
0.059
0.057
0.057
0.055
0.054
0.055
0.056
0.056
0.056
0.057
0.055
0.054
0.053
0.053
0.053
0.053
0.053
0.051
0.051
0.051
0.057
0.064
0.072
0.08
0.091
0.097
0.103
0.107
0.107
0.104
0.099
0.092
0.08
0.07
0.059
0.049
0.042
0.041
0.041
0.042
0.041
0.04
0.039
0.039
0.037
0.033
0.031
0.038
0.056
0.088
0.179
0.276
0.362
0.422
0.46
0.428
0.325
0.215
0.119
0.038
-0.026
-0.022
-0.009
0.002
0.009
0.011
0.011
0.012
0.012
0.012
0.012
0.012
0.013
0.017
0.03
0.045
0.06
0.075
0.09
0.099
0.112
0.124
0.133
0.14
0.145
0.146
0.145
0.143
0.14
0.135
0.129
0.123
0.109
0.094
0.077
0.06
0.042
0.033
0.021
0.011
0.002
-0.007
-0.013
-0.013
-0.012
-0.011
-0.011
-0.012
-0.013
-0.013
-0.014
-0.012
-0.012
-0.012
-0.013
-0.012
-0.013
-0.012
-0.012
-0.013
-0.014
-0.013
-0.014
-0.012
-0.012
-0.013
-0.014
-0.012
-0.013
-0.012
-0.012
-0.012
-0.014
-0.012
-0.002
0.009
0.02
0.032
0.043
0.045
0.042
0.041
0.037
0.03
0.021
0.018
0.007
-0
-0.007
-0.013
-0.018
-0.018
-0.018
-0.018
-0.017
-0.018
-0.019
-0.019
-0.022
-0.013
0.006
0.035
0.075
0.129
0.215
0.28
0.32
0.335
0.327
0.262
0.164
0.085
0.021
-0.028
-0.065
-0.054
-0.047
-0.043
-0.041
-0.042
-0.042
-0.042
-0.042
-0.041
-0.037
-0.034
-0.029
-0.021
-0.006
0.011
0.027
0.042
0.057
0.066
0.076
0.084
0.092
0.096
0.098
0.097
0.094
0.092
0.088
0.081
0.072
0.064
0.047
0.031
0.015
-0.002
-0.019
-0.028
-0.037
-0.044
-0.048
-0.052
-0.055
-0.055
-0.054
-0.053
-0.052
-0.052
-0.052
-0.051
-0.051
-0.05
-0.049
-0.049
-0.049
-0.049
-0.049
-0.048
-0.047
-0.046
-0.046
-0.046
-0.046
-0.045
-0.044
-0.044
-0.044
-0.043
-0.044
-0.043
-0.042
-0.041
-0.04
-0.037
-0.025
-0.012
0.002
0.014
0.023
0.025
0.02
0.015
0.008
-0.001
-0.013
-0.021
-0.028
-0.034
-0.036
-0.038
-0.039
-0.039
-0.039
-0.039
-0.038
-0.037
-0.036
-0.036
-0.018
0.011
0.053
0.104
0.166
0.221
0.238
0.23
0.2
0.146
0.068
0.007
-0.032
-0.054
-0.064
-0.062
-0.05
-0.046
-0.045
-0.044
-0.043
-0.042
-0.04
-0.035
-0.029
-0.022
-0.013
-0.004
0.016
0.035
0.053
0.072
0.09
0.095
0.098
0.102
0.099
0.095
0.07
0.047
0.021
-0.002
-0.027
-0.031
-0.037
-0.041
-0.042
-0.042
-0.041
-0.041
-0.041
-0.04
-0.039
-0.037
-0.037
-0.037
-0.037
-0.036
-0.035
-0.034
-0.034
-0.034
-0.033
-0.033
-0.032
-0.031
-0.03
-0.03
-0.03
-0.03
-0.029
-0.028
-0.028
-0.029
-0.027
-0.026
-0.023
-0.019
-0.013
-0.009
0.004
0.015
0.026
0.035
0.041
0.038
0.027
0.018
0.007
-0.004
-0.015
-0.018
-0.022
-0.025
-0.025
-0.025
-0.025
-0.025
-0.025
-0.025
-0.024
-0.023
-0.024
-0.029
0.033
0.105
0.188
0.283
0.384
0.405
0.353
0.277
0.178
0.065
-0.024
-0.048
-0.06
-0.058
-0.045
-0.044
-0.043
-0.041
-0.041
-0.041
-0.042
-0.041
-0.032
-0.021
-0.008
0.004
0.019
0.028
0.043
0.058
0.072
0.083
0.093
0.095
0.096
0.096
0.096
0.093
0.09
0.087
0.076
0.064
0.047
0.031
0.013
0.004
-0.011
-0.021
-0.033
-0.045
-0.055
-0.055
-0.055
-0.054
-0.053
-0.054
-0.054
-0.053
-0.053
-0.052
-0.05
-0.051
-0.052
-0.051
-0.051
-0.05
-0.049
-0.049
-0.05
-0.049
-0.049
-0.048
-0.047
-0.047
-0.048
-0.047
-0.048
-0.047
-0.046
-0.046
-0.047
-0.046
-0.041
-0.033
-0.025
-0.015
-0.005
0.002
0.008
0.013
0.016
0.018
0.017
0.017
0.014
0.011
0.007
0.003
-0.004
-0.012
-0.019
-0.027
-0.034
-0.039
-0.042
-0.044
-0.046
-0.046
-0.046
-0.046
-0.046
-0.045
-0.045
-0.045
-0.044
-0.043
-0.043
-0.042
-0.042
-0.042
-0.042
-0.042
-0.046
-0.05
-0.052
-0.046
-0.029
0.003
0.046
0.1
0.155
0.209
0.263
0.317
0.337
0.359
0.356
0.331
0.282
0.244
0.179
0.114
0.05
-0.012
-0.06
-0.091
-0.106
-0.106
-0.093
-0.081
-0.073
-0.068
-0.067
-0.067
-0.066
-0.066
-0.065
-0.064
-0.064
-0.064
-0.063
-0.062
-0.061
-0.061
-0.06
-0.059
-0.057
-0.053
-0.047
-0.04
-0.031
-0.021
-0.013
-0.004
0.004
0.012
0.021
0.029
0.039
0.049
0.057
0.064
0.07
0.074
0.076
0.078
0.08
0.081
0.082
0.082
0.082
0.08
0.078
0.075
0.073
0.07
0.066
0.061
0.049
0.042
0.033
0.023
0.013
0.009
-0.001
-0.01
-0.018
-0.027
-0.035
-0.044
-0.052
-0.059
-0.065
-0.068
-0.07
-0.07
-0.069
-0.068
-0.068
-0.068
-0.066
-0.065
-0.065
-0.063
-0.062
-0.062
-0.061
-0.06
-0.061
-0.061
-0.06
-0.059
-0.059
-0.057
-0.056
-0.056
-0.055
-0.054
-0.054
-0.053
-0.053
-0.052
-0.052
-0.051
-0.051
-0.05
-0.05
-0.05
-0.049
-0.048
-0.048
-0.047
-0.047
-0.046
-0.045
-0.045
-0.045
-0.044
-0.043
-0.042
-0.042
-0.042
-0.041
-0.041
-0.041
-0.04
-0.039
-0.039
-0.037
-0.033
-0.028
-0.022
-0.013
-0.005
0.004
0.011
0.017
0.022
0.025
0.027
0.028
0.027
0.026
0.023
0.019
0.013
0.007
-0.001
-0.008
-0.016
-0.023
-0.028
-0.031
-0.034
-0.035
-0.034
-0.034
-0.034
-0.034
-0.034
-0.034
-0.034
-0.034
-0.033
-0.032
-0.031
-0.03
-0.03
-0.03
-0.03
-0.03
-0.034
-0.038
-0.032
-0.016
0.012
0.054
0.108
0.164
0.218
0.272
0.325
0.349
0.373
0.373
0.349
0.302
0.26
0.195
0.13
0.066
0.005
-0.045
-0.077
-0.093
-0.094
-0.082
-0.069
-0.061
-0.056
-0.053
-0.052
-0.052
-0.052
-0.051
-0.051
-0.051
-0.05
-0.049
-0.048
-0.048
-0.047
-0.046
-0.046
-0.044
-0.039
-0.033
-0.026
-0.018
-0.009
0
0.008
0.016
0.025
0.034
0.042
0.052
0.061
0.07
0.077
0.083
0.087
0.09
0.092
0.094
0.095
0.095
0.095
0.095
0.093
0.091
0.089
0.086
0.083
0.079
0.074
0.066
0.058
0.049
0.039
0.029
0.022
0.012
0.003
-0.005
-0.013
-0.02
-0.028
-0.037
-0.045
-0.051
-0.054
-0.056
-0.057
-0.056
-0.056
-0.055
-0.055
-0.053
-0.053
-0.052
-0.052
-0.051
-0.051
-0.05
-0.05
-0.049
-0.049
-0.048
-0.048
-0.047
-0.047
-0.046
-0.045
-0.044
-0.044
-0.043
-0.043
-0.042
-0.042
-0.042
-0.041
-0.041
-0.041
-0.04
-0.039
-0.039
-0.039
-0.038
-0.038
-0.038
-0.038
-0.037
-0.037
-0.037
-0.036
-0.035
-0.035
-0.035
-0.035
-0.035
-0.035
-0.035
-0.034
-0.033
-0.032
