0.101
0.104
0.097
0.094
0.086
0.076
0.067
0.065
0.051
0.038
0.018
-0.005
-0.029
-0.042
-0.048
-0.048
-0.045
-0.043
-0.044
-0.046
-0.043
-0.042
-0.037
-0.033
-0.034
-0.035
-0.03
-0.029
-0.024
-0.021
-0.024
-0.027
-0.027
-0.027
-0.024
-0.022
-0.026
-0.03
-0.03
-0.03
-0.027
-0.024
-0.025
-0.028
-0.024
-0.019
-0.003
0.013
0.025
0.032
0.043
0.044
0.042
0.038
0.027
0.012
0
-0.008
-0.011
-0.015
-0.021
-0.026
-0.026
-0.026
-0.021
-0.018
-0.02
-0.025
-0.026
-0.026
-0
0.038
0.083
0.138
0.21
0.269
0.31
0.324
0.306
0.259
0.193
0.124
0.062
0.017
-0.02
-0.046
-0.054
-0.051
-0.048
-0.045
-0.045
-0.05
-0.051
-0.051
-0.044
-0.036
-0.03
-0.024
-0.014
-0.004
0.017
0.037
0.054
0.068
0.085
0.092
0.104
0.113
0.116
0.114
0.116
0.114
0.112
0.107
0.095
0.078
0.064
0.051
0.036
0.022
0.004
-0.019
-0.036
-0.045
-0.049
-0.05
-0.053
-0.059
-0.062
-0.062
-0.061
-0.057
-0.056
-0.059
-0.061
-0.06
-0.06
-0.057
-0.056
-0.06
-0.062
-0.062
-0.063
-0.063
-0.06
-0.057
-0.056
-0.055
-0.051
-0.049
-0.051
-0.055
-0.055
-0.055
-0.054
-0.051
-0.047
-0.045
-0.041
-0.034
-0.023
-0.009
0.004
0.011
0.015
0.015
0.006
-0.002
-0.011
-0.024
-0.039
-0.044
-0.05
-0.05
-0.049
-0.049
-0.051
-0.051
-0.052
-0.051
-0.048
-0.048
-0.052
-0.057
-0.014
0.042
0.064
0.101
0.126
0.085
0.018
-0.014
-0.049
-0.066
-0.071
-0.063
-0.051
-0.05
-0.051
-0.05
-0.047
-0.048
-0.05
-0.051
-0.042
-0.033
-0.02
-0.008
0.003
0.008
0.026
0.044
0.062
0.078
0.09
0.09
0.091
0.093
0.095
0.094
0.091
0.089
0.076
0.067
0.059
0.046
0.029
0.023
0.003
-0.012
-0.025
-0.038
-0.052
-0.054
-0.057
-0.059
-0.06
-0.059
-0.056
-0.056
-0.054
-0.051
-0.05
-0.053
-0.056
-0.057
-0.057
-0.056
-0.054
-0.047
