-0.175
-0.202
-0.186
-0.158
-0.133
-0.117
-0.108
-0.116
-0.115
-0.113
-0.112
-0.111
-0.11
-0.109
-0.108
-0.108
-0.107
-0.106
-0.105
-0.104
-0.101
-0.097
-0.089
-0.076
-0.06
-0.042
-0.024
-0.006
0.012
0.028
0.044
0.063
0.099
0.119
0.139
0.156
0.17
0.163
0.172
0.177
0.179
0.181
0.184
0.185
0.185
0.183
0.18
0.175
0.169
0.162
0.157
0.15
0.14
0.127
0.112
0.094
0.072
0.051
0.029
0.009
-0.01
-0.026
-0.043
-0.061
-0.079
-0.095
-0.109
-0.12
-0.127
-0.131
-0.131
-0.131
-0.13
-0.129
-0.128
-0.128
-0.126
-0.125
-0.124
-0.122
-0.121
-0.12
-0.12
-0.119
-0.117
-0.115
-0.114
-0.111
-0.108
-0.107
-0.107
-0.107
-0.106
-0.107
-0.107
-0.106
-0.106
-0.105
-0.105
-0.104
-0.103
-0.1
-0.099
-0.097
-0.096
-0.095
-0.094
-0.093
-0.092
-0.092
-0.091
-0.091
-0.09
-0.09
-0.089
-0.089
-0.089
-0.088
-0.087
-0.086
-0.085
-0.084
-0.082
-0.078
-0.07
-0.06
-0.046
-0.03
-0.012
0.005
0.019
0.032
0.041
0.048
0.052
0.052
0.05
0.046
0.038
0.027
0.015
0.001
-0.016
-0.034
-0.05
-0.062
-0.071
-0.077
-0.081
-0.083
-0.084
-0.085
-0.086
-0.086
-0.085
-0.084
-0.082
-0.081
-0.081
-0.08
-0.088
-0.088
-0.088
-0.086
-0.085
-0.078
-0.086
-0.091
-0.076
-0.038
0.024
0.114
0.226
0.345
0.462
0.572
0.676
0.76
0.801
0.791
0.733
0.63
0.497
0.356
0.218
0.087
-0.033
-0.127
-0.19
-0.218
-0.212
-0.186
-0.162
-0.145
-0.135
-0.133
-0.133
-0.131
-0.129
-0.128
-0.127
-0.125
-0.123
-0.123
-0.121
-0.12
-0.119
-0.119
-0.116
-0.111
-0.103
-0.091
-0.076
-0.058
-0.039
-0.022
-0.005
0.011
0.03
0.049
0.068
0.086
0.106
0.124
0.14
0.15
0.158
0.163
0.167
0.169
0.172
0.174
0.174
0.172
0.17
0.166
0.16
0.155
0.148
0.139
0.128
0.115
0.1
0.081
0.059
0.038
0.018
-0.002
-0.022
-0.04
