-0.072
-0.082
-0.039
-0.015
0.032
0.109
0.219
0.293
0.403
0.511
0.62
0.728
0.797
0.815
0.785
0.704
0.575
0.437
0.306
0.177
0.045
-0.075
-0.158
-0.204
-0.215
-0.196
-0.167
-0.146
-0.133
-0.127
-0.125
-0.124
-0.126
-0.125
-0.124
-0.123
-0.122
-0.118
-0.117
-0.116
-0.114
-0.113
-0.112
-0.109
-0.103
-0.093
-0.079
-0.061
-0.043
-0.025
-0.006
0.013
0.03
0.049
0.067
0.086
0.105
0.124
0.138
0.149
0.158
0.164
0.169
0.172
0.173
0.175
0.175
0.173
0.17
0.167
0.163
0.157
0.151
0.145
0.136
0.125
0.111
0.093
0.073
0.053
0.033
0.013
-0.007
-0.024
-0.04
-0.058
-0.077
-0.095
-0.111
-0.124
-0.133
-0.14
-0.142
-0.142
-0.141
-0.139
-0.132
-0.131
-0.13
-0.128
-0.127
-0.131
-0.131
-0.13
-0.129
-0.128
-0.127
-0.124
-0.122
-0.121
-0.119
-0.117
-0.117
-0.116
-0.116
-0.116
-0.115
-0.115
-0.114
-0.113
-0.112
-0.111
-0.111
-0.11
-0.11
-0.109
-0.102
-0.1
-0.099
-0.097
-0.095
-0.1
-0.098
-0.097
-0.096
-0.095
-0.095
-0.094
-0.092
-0.092
-0.09
-0.09
-0.089
-0.089
-0.087
-0.085
-0.079
-0.07
-0.058
-0.043
-0.026
-0.008
0.009
0.023
0.034
0.042
0.047
0.049
0.049
0.047
0.044
0.036
0.025
0.012
-0.002
-0.019
-0.036
-0.051
-0.064
-0.073
-0.079
-0.082
-0.083
-0.083
-0.082
-0.08
-0.078
-0.077
-0.075
-0.075
-0.075
-0.075
-0.075
-0.075
-0.075
-0.074
-0.072
-0.072
-0.077
-0.085
-0.029
-0.003
0.049
0.126
0.272
0.327
0.442
0.56
0.67
0.721
0.786
0.802
0.767
0.686
0.567
0.435
0.298
0.159
0.028
-0.081
-0.158
-0.204
-0.216
-0.198
-0.172
-0.151
-0.139
-0.134
-0.132
-0.131
-0.126
-0.124
-0.123
-0.121
-0.12
-0.123
-0.121
-0.12
-0.119
-0.117
-0.116
-0.112
-0.105
-0.094
-0.08
-0.063
-0.045
-0.026
-0.008
0.008
0.025
0.046
0.067
0.086
0.104
0.122
0.138
0.151
0.161
0.169
