-0.048
-0.048
-0.048
-0.048
-0.047
-0.046
-0.042
-0.035
-0.027
-0.017
-0.008
0.001
0.009
0.015
0.019
0.022
0.024
0.023
0.022
0.02
0.015
0.009
0.001
-0.007
-0.015
-0.024
-0.031
-0.037
-0.042
-0.045
-0.046
-0.046
-0.045
-0.045
-0.044
-0.044
-0.044
-0.044
-0.043
-0.043
-0.042
-0.041
-0.041
-0.04
-0.041
-0.04
-0.04
-0.043
-0.048
-0.05
-0.041
-0.02
0.016
0.066
0.124
0.181
0.238
0.294
0.348
0.389
0.406
0.397
0.362
0.304
0.236
0.167
0.1
0.032
-0.03
-0.076
-0.104
-0.115
-0.108
-0.093
-0.083
-0.075
-0.071
-0.071
-0.07
-0.068
-0.066
-0.065
-0.065
-0.065
-0.066
-0.066
-0.065
-0.064
-0.062
-0.061
-0.059
-0.056
-0.051
-0.044
-0.034
-0.024
-0.014
-0.005
0.004
0.012
0.02
0.03
0.04
0.05
0.06
0.068
0.075
0.08
0.084
0.086
0.088
0.089
0.09
0.091
0.091
0.09
0.089
0.086
0.084
0.081
0.078
0.074
0.068
0.06
0.052
0.042
0.031
0.021
0.011
0.001
-0.008
-0.016
-0.024
-0.033
-0.042
-0.051
-0.058
-0.064
-0.067
-0.069
-0.068
-0.068
-0.067
-0.066
-0.065
-0.064
-0.062
-0.061
-0.06
-0.06
-0.06
-0.06
-0.06
-0.059
-0.059
-0.058
-0.057
-0.056
-0.054
-0.054
-0.054
-0.053
-0.052
-0.052
-0.051
-0.05
-0.05
-0.05
-0.051
-0.05
-0.049
-0.048
-0.047
-0.045
-0.044
-0.044
-0.044
-0.043
-0.042
-0.041
-0.04
-0.039
-0.038
-0.038
-0.038
-0.038
-0.037
-0.036
-0.035
-0.035
-0.035
-0.034
-0.034
-0.032
-0.028
-0.022
-0.014
-0.006
0.003
0.011
0.018
0.023
0.028
0.032
0.034
0.035
0.035
0.034
0.03
0.025
0.02
0.012
0.004
-0.005
-0.013
-0.02
-0.026
-0.029
-0.031
-0.032
-0.032
-0.033
-0.032
-0.031
-0.031
-0.03
-0.029
-0.029
-0.029
-0.029
-0.028
-0.028
-0.027
-0.026
-0.025
-0.027
-0.032
-0.035
-0.026
-0.006
0.028
0.077
0.135
0.193
0.251
0.307
0.36
0.401
0.418
0.41
