-0.084
-0.076
-0.071
-0.068
-0.067
-0.066
-0.066
-0.065
-0.064
-0.062
-0.059
-0.054
-0.04
-0.024
-0.006
0.013
0.03
0.041
0.053
0.064
0.074
0.082
0.087
0.088
0.084
0.081
0.078
0.075
0.067
0.061
0.044
0.027
-0
-0.023
-0.045
-0.058
-0.07
-0.069
-0.07
-0.069
-0.067
-0.065
-0.065
-0.064
-0.063
-0.064
-0.063
-0.061
-0.06
-0.06
-0.059
-0.058
-0.056
-0.053
-0.052
-0.054
-0.053
-0.054
-0.053
-0.051
-0.05
-0.052
-0.05
-0.05
-0.048
-0.045
-0.043
-0.044
-0.035
-0.024
-0.01
0.005
0.018
0.022
0.021
0.018
0.014
0.009
0
-0.008
-0.018
-0.027
-0.033
-0.037
-0.04
-0.041
-0.042
-0.041
-0.039
-0.037
-0.035
-0.035
-0.008
0.007
0.034
0.074
0.167
0.219
0.271
0.296
0.297
0.228
0.135
0.059
0.003
-0.038
-0.066
-0.057
-0.053
-0.052
-0.051
-0.049
-0.047
-0.046
-0.045
-0.044
-0.039
-0.032
-0.025
-0.015
0
0.018
0.035
0.053
0.069
0.078
0.085
0.091
0.098
0.104
0.107
0.106
0.101
0.095
0.09
0.083
0.074
0.065
0.047
0.028
0.012
-0.003
-0.019
-0.029
-0.038
-0.045
-0.049
-0.051
-0.05
-0.05
-0.05
-0.05
-0.05
-0.049
-0.047
-0.049
-0.049
-0.05
-0.048
-0.046
-0.044
-0.044
-0.044
-0.045
-0.045
-0.043
-0.042
-0.041
-0.043
-0.044
-0.043
-0.042
-0.041
-0.04
-0.041
-0.042
-0.043
-0.041
-0.038
-0.033
-0.021
-0.009
0.004
0.016
0.026
0.028
0.021
0.012
0.002
-0.008
-0.019
-0.026
-0.031
-0.036
-0.04
-0.043
-0.043
-0.043
-0.044
-0.045
-0.043
-0.042
-0.042
-0.041
-0.016
0.021
0.07
0.131
0.203
0.259
0.287
0.289
0.268
0.223
0.154
0.086
0.028
-0.017
-0.047
-0.062
-0.063
-0.06
-0.06
-0.061
-0.061
-0.06
-0.059
-0.058
-0.054
-0.05
-0.043
-0.033
-0.021
-0.012
0.004
0.02
0.035
0.053
0.069
0.075
0.082
0.086
0.087
0.087
0.088
0.086
0.075
0.067
0.06
0.051
0.038
0.028
0.008
-0.011
-0.029
-0.045
-0.058
-0.062
-0.065
-0.069
-0.071
-0.07
-0.068
-0.069
-0.067
-0.068
-0.069
-0.068
-0.066
-0.067
-0.065
-0.065
-0.065
-0.064
-0.062
-0.062
-0.06
-0.061
-0.061
-0.059
-0.057
-0.057
-0.055
-0.053
-0.053
-0.054
-0.054
-0.053
-0.052
-0.047
-0.039
-0.032
-0.024
-0.015
-0.006
0.003
0.01
0.015
0.014
0.011
-0.003
-0.015
-0.026
-0.036
-0.046
-0.047
-0.048
-0.05
-0.051
-0.05
-0.048
-0.049
-0.047
-0.048
0.045
0.129
0.224
0.324
0.419
0.403
0.333
0.241
0.13
0.021
-0.073
-0.096
-0.101
-0.092
-0.077
-0.067
-0.061
-0.061
-0.062
-0.062
-0.061
-0.059
-0.058
-0.056
-0.045
-0.031
-0.016
-0
0.015
0.025
0.039
0.053
0.067
0.08
0.089
0.092
0.091
0.09
0.09
0.088
0.084
0.082
0.067
0.053
0.038
0.024
0.005
-0.003
-0.019
-0.032
-0.042
-0.051
-0.059
-0.057
-0.059
-0.059
-0.058
-0.056
-0.057
-0.056
-0.057
-0.056
-0.055
-0.054
-0.053
-0.052
-0.053
-0.053
-0.051
-0.05
-0.05
-0.049
-0.051
-0.051
-0.049
-0.047
-0.046
-0.045
-0.043
-0.042
-0.041
-0.039
-0.038
-0.04
-0.031
-0.024
-0.013
-0.001
0.011
0.012
0.017
0.02
0.021
0.021
0.016
0.009
-0.004
-0.015
-0.024
-0.031
-0.036
-0.036
-0.035
-0.035
-0.034
-0.032
-0.031
-0.033
-0.031
-0.036
-0.034
-0.02
0.004
0.037
0.139
0.24
0.324
0.384
0.415
0.369
0.253
0.14
0.045
-0.03
-0.09
-0.082
-0.071
-0.061
-0.055
-0.051
-0.049
-0.049
-0.049
-0.049
-0.048
-0.045
-0.041
-0.038
-0.025
-0.011
0.006
0.025
0.043
0.052
0.064
0.075
0.085
0.094
0.101
0.102
0.098
0.094
0.091
0.088
0.083
0.077
0.06
0.042
0.025
0.009
-0.008
-0.016
-0.03
-0.042
-0.05
-0.055
-0.058
-0.057
-0.057
-0.058
-0.058
-0.057
-0.056
-0.056
-0.056
-0.056
-0.055
-0.053
-0.051
-0.051
-0.052
-0.054
-0.054
-0.053
-0.052
-0.051
