-0.029
-0.037
-0.042
-0.04
-0.042
-0.04
-0.04
-0.041
-0.04
-0.037
-0.023
-0.018
-0.002
0.023
0.06
0.096
0.169
0.246
0.296
0.32
0.321
0.282
0.179
0.091
0.017
-0.041
-0.084
-0.077
-0.07
-0.063
-0.062
-0.062
-0.063
-0.06
-0.06
-0.058
-0.055
-0.053
-0.048
-0.04
-0.021
-0.004
0.013
0.029
0.045
0.052
0.063
0.074
0.082
0.086
0.089
0.09
0.085
0.082
0.078
0.07
0.062
0.057
0.036
0.02
0.003
-0.015
-0.033
-0.037
-0.048
-0.056
-0.061
-0.064
-0.068
-0.068
-0.067
-0.068
-0.069
-0.069
-0.066
-0.064
-0.063
-0.062
-0.062
-0.061
-0.061
-0.062
-0.06
-0.059
-0.059
-0.059
-0.057
-0.058
-0.058
-0.059
-0.057
-0.056
-0.054
-0.056
-0.056
-0.052
-0.046
-0.04
-0.025
-0.013
-0.003
0.008
0.018
0.018
0.011
0.001
-0.012
-0.026
-0.037
-0.042
-0.045
-0.048
-0.05
-0.05
-0.049
-0.049
-0.049
-0.049
-0.051
-0.051
-0.049
-0.05
-0.01
0.039
0.1
0.173
0.262
0.317
0.32
0.295
0.246
0.173
0.078
0.013
-0.028
-0.058
-0.075
-0.078
-0.065
-0.063
-0.061
-0.061
-0.062
-0.063
-0.061
-0.06
-0.053
-0.046
-0.038
-0.027
-0.012
-0.002
0.017
0.033
0.049
0.065
0.08
0.086
0.092
0.095
0.095
0.095
0.096
0.094
0.083
0.072
0.059
0.045
0.031
0.025
0.005
-0.012
-0.029
-0.044
-0.056
-0.056
-0.058
-0.059
-0.061
-0.06
-0.059
-0.058
-0.058
-0.057
-0.059
-0.059
-0.057
-0.055
-0.052
-0.05
-0.051
-0.051
-0.048
-0.047
-0.046
-0.045
-0.045
-0.046
-0.045
-0.045
-0.045
-0.044
-0.041
-0.039
-0.035
-0.026
-0.016
-0.007
0.005
0.014
0.019
0.023
0.026
0.023
0.014
0.002
-0.011
-0.024
-0.033
-0.036
-0.035
-0.035
-0.036
-0.037
-0.036
-0.035
-0.033
-0.032
-0.033
-0.037
-0.041
-0.038
0.024
0.096
0.181
0.28
0.381
0.41
0.366
0.295
0.196
0.078
-0.031
-0.07
-0.084
-0.085
-0.075
-0.062
-0.051
-0.051
