0.051
0.043
0.034
0.021
0.005
-0.011
-0.034
-0.049
-0.061
-0.07
-0.076
-0.07
-0.07
-0.07
-0.07
-0.07
-0.07
-0.07
-0.069
-0.068
-0.067
-0.066
-0.065
-0.065
-0.064
-0.063
-0.063
-0.062
-0.065
-0.076
-0.074
-0.049
-0
0.08
0.19
0.304
0.414
0.524
0.639
0.747
0.752
0.767
0.733
0.646
0.516
0.446
0.316
0.187
0.051
-0.068
-0.146
-0.189
-0.2
-0.179
-0.151
-0.131
-0.12
-0.115
-0.106
-0.105
-0.104
-0.102
-0.101
-0.107
-0.106
-0.106
-0.105
-0.104
-0.102
-0.101
-0.101
-0.098
-0.093
-0.082
-0.068
-0.048
-0.03
-0.011
0.008
0.027
0.043
0.061
0.078
0.096
0.117
0.135
0.149
0.161
0.171
0.178
0.182
0.185
0.189
0.191
0.192
0.191
0.189
0.184
0.178
0.171
0.165
0.158
0.149
0.137
0.123
0.105
0.086
0.065
0.045
0.024
0.005
-0.011
-0.027
-0.045
-0.063
-0.08
-0.097
-0.109
-0.119
-0.125
-0.127
-0.126
-0.125
-0.124
-0.122
-0.121
-0.119
-0.118
-0.117
-0.115
-0.114
-0.113
-0.112
-0.111
-0.109
-0.108
-0.108
-0.107
-0.106
-0.106
-0.104
-0.102
-0.102
-0.101
-0.099
-0.098
-0.097
-0.096
-0.094
-0.094
-0.093
-0.092
-0.091
-0.09
-0.089
-0.087
-0.086
-0.084
-0.083
-0.082
-0.08
-0.08
-0.08
-0.079
-0.076
-0.076
-0.075
-0.073
-0.072
-0.074
-0.073
-0.073
-0.065
-0.063
-0.057
-0.048
-0.036
-0.03
-0.012
0.006
0.021
0.033
0.044
0.053
0.058
0.06
0.061
0.059
0.053
0.044
0.034
0.021
0.005
-0.011
-0.028
-0.043
-0.055
-0.063
-0.068
-0.071
-0.072
-0.072
-0.072
-0.072
-0.072
-0.071
-0.071
-0.07
-0.069
-0.068
-0.068
-0.068
-0.068
-0.068
-0.068
-0.068
-0.072
-0.081
-0.076
-0.048
0.003
0.079
0.182
0.297
0.416
0.529
0.635
0.733
0.755
0.77
0.734
0.654
0.533
0.44
0.299
0.163
0.036
-0.073
-0.151
-0.197
-0.208
-0.189
-0.162
-0.142
-0.131
-0.126
-0.125
-0.125
-0.124
-0.123
