-0.074
-0.073
-0.072
-0.067
-0.058
-0.046
-0.016
0.001
0.019
0.035
0.048
0.043
0.053
0.059
0.061
0.061
0.06
0.056
0.048
0.038
0.026
0.011
-0.006
-0.023
-0.038
-0.051
-0.061
-0.068
-0.071
-0.071
-0.07
-0.069
-0.068
-0.067
-0.067
-0.068
-0.059
-0.059
-0.059
-0.058
-0.059
-0.067
-0.067
-0.065
-0.066
-0.068
-0.077
-0.077
-0.055
-0.011
0.059
0.161
0.28
0.396
0.507
0.613
0.717
0.792
0.818
0.792
0.72
0.601
0.46
0.322
0.192
0.064
-0.052
-0.141
-0.195
-0.211
-0.2
-0.173
-0.151
-0.136
-0.13
-0.126
-0.125
-0.123
-0.123
-0.122
-0.121
-0.12
-0.119
-0.118
-0.117
-0.115
-0.114
-0.112
-0.109
-0.103
-0.093
-0.08
-0.061
-0.043
-0.025
-0.008
0.01
0.028
0.046
0.065
0.089
0.107
0.126
0.142
0.155
0.157
0.165
0.17
0.173
0.175
0.177
0.178
0.177
0.174
0.171
0.166
0.16
0.154
0.147
0.138
0.127
0.114
0.091
0.071
0.051
0.03
0.011
-0.003
-0.022
-0.039
-0.066
-0.083
-0.102
-0.119
-0.132
-0.129
-0.136
-0.138
-0.137
-0.136
-0.135
-0.134
-0.132
-0.132
-0.131
-0.131
-0.13
-0.129
-0.127
-0.126
-0.125
-0.124
-0.123
-0.123
-0.121
-0.12
-0.119
-0.118
-0.117
-0.116
-0.114
-0.113
-0.111
-0.11
-0.117
-0.117
-0.116
-0.115
-0.114
-0.106
-0.105
-0.104
-0.104
-0.102
-0.1
-0.099
-0.097
-0.096
-0.095
-0.095
-0.094
-0.094
-0.093
-0.092
-0.091
-0.091
-0.089
-0.088
-0.088
-0.088
-0.085
-0.08
-0.072
-0.058
-0.043
-0.027
-0.01
0.007
0.022
0.034
0.043
0.05
0.054
0.054
0.052
0.047
0.038
0.027
0.013
-0.002
-0.018
-0.034
-0.05
-0.063
-0.073
-0.079
-0.081
-0.082
-0.082
-0.082
-0.082
-0.081
-0.081
-0.08
-0.087
-0.085
-0.084
-0.083
-0.082
-0.075
-0.075
-0.075
-0.074
-0.078
-0.087
-0.087
-0.065
-0.019
0.057
0.158
0.269
0.38
0.496
0.612
0.716
0.786
0.809
0.781
0.702
0.584
