-0.106
-0.106
-0.104
-0.103
-0.103
-0.101
-0.099
-0.099
-0.099
-0.098
-0.105
-0.105
-0.104
-0.102
-0.101
-0.093
-0.091
-0.09
-0.09
-0.09
-0.089
-0.088
-0.087
-0.086
-0.085
-0.084
-0.084
-0.084
-0.082
-0.081
-0.081
-0.08
-0.078
-0.073
-0.064
-0.052
-0.037
-0.021
-0.004
0.011
0.025
0.036
0.045
0.051
0.054
0.055
0.053
0.05
0.043
0.032
0.019
0.005
-0.011
-0.029
-0.044
-0.057
-0.068
-0.075
-0.078
-0.08
-0.081
-0.081
-0.075
-0.074
-0.073
-0.072
-0.071
-0.075
-0.075
-0.074
-0.074
-0.074
-0.074
-0.073
-0.073
-0.076
-0.085
-0.087
-0.066
-0.021
0.048
0.144
0.255
0.371
0.489
0.6
0.703
0.778
0.808
0.787
0.718
0.607
0.477
0.339
0.199
0.066
-0.05
-0.137
-0.192
-0.213
-0.201
-0.174
-0.152
-0.137
-0.128
-0.127
-0.126
-0.125
-0.124
-0.125
-0.124
-0.122
-0.122
-0.121
-0.119
-0.117
-0.117
-0.116
-0.113
-0.107
-0.098
-0.085
-0.069
-0.051
-0.032
-0.014
0.002
0.018
0.036
0.055
0.074
0.093
0.111
0.128
0.142
0.153
0.16
0.165
0.169
0.171
0.173
0.174
0.173
0.172
0.169
0.164
0.159
0.152
0.145
0.136
0.125
0.112
0.096
0.076
0.054
0.034
0.015
-0.003
-0.022
-0.039
-0.057
-0.074
-0.092
-0.11
-0.123
-0.133
-0.139
-0.14
-0.138
-0.137
-0.135
-0.134
-0.132
-0.132
-0.131
-0.13
-0.129
-0.128
-0.127
-0.126
-0.125
-0.124
-0.122
-0.12
-0.118
-0.117
-0.116
-0.116
-0.116
-0.115
-0.114
-0.113
-0.112
-0.111
-0.109
-0.107
-0.106
-0.105
-0.104
-0.103
-0.102
-0.101
-0.1
-0.1
-0.099
-0.099
-0.097
-0.096
-0.094
-0.092
-0.09
-0.09
-0.089
-0.088
-0.088
-0.088
-0.088
-0.087
-0.086
-0.084
-0.081
-0.076
-0.067
-0.054
-0.037
-0.02
-0.003
0.012
0.036
0.048
0.057
0.063
0.065
0.054
0.052
0.048
0.04
0.03
0.017
0.001
-0.016
-0.033
-0.047
-0.059
-0.068
-0.075
-0.077
-0.078
-0.079
-0.08
