-0.053
-0.065
-0.074
-0.079
-0.081
-0.081
-0.082
-0.082
-0.081
-0.08
-0.079
-0.078
-0.076
-0.076
-0.075
-0.074
-0.073
-0.071
-0.07
-0.069
-0.07
-0.077
-0.05
-0.043
-0.014
0.041
0.127
0.201
0.314
0.424
0.535
0.65
0.753
0.807
0.811
0.766
0.669
0.535
0.403
0.274
0.143
0.008
-0.103
-0.174
-0.211
-0.214
-0.189
-0.163
-0.144
-0.134
-0.13
-0.129
-0.127
-0.125
-0.125
-0.123
-0.121
-0.119
-0.118
-0.117
-0.116
-0.115
-0.114
-0.113
-0.109
-0.101
-0.089
-0.074
-0.055
-0.038
-0.02
-0.001
0.016
0.033
0.052
0.071
0.091
0.111
0.129
0.143
0.154
0.164
0.172
0.176
0.178
0.181
0.185
0.184
0.182
0.18
0.184
0.176
0.171
0.166
0.158
0.139
0.126
0.11
0.092
0.072
0.052
0.033
0.012
-0.007
-0.023
-0.04
-0.059
-0.077
-0.093
-0.108
-0.119
-0.127
-0.131
-0.132
-0.132
-0.13
-0.122
-0.121
-0.12
-0.118
-0.116
-0.122
-0.12
-0.118
-0.117
-0.115
-0.113
-0.111
-0.109
-0.108
-0.107
-0.105
-0.105
-0.106
-0.106
-0.106
-0.105
-0.104
-0.102
-0.1
-0.098
-0.097
-0.095
-0.095
-0.094
-0.094
-0.092
-0.09
-0.088
-0.087
-0.081
-0.08
-0.08
-0.079
-0.078
-0.083
-0.083
-0.082
-0.081
-0.079
-0.077
-0.076
-0.075
-0.075
-0.076
-0.076
-0.073
-0.065
-0.054
-0.039
-0.024
-0.006
0.01
0.024
0.035
0.044
0.053
0.059
0.062
0.062
0.061
0.055
0.045
0.034
0.008
-0.007
-0.024
-0.04
-0.055
-0.052
-0.06
-0.065
-0.067
-0.068
-0.068
-0.068
-0.068
-0.066
-0.065
-0.064
-0.063
-0.062
-0.061
-0.06
-0.06
-0.058
-0.056
-0.055
-0.056
-0.062
-0.026
-0.017
0.015
0.071
0.152
0.211
0.327
0.445
0.558
0.664
0.757
0.811
0.814
0.767
0.676
0.55
0.413
0.272
0.139
0.013
-0.088
-0.159
-0.197
-0.2
-0.177
-0.152
-0.133
-0.121
-0.118
-0.117
-0.117
-0.117
-0.116
-0.115
-0.113
-0.111
-0.109
-0.107
-0.105
-0.105
