-0.151
-0.132
-0.121
-0.118
-0.117
-0.115
-0.115
-0.114
-0.113
-0.112
-0.111
-0.11
-0.109
-0.108
-0.107
-0.106
-0.104
-0.1
-0.093
-0.081
-0.066
-0.048
-0.03
-0.013
0.006
0.023
0.04
0.058
0.077
0.096
0.117
0.137
0.149
0.161
0.17
0.176
0.179
0.185
0.187
0.189
0.186
0.185
0.182
0.178
0.173
0.17
0.163
0.156
0.146
0.132
0.115
0.097
0.076
0.055
0.034
0.013
-0.007
-0.023
-0.039
-0.056
-0.074
-0.091
-0.113
-0.125
-0.133
-0.137
-0.138
-0.13
-0.13
-0.129
-0.127
-0.126
-0.125
-0.123
-0.122
-0.122
-0.121
-0.12
-0.119
-0.118
-0.117
-0.117
-0.116
-0.115
-0.113
-0.112
-0.111
-0.11
-0.109
-0.107
-0.106
-0.105
-0.103
-0.102
-0.101
-0.099
-0.097
-0.096
-0.096
-0.096
-0.096
-0.096
-0.094
-0.093
-0.091
-0.09
-0.09
-0.09
-0.089
-0.089
-0.088
-0.086
-0.085
-0.084
-0.083
-0.083
-0.083
-0.084
-0.083
-0.08
-0.073
-0.062
-0.047
-0.03
-0.013
0.004
0.016
0.028
0.036
0.044
0.049
0.053
0.052
0.049
0.043
0.032
0.021
0.007
-0.008
-0.025
-0.04
-0.055
-0.066
-0.073
-0.077
-0.079
-0.08
-0.081
-0.081
-0.081
-0.082
-0.081
-0.08
-0.079
-0.079
-0.077
-0.079
-0.078
-0.078
-0.076
-0.075
-0.074
-0.08
-0.088
-0.079
-0.046
0.011
0.095
0.201
0.314
0.431
0.548
0.657
0.749
0.801
0.804
0.756
0.662
0.537
0.403
0.264
0.125
-0.003
-0.104
-0.174
-0.211
-0.212
-0.188
-0.163
-0.145
-0.133
-0.13
-0.129
-0.128
-0.127
-0.126
-0.125
-0.123
-0.123
-0.122
-0.121
-0.119
-0.119
-0.118
-0.117
-0.113
-0.106
-0.094
-0.079
-0.061
-0.042
-0.023
-0.006
0.011
0.028
0.049
0.069
0.088
0.107
0.126
0.145
0.158
0.166
0.172
0.176
0.175
0.177
0.178
0.178
0.176
0.173
0.168
0.163
0.157
0.151
0.143
0.132
0.118
0.104
0.086
0.065
0.043
0.023
0.004
-0.016
-0.034
-0.051
-0.068
-0.086
-0.103
