0.037
0.025
0.012
-0.005
-0.023
-0.039
-0.052
-0.062
-0.069
-0.073
-0.074
-0.076
-0.077
-0.076
-0.075
-0.075
-0.073
-0.072
-0.07
-0.069
-0.069
-0.068
-0.067
-0.067
-0.068
-0.068
-0.07
-0.079
-0.084
-0.068
-0.027
0.036
0.126
0.235
0.35
0.468
0.582
0.687
0.77
0.807
0.794
0.733
0.627
0.497
0.362
0.221
0.086
-0.034
-0.124
-0.185
-0.212
-0.206
-0.179
-0.157
-0.141
-0.133
-0.13
-0.129
-0.128
-0.126
-0.125
-0.123
-0.121
-0.12
-0.119
-0.118
-0.117
-0.116
-0.115
-0.112
-0.106
-0.098
-0.087
-0.072
-0.053
-0.035
-0.018
-0.001
0.014
0.032
0.052
0.072
0.09
0.108
0.124
0.138
0.149
0.159
0.164
0.168
0.171
0.172
0.174
0.173
0.171
0.168
0.165
0.159
0.154
0.148
0.139
0.127
0.114
0.098
0.078
0.055
0.033
0.013
-0.005
-0.023
-0.041
-0.057
-0.073
-0.09
-0.107
-0.122
-0.131
-0.138
-0.141
-0.141
-0.14
-0.14
-0.139
-0.137
-0.136
-0.136
-0.133
-0.132
-0.131
-0.13
-0.13
-0.131
-0.131
-0.13
-0.129
-0.126
-0.124
-0.122
-0.12
-0.119
-0.119
-0.118
-0.115
-0.113
-0.112
-0.11
-0.108
-0.107
-0.107
-0.105
-0.103
-0.103
-0.102
-0.102
-0.101
-0.101
-0.1
-0.099
-0.098
-0.097
-0.096
-0.096
-0.096
-0.095
-0.094
-0.093
-0.092
-0.09
-0.088
-0.087
-0.085
-0.083
-0.078
-0.071
-0.06
-0.045
-0.026
-0.01
0.006
0.02
0.033
0.041
0.047
0.051
0.052
0.05
0.046
0.04
0.031
0.019
0.004
-0.013
-0.03
-0.045
-0.051
-0.061
-0.068
-0.072
-0.074
-0.082
-0.083
-0.083
-0.082
-0.082
-0.082
-0.081
-0.079
-0.078
-0.077
-0.076
-0.075
-0.075
-0.076
-0.076
-0.078
-0.087
-0.093
-0.076
-0.037
0.028
0.128
0.247
0.359
0.467
0.577
0.69
0.776
0.812
0.8
0.738
0.622
0.483
0.351
0.222
0.09
-0.039
-0.136
-0.194
-0.218
-0.209
-0.179
-0.155
-0.14
-0.132
-0.13
-0.13
-0.129
-0.127
-0.126
-0.125
