-0.134
-0.132
-0.131
-0.13
-0.128
-0.126
-0.124
-0.123
-0.121
-0.12
-0.12
-0.12
-0.118
-0.116
-0.114
-0.113
-0.11
-0.11
-0.109
-0.109
-0.107
-0.107
-0.106
-0.106
-0.105
-0.104
-0.103
-0.101
-0.1
-0.099
-0.098
-0.097
-0.096
-0.094
-0.093
-0.093
-0.093
-0.093
-0.092
-0.091
-0.09
-0.088
-0.08
-0.078
-0.078
-0.076
-0.075
-0.08
-0.078
-0.076
-0.071
-0.062
-0.051
-0.036
-0.019
-0.002
0.014
0.03
0.044
0.054
0.059
0.062
0.062
0.059
0.055
0.048
0.037
0.024
0.009
-0.008
-0.025
-0.04
-0.046
-0.057
-0.07
-0.073
-0.074
-0.079
-0.079
-0.071
-0.069
-0.069
-0.069
-0.069
-0.068
-0.068
-0.067
-0.066
-0.065
-0.064
-0.064
-0.063
-0.066
-0.076
-0.078
-0.058
-0.015
0.058
0.162
0.275
0.385
0.495
0.61
0.721
0.798
0.824
0.802
0.728
0.606
0.473
0.344
0.215
0.078
-0.047
-0.135
-0.187
-0.205
-0.191
-0.163
-0.141
-0.127
-0.121
-0.119
-0.119
-0.117
-0.116
-0.114
-0.113
-0.111
-0.109
-0.109
-0.108
-0.107
-0.106
-0.104
-0.102
-0.095
-0.085
-0.072
-0.055
-0.036
-0.018
-0
0.018
0.035
0.053
0.072
0.091
0.111
0.13
0.144
0.157
0.168
0.176
0.182
0.186
0.188
0.188
0.188
0.187
0.185
0.181
0.177
0.172
0.167
0.16
0.152
0.14
0.125
0.108
0.09
0.068
0.047
0.026
0.006
-0.011
-0.027
-0.045
-0.068
-0.086
-0.103
-0.116
-0.125
-0.127
-0.129
-0.129
-0.127
-0.126
-0.124
-0.122
-0.121
-0.121
-0.12
-0.119
-0.118
-0.117
-0.115
-0.114
-0.113
-0.111
-0.11
-0.109
-0.108
-0.107
-0.105
-0.104
-0.102
-0.1
-0.097
-0.097
-0.097
-0.096
-0.088
-0.089
-0.088
-0.086
-0.085
-0.092
-0.091
-0.09
-0.091
-0.09
-0.089
-0.088
-0.087
-0.087
-0.086
-0.085
-0.084
-0.083
-0.081
-0.08
-0.079
-0.078
-0.077
-0.077
-0.077
-0.076
-0.071
-0.064
-0.052
-0.037
-0.019
-0.001
0.016
0.03
0.042
0.051
0.057
0.06
