0.096
0.095
0.092
0.087
0.082
0.077
0.064
0.049
0.022
-0.006
-0.033
-0.049
-0.06
-0.059
-0.056
-0.055
-0.055
-0.057
-0.056
-0.055
-0.052
-0.05
-0.05
-0.052
-0.052
-0.052
-0.05
-0.047
-0.047
-0.048
-0.048
-0.048
-0.046
-0.044
-0.043
-0.043
-0.043
-0.043
-0.041
-0.039
-0.039
-0.041
-0.041
-0.041
-0.031
-0.019
-0.007
0.005
0.019
0.023
0.026
0.025
0.02
0.012
0.004
-0.005
-0.014
-0.021
-0.028
-0.036
-0.04
-0.04
-0.038
-0.035
-0.035
-0.036
-0.035
-0.034
-0.035
-0.024
-0.003
0.027
0.072
0.129
0.221
0.286
0.325
0.337
0.327
0.259
0.161
0.081
0.015
-0.037
-0.074
-0.062
-0.053
-0.049
-0.048
-0.049
-0.05
-0.05
-0.048
-0.046
-0.043
-0.04
-0.034
-0.026
-0.009
0.009
0.026
0.04
0.056
0.065
0.077
0.086
0.093
0.098
0.102
0.102
0.1
0.097
0.09
0.08
0.07
0.061
0.044
0.029
0.012
-0.006
-0.024
-0.034
-0.043
-0.05
-0.055
-0.059
-0.061
-0.061
-0.059
-0.059
-0.058
-0.058
-0.06
-0.062
-0.062
-0.06
-0.059
-0.058
-0.058
-0.06
-0.061
-0.061
-0.061
-0.059
-0.058
-0.059
-0.059
-0.057
-0.057
-0.055
-0.053
-0.053
-0.052
-0.047
-0.035
-0.022
-0.009
0.001
0.011
0.013
0.006
0.001
-0.005
-0.016
-0.029
-0.031
-0.04
-0.044
-0.047
-0.05
-0.052
-0.05
-0.05
-0.048
-0.046
-0.045
-0.045
-0.044
-0.005
0.026
0.068
0.12
0.185
0.22
0.236
0.254
0.247
0.212
0.152
0.113
0.048
-0.001
-0.037
-0.062
-0.072
-0.07
-0.07
-0.07
-0.067
-0.066
-0.065
-0.064
-0.057
-0.052
-0.047
-0.042
-0.033
-0.027
-0.007
0.011
0.029
0.045
0.061
0.066
0.071
0.076
0.08
0.082
0.082
0.08
0.071
0.06
0.047
0.033
0.019
0.01
-0.005
-0.022
-0.04
-0.055
-0.066
-0.069
-0.069
-0.069
-0.069
-0.07
-0.068
-0.067
-0.066
-0.066
-0.066
-0.066
-0.064
-0.062
-0.06
-0.06
-0.06
-0.06
-0.058
-0.057
