-0.041
-0.04
-0.037
-0.038
-0.041
-0.035
-0.017
0.014
0.058
0.115
0.207
0.274
0.317
0.336
0.33
0.263
0.16
0.072
0.002
-0.049
-0.085
-0.072
-0.063
-0.06
-0.06
-0.061
-0.058
-0.053
-0.046
-0.039
-0.022
-0.006
0.011
0.028
0.046
0.055
0.065
0.072
0.077
0.083
0.088
0.088
0.086
0.081
0.075
0.069
0.062
0.053
0.038
0.019
0
-0.018
-0.033
-0.043
-0.052
-0.06
-0.066
-0.071
-0.072
-0.072
-0.071
-0.072
-0.072
-0.072
-0.069
-0.068
-0.066
-0.066
-0.066
-0.066
-0.065
-0.065
-0.064
-0.064
-0.065
-0.064
-0.062
-0.061
-0.06
-0.06
-0.06
-0.059
-0.058
-0.058
-0.057
-0.058
-0.059
-0.06
-0.046
-0.03
-0.013
0.002
0.015
0.014
0.007
-0.001
-0.009
-0.016
-0.027
-0.035
-0.042
-0.047
-0.052
-0.053
-0.053
-0.054
-0.054
-0.054
-0.052
-0.051
-0.03
-0
0.041
0.093
0.159
0.216
0.261
0.28
0.273
0.243
0.191
0.123
0.056
0.003
-0.037
-0.061
-0.071
-0.066
-0.062
-0.061
-0.062
-0.063
-0.061
-0.06
-0.057
-0.054
-0.049
-0.042
-0.032
-0.023
-0.001
0.022
0.043
0.06
0.076
0.081
0.083
0.083
0.084
0.087
0.089
0.089
0.081
0.074
0.064
0.053
0.042
0.036
0.016
0
-0.018
-0.035
-0.049
-0.052
-0.057
-0.06
-0.063
-0.063
-0.062
-0.06
-0.06
-0.06
-0.062
-0.062
-0.061
-0.059
-0.057
-0.054
-0.052
-0.051
-0.052
-0.051
-0.052
-0.054
-0.054
-0.053
-0.051
-0.049
-0.049
-0.048
-0.049
-0.049
-0.048
-0.045
-0.043
-0.041
-0.04
-0.037
-0.031
-0.025
-0.011
0.002
0.011
0.02
0.027
0.027
0.017
0.008
-0.003
-0.015
-0.027
-0.027
-0.032
-0.034
-0.037
-0.038
-0.039
-0.038
-0.038
-0.036
-0.036
-0.038
-0.04
-0.034
0.028
0.103
0.194
0.296
0.39
0.414
0.36
0.281
0.178
0.063
-0.04
-0.072
-0.085
-0.084
-0.071
-0.057
-0.047
-0.047
-0.045
-0.045
-0.046
-0.047
-0.038
-0.028
-0.015
0.001
