0.012
0.024
0.034
0.043
0.048
0.051
0.051
0.048
0.042
0.032
0.02
0.006
-0.009
-0.025
-0.042
-0.056
-0.068
-0.076
-0.082
-0.084
-0.086
-0.086
-0.085
-0.084
-0.083
-0.082
-0.08
-0.079
-0.079
-0.078
-0.077
-0.076
-0.076
-0.075
-0.076
-0.076
-0.083
-0.091
-0.083
-0.048
0.009
0.093
0.199
0.311
0.427
0.544
0.654
0.749
0.802
0.807
0.762
0.67
0.546
0.413
0.275
0.136
0.005
-0.099
-0.17
-0.209
-0.212
-0.188
-0.163
-0.144
-0.132
-0.128
-0.127
-0.125
-0.123
-0.122
-0.122
-0.121
-0.119
-0.119
-0.118
-0.115
-0.113
-0.112
-0.11
-0.105
-0.098
-0.087
-0.073
-0.055
-0.038
-0.019
-0.001
0.015
0.031
0.052
0.072
0.092
0.111
0.129
0.152
0.165
0.175
0.182
0.186
0.181
0.184
0.185
0.185
0.183
0.181
0.176
0.171
0.166
0.16
0.153
0.143
0.13
0.115
0.097
0.077
0.055
0.036
0.017
-0.002
-0.02
-0.037
-0.055
-0.073
-0.089
-0.1
-0.113
-0.121
-0.125
-0.125
-0.129
-0.127
-0.125
-0.123
-0.121
-0.119
-0.118
-0.116
-0.115
-0.113
-0.112
-0.111
-0.11
-0.11
-0.11
-0.11
-0.109
-0.108
-0.107
-0.107
-0.105
-0.104
-0.102
-0.101
-0.099
-0.097
-0.096
-0.095
-0.093
-0.092
-0.091
-0.09
-0.089
-0.087
-0.086
-0.085
-0.083
-0.083
-0.083
-0.083
-0.082
-0.081
-0.08
-0.078
-0.077
-0.075
-0.074
-0.073
-0.072
-0.071
-0.071
-0.07
-0.067
-0.06
-0.05
-0.037
-0.02
-0.003
0.013
0.035
0.049
0.061
0.07
0.075
0.069
0.068
0.065
0.059
0.049
0.038
0.024
0.007
-0.01
-0.026
-0.04
-0.051
-0.06
-0.065
-0.067
-0.068
-0.068
-0.068
-0.067
-0.066
-0.066
-0.064
-0.064
-0.064
-0.063
-0.059
-0.058
-0.057
-0.055
-0.054
-0.057
-0.065
-0.074
-0.066
-0.037
0.017
0.104
0.219
0.336
0.447
0.557
0.668
0.768
0.824
0.828
0.782
0.686
0.55
0.412
0.281
0.153
0.023
-0.087
-0.16
-0.197
-0.201
-0.177
