-0.114
-0.104
-0.092
-0.077
-0.059
-0.039
-0.02
-0.002
0.013
0.03
0.049
0.069
0.087
0.107
0.125
0.141
0.153
0.162
0.168
0.173
0.175
0.178
0.172
0.172
0.17
0.168
0.164
0.169
0.163
0.157
0.149
0.138
0.126
0.111
0.093
0.071
0.05
0.029
0.01
-0.009
-0.027
-0.045
-0.062
-0.078
-0.095
-0.112
-0.123
-0.131
-0.135
-0.136
-0.134
-0.133
-0.139
-0.138
-0.137
-0.134
-0.132
-0.122
-0.121
-0.12
-0.119
-0.118
-0.118
-0.116
-0.116
-0.115
-0.114
-0.113
-0.113
-0.112
-0.111
-0.11
-0.109
-0.107
-0.105
-0.104
-0.103
-0.102
-0.101
-0.1
-0.099
-0.098
-0.097
-0.096
-0.095
-0.095
-0.093
-0.092
-0.091
-0.09
-0.082
-0.081
-0.08
-0.079
-0.078
-0.085
-0.084
-0.084
-0.083
-0.082
-0.079
-0.078
-0.075
-0.069
-0.06
-0.047
-0.031
-0.013
0.004
0.019
0.033
0.045
0.054
0.058
0.06
0.06
0.049
0.044
0.035
0.024
0.01
0.003
-0.013
-0.028
-0.043
-0.056
-0.064
-0.069
-0.071
-0.071
-0.071
-0.071
-0.071
-0.07
-0.062
-0.061
-0.06
-0.058
-0.056
-0.061
-0.061
-0.061
-0.06
-0.059
-0.06
-0.066
-0.075
-0.069
-0.042
0.01
0.095
0.207
0.32
0.43
0.54
0.654
0.757
0.816
0.824
0.783
0.689
0.555
0.42
0.29
0.16
0.026
-0.086
-0.16
-0.198
-0.204
-0.182
-0.155
-0.136
-0.125
-0.12
-0.118
-0.115
-0.114
-0.113
-0.112
-0.11
-0.109
-0.108
-0.107
-0.106
-0.106
-0.104
-0.103
-0.099
-0.091
-0.079
-0.064
-0.047
-0.029
-0.011
0.007
0.024
0.042
0.061
0.08
0.099
0.12
0.138
0.151
0.162
0.171
0.178
0.183
0.186
0.189
0.196
0.196
0.194
0.193
0.189
0.179
0.172
0.166
0.157
0.147
0.134
0.118
0.1
0.08
0.06
0.04
0.019
0.001
-0.014
-0.031
-0.048
-0.066
-0.083
-0.099
-0.111
-0.12
-0.125
-0.128
-0.127
-0.126
-0.117
-0.116
-0.114
-0.113
-0.111
-0.118
-0.116
-0.115
-0.113
-0.112
