0.135
0.119
0.101
0.081
0.061
0.041
0.02
0
-0.016
-0.033
-0.049
-0.066
-0.084
-0.101
-0.113
-0.121
-0.127
-0.128
-0.127
-0.126
-0.125
-0.124
-0.123
-0.122
-0.121
-0.12
-0.118
-0.117
-0.116
-0.114
-0.113
-0.112
-0.111
-0.11
-0.116
-0.116
-0.116
-0.115
-0.114
-0.106
-0.104
-0.102
-0.102
-0.101
-0.101
-0.1
-0.1
-0.098
-0.097
-0.095
-0.094
-0.094
-0.093
-0.094
-0.094
-0.093
-0.091
-0.09
-0.09
-0.089
-0.089
-0.088
-0.088
-0.086
-0.084
-0.083
-0.082
-0.082
-0.086
-0.087
-0.085
-0.078
-0.068
-0.051
-0.036
-0.019
-0.003
0.013
0.027
0.039
0.047
0.052
0.055
0.053
0.05
0.045
0.037
0.026
0.013
-0.002
-0.018
-0.035
-0.05
-0.062
-0.069
-0.074
-0.077
-0.079
-0.08
-0.082
-0.082
-0.081
-0.079
-0.078
-0.076
-0.075
-0.075
-0.076
-0.076
-0.075
-0.074
-0.074
-0.074
-0.079
-0.088
-0.084
-0.055
-0.001
0.079
0.183
0.294
0.409
0.526
0.638
0.736
0.795
0.806
0.766
0.621
0.498
0.367
0.231
0.091
0.021
-0.086
-0.16
-0.202
-0.211
-0.191
-0.165
-0.146
-0.135
-0.13
-0.129
-0.128
-0.127
-0.125
-0.123
-0.121
-0.12
-0.119
-0.117
-0.117
-0.116
-0.114
-0.113
-0.11
-0.102
-0.089
-0.075
-0.058
-0.038
-0.018
-0.003
0.014
0.03
0.049
0.069
0.088
0.107
0.125
0.14
0.153
0.162
0.168
0.172
0.174
0.176
0.177
0.177
0.177
0.175
0.171
0.166
0.161
0.155
0.147
0.137
0.125
0.11
0.092
0.072
0.05
0.029
0.01
-0.008
-0.025
-0.044
-0.062
-0.078
-0.095
-0.112
-0.124
-0.132
-0.137
-0.137
-0.135
-0.134
-0.134
-0.134
-0.133
-0.131
-0.13
-0.129
-0.127
-0.126
-0.126
-0.125
-0.123
-0.122
-0.122
-0.121
-0.119
-0.119
-0.119
-0.118
-0.116
-0.114
-0.113
-0.111
-0.11
-0.109
-0.109
-0.108
-0.107
-0.107
-0.105
-0.105
-0.104
-0.103
-0.102
-0.1
-0.098
-0.097
-0.095
-0.094
-0.094
-0.093
-0.091
-0.091
