0.087
0.066
0.046
0.025
0.005
-0.016
-0.033
-0.05
-0.066
-0.084
-0.102
-0.118
-0.129
-0.137
-0.141
-0.142
-0.147
-0.146
-0.144
-0.142
-0.141
-0.132
-0.13
-0.128
-0.126
-0.125
-0.131
-0.13
-0.129
-0.129
-0.128
-0.12
-0.119
-0.118
-0.116
-0.115
-0.114
-0.112
-0.107
-0.106
-0.106
-0.105
-0.104
-0.107
-0.106
-0.104
-0.102
-0.101
-0.1
-0.099
-0.098
-0.097
-0.095
-0.094
-0.093
-0.093
-0.091
-0.091
-0.091
-0.089
-0.089
-0.088
-0.088
-0.087
-0.085
-0.084
-0.084
-0.083
-0.08
-0.074
-0.064
-0.051
-0.035
-0.018
-0.001
0.015
0.03
0.041
0.049
0.053
0.055
0.055
0.052
0.046
0.037
0.025
0.011
-0.003
-0.018
-0.034
-0.049
-0.061
-0.069
-0.074
-0.075
-0.076
-0.076
-0.076
-0.075
-0.074
-0.074
-0.073
-0.08
-0.08
-0.079
-0.077
-0.077
-0.068
-0.067
-0.066
-0.067
-0.071
-0.08
-0.076
-0.049
0.004
0.082
0.184
0.295
0.41
0.528
0.64
0.738
0.8
0.771
0.733
0.648
0.527
0.396
0.306
0.166
0.033
-0.07
-0.145
-0.189
-0.198
-0.178
-0.158
-0.139
-0.127
-0.122
-0.121
-0.12
-0.118
-0.117
-0.116
-0.114
-0.112
-0.111
-0.11
-0.108
-0.107
-0.106
-0.105
-0.101
-0.094
-0.084
-0.069
-0.051
-0.033
-0.014
0.004
0.02
0.036
0.055
0.076
0.096
0.115
0.134
0.15
0.163
0.173
0.18
0.184
0.186
0.187
0.189
0.189
0.188
0.186
0.183
0.177
0.171
0.164
0.156
0.146
0.133
0.119
0.102
0.083
0.061
0.04
0.021
0.002
-0.015
-0.033
-0.049
-0.066
-0.083
-0.099
-0.112
-0.121
-0.126
-0.127
-0.126
-0.126
-0.124
-0.123
-0.122
-0.12
-0.12
-0.119
-0.118
-0.117
-0.116
-0.113
-0.112
-0.111
-0.109
-0.108
-0.108
-0.106
-0.104
-0.103
-0.103
-0.101
-0.104
-0.102
-0.101
-0.099
-0.098
-0.093
-0.093
-0.092
-0.091
-0.09
-0.089
-0.088
-0.088
-0.088
-0.087
-0.086
-0.086
-0.085
-0.083
-0.082
-0.079
-0.077
-0.076
-0.075
