0.089
0.076
0.064
0.051
0.036
0.026
0.007
-0.011
-0.026
-0.039
-0.052
-0.056
-0.058
-0.059
-0.057
-0.055
-0.054
-0.053
-0.055
-0.057
-0.057
-0.056
-0.055
-0.055
-0.055
-0.054
-0.053
-0.052
-0.051
-0.051
-0.05
-0.05
-0.049
-0.046
-0.045
-0.048
-0.047
-0.048
-0.048
-0.047
-0.046
-0.047
-0.04
-0.037
-0.03
-0.022
-0.013
-0.011
-0.001
0.006
0.012
0.017
0.019
0.015
0.003
-0.01
-0.021
-0.031
-0.041
-0.044
-0.045
-0.048
-0.048
-0.046
-0.046
-0.047
-0.047
-0.047
-0.048
-0.051
-0.052
-0.044
0.048
0.126
0.222
0.326
0.416
0.406
0.321
0.234
0.125
0.012
-0.087
-0.091
-0.099
-0.096
-0.083
-0.07
-0.062
-0.063
-0.061
-0.062
-0.062
-0.06
-0.058
-0.059
-0.045
-0.034
-0.021
-0.006
0.011
0.014
0.033
0.046
0.06
0.074
0.086
0.084
0.086
0.086
0.084
0.084
0.083
0.078
0.062
0.047
0.03
0.016
-0.011
-0.024
-0.039
-0.055
-0.069
-0.067
-0.067
-0.065
-0.063
-0.063
-0.064
-0.063
-0.063
-0.061
-0.059
-0.059
-0.061
-0.061
-0.062
-0.059
-0.057
-0.056
-0.057
-0.056
-0.057
-0.056
-0.053
-0.052
-0.052
-0.05
-0.049
-0.047
-0.045
-0.045
-0.046
-0.046
-0.037
-0.026
-0.013
0
0.012
0.016
0.016
0.016
0.014
0.007
-0.002
-0.01
-0.02
-0.028
-0.033
-0.037
-0.041
-0.04
-0.041
-0.04
-0.039
-0.039
-0.04
-0.04
-0.043
-0.033
-0.011
0.021
0.095
0.186
0.25
0.287
0.302
0.26
0.158
0.077
0.013
-0.035
-0.071
-0.06
-0.053
-0.048
-0.046
-0.046
-0.047
-0.047
-0.045
-0.043
-0.038
-0.033
-0.028
-0.022
-0.003
0.015
0.032
0.05
0.065
0.069
0.08
0.089
0.098
0.104
0.106
0.105
0.1
0.096
0.092
0.086
0.076
0.069
0.049
0.031
0.015
-0.001
-0.019
-0.025
-0.034
-0.041
-0.045
-0.048
-0.05
-0.05
-0.051
-0.05
-0.049
-0.048
-0.049
-0.049
-0.05
-0.049
-0.047
-0.045
-0.046
-0.045
-0.045
-0.045
