-0.113
-0.111
-0.109
-0.108
-0.107
-0.106
-0.106
-0.106
-0.105
-0.102
-0.096
-0.087
-0.073
-0.055
-0.037
-0.019
-0.002
0.015
0.032
0.051
0.071
0.089
0.107
0.125
0.143
0.156
0.166
0.174
0.186
0.189
0.191
0.193
0.194
0.186
0.184
0.181
0.176
0.17
0.164
0.157
0.148
0.138
0.126
0.11
0.09
0.068
0.048
0.028
0.006
-0.013
-0.03
-0.048
-0.065
-0.083
-0.1
-0.115
-0.125
-0.131
-0.128
-0.128
-0.127
-0.125
-0.123
-0.127
-0.125
-0.123
-0.122
-0.122
-0.121
-0.121
-0.121
-0.12
-0.119
-0.116
-0.115
-0.114
-0.112
-0.112
-0.112
-0.112
-0.111
-0.111
-0.111
-0.11
-0.108
-0.107
-0.106
-0.105
-0.104
-0.104
-0.104
-0.103
-0.102
-0.101
-0.1
-0.098
-0.095
-0.093
-0.092
-0.091
-0.091
-0.091
-0.091
-0.091
-0.089
-0.089
-0.088
-0.087
-0.087
-0.086
-0.086
-0.084
-0.08
-0.071
-0.059
-0.043
-0.027
-0.01
0.006
0.02
0.032
0.042
0.049
0.052
0.052
0.05
0.045
0.036
0.025
0.012
-0.003
-0.019
-0.035
-0.048
-0.061
-0.071
-0.077
-0.08
-0.081
-0.081
-0.084
-0.084
-0.083
-0.082
-0.082
-0.078
-0.077
-0.076
-0.075
-0.074
-0.073
-0.073
-0.072
-0.072
-0.077
-0.087
-0.088
-0.069
-0.025
0.048
0.15
0.261
0.37
0.483
0.6
0.709
0.785
0.813
0.79
0.716
0.598
0.466
0.335
0.201
0.062
-0.064
-0.151
-0.203
-0.22
-0.204
-0.175
-0.153
-0.138
-0.131
-0.13
-0.129
-0.128
-0.127
-0.125
-0.124
-0.122
-0.122
-0.121
-0.12
-0.12
-0.119
-0.119
-0.117
-0.111
-0.101
-0.087
-0.071
-0.053
-0.036
-0.018
-0.002
0.014
0.032
0.052
0.072
0.092
0.111
0.128
0.141
0.151
0.159
0.16
0.162
0.165
0.168
0.17
0.173
0.172
0.169
0.163
0.158
0.152
0.145
0.137
0.125
0.111
0.095
0.075
0.053
0.031
0.01
-0.01
-0.027
-0.043
-0.06
-0.077
-0.093
-0.109
-0.123
-0.134
-0.14
-0.148
-0.148
-0.147
-0.143
