-0.126
-0.125
-0.124
-0.123
-0.121
-0.121
-0.12
-0.118
-0.116
-0.115
-0.114
-0.113
-0.098
-0.095
-0.088
-0.076
-0.062
-0.057
-0.038
-0.021
-0.005
0.011
0.028
0.048
0.067
0.086
0.105
0.124
0.14
0.151
0.16
0.166
0.17
0.172
0.166
0.168
0.168
0.167
0.164
0.169
0.164
0.157
0.152
0.143
0.133
0.123
0.109
0.09
0.069
0.048
0.028
0.009
-0.011
-0.029
-0.046
-0.063
-0.08
-0.097
-0.114
-0.127
-0.135
-0.14
-0.141
-0.14
-0.138
-0.137
-0.136
-0.135
-0.134
-0.133
-0.132
-0.131
-0.129
-0.127
-0.126
-0.125
-0.123
-0.121
-0.121
-0.119
-0.118
-0.117
-0.117
-0.116
-0.115
-0.114
-0.113
-0.111
-0.11
-0.11
-0.109
-0.108
-0.107
-0.106
-0.104
-0.103
-0.102
-0.1
-0.099
-0.098
-0.097
-0.096
-0.094
-0.094
-0.093
-0.093
-0.092
-0.091
-0.09
-0.089
-0.088
-0.088
-0.087
-0.087
-0.086
-0.084
-0.078
-0.067
-0.052
-0.035
-0.018
-0.001
0.014
0.028
0.039
0.047
0.051
0.052
0.052
0.049
0.042
0.033
0.022
0.007
-0.008
-0.024
-0.039
-0.053
-0.066
-0.074
-0.08
-0.083
-0.084
-0.083
-0.083
-0.082
-0.08
-0.079
-0.078
-0.077
-0.076
-0.076
-0.076
-0.076
-0.074
-0.073
-0.072
-0.072
-0.078
-0.087
-0.079
-0.048
0.009
0.098
0.209
0.32
0.43
0.542
0.657
0.755
0.807
0.809
0.762
0.664
0.474
0.342
0.212
0.079
-0.057
-0.103
-0.172
-0.207
-0.21
-0.186
-0.159
-0.141
-0.132
-0.128
-0.126
-0.125
-0.123
-0.121
-0.118
-0.117
-0.115
-0.114
-0.112
-0.111
-0.11
-0.11
-0.108
-0.105
-0.097
-0.085
-0.068
-0.051
-0.033
-0.015
0.003
0.019
0.035
0.053
0.073
0.093
0.113
0.131
0.144
0.156
0.165
0.171
0.175
0.178
0.181
0.182
0.182
0.181
0.179
0.175
0.169
0.163
0.156
0.149
0.139
0.127
0.112
0.094
0.074
0.053
0.032
0.012
-0.006
-0.023
-0.039
-0.058
-0.077
-0.093
-0.109
-0.121
-0.129
-0.133
