-0.079
-0.079
-0.078
-0.077
-0.076
-0.075
-0.074
-0.074
-0.073
-0.074
-0.081
-0.088
-0.074
-0.038
0.023
0.112
0.226
0.347
0.461
0.569
0.674
0.764
0.808
0.801
0.745
0.643
0.507
0.364
0.23
0.101
-0.02
-0.117
-0.166
-0.195
-0.191
-0.166
-0.141
-0.14
-0.132
-0.129
-0.128
-0.126
-0.124
-0.122
-0.119
-0.117
-0.116
-0.114
-0.112
-0.112
-0.111
-0.11
-0.107
-0.102
-0.094
-0.082
-0.065
-0.045
-0.027
-0.01
0.007
0.023
0.042
0.062
0.08
0.098
0.119
0.137
0.151
0.162
0.171
0.176
0.18
0.183
0.186
0.187
0.186
0.184
0.171
0.167
0.161
0.156
0.149
0.15
0.14
0.127
0.111
0.091
0.071
0.051
0.031
0.011
-0.008
-0.025
-0.042
-0.059
-0.075
-0.093
-0.108
-0.118
-0.125
-0.128
-0.129
-0.128
-0.128
-0.127
-0.125
-0.124
-0.121
-0.12
-0.119
-0.117
-0.115
-0.114
-0.113
-0.112
-0.111
-0.11
-0.109
-0.107
-0.105
-0.104
-0.102
-0.099
-0.098
-0.097
-0.096
-0.096
-0.096
-0.096
-0.095
-0.093
-0.093
-0.093
-0.092
-0.091
-0.091
-0.09
-0.089
-0.088
-0.087
-0.086
-0.084
-0.084
-0.083
-0.081
-0.08
-0.079
-0.078
-0.076
-0.075
-0.075
-0.074
-0.074
-0.073
-0.069
-0.061
-0.049
-0.034
-0.018
-0.001
0.015
0.031
0.044
0.054
0.06
0.062
0.063
0.061
0.058
0.051
0.042
0.027
0.012
-0.003
-0.019
-0.034
-0.046
-0.056
-0.063
-0.067
-0.069
-0.07
-0.071
-0.071
-0.071
-0.07
-0.068
-0.068
-0.067
-0.066
-0.064
-0.063
-0.062
-0.061
-0.06
-0.06
-0.062
-0.07
-0.075
-0.062
-0.024
0.042
0.137
0.247
0.356
0.469
0.585
0.696
0.782
0.821
0.811
0.749
0.641
0.51
0.379
0.246
0.107
-0.024
-0.119
-0.178
-0.205
-0.2
-0.172
-0.148
-0.132
-0.124
-0.121
-0.12
-0.119
-0.119
-0.117
-0.114
-0.112
-0.111
-0.109
-0.107
-0.106
-0.104
-0.103
-0.101
-0.096
-0.089
-0.077
-0.062
-0.044
-0.026
-0.006
0.012
0.03
