-0.106
-0.105
-0.103
-0.101
-0.095
-0.086
-0.073
-0.057
-0.039
-0.021
-0.003
0.013
0.029
0.047
0.065
0.084
0.102
0.121
0.136
0.149
0.16
0.167
0.172
0.175
0.177
0.179
0.18
0.179
0.178
0.174
0.169
0.164
0.158
0.151
0.143
0.133
0.104
0.088
0.07
0.05
0.03
0.027
0.007
-0.01
-0.026
-0.043
-0.06
-0.076
-0.092
-0.105
-0.114
-0.12
-0.122
-0.122
-0.117
-0.116
-0.114
-0.113
-0.112
-0.114
-0.113
-0.112
-0.11
-0.108
-0.108
-0.107
-0.113
-0.112
-0.111
-0.11
-0.108
-0.099
-0.099
-0.097
-0.096
-0.095
-0.094
-0.093
-0.092
-0.092
-0.091
-0.09
-0.089
-0.088
-0.082
-0.082
-0.081
-0.08
-0.079
-0.082
-0.082
-0.081
-0.08
-0.079
-0.079
-0.078
-0.077
-0.076
-0.075
-0.074
-0.073
-0.072
-0.072
-0.071
-0.069
-0.067
-0.063
-0.054
-0.042
-0.028
-0.012
0.005
0.02
0.033
0.045
0.054
0.059
0.062
0.062
0.06
0.056
0.048
0.038
0.026
0.012
-0.004
-0.02
-0.034
-0.046
-0.055
-0.061
-0.064
-0.065
-0.065
-0.065
-0.065
-0.065
-0.065
-0.064
-0.064
-0.064
-0.063
-0.063
-0.062
-0.061
-0.06
-0.059
-0.059
-0.061
-0.07
-0.073
-0.053
-0.011
0.056
0.151
0.26
0.37
0.478
0.585
0.687
0.709
0.736
0.714
0.647
0.535
0.46
0.33
0.201
0.074
-0.042
-0.126
-0.178
-0.196
-0.184
-0.157
-0.135
-0.122
-0.116
-0.114
-0.112
-0.112
-0.11
-0.109
-0.108
-0.108
-0.107
-0.106
-0.105
-0.104
-0.103
-0.101
-0.099
-0.094
-0.085
-0.071
-0.055
-0.038
-0.02
-0.002
0.014
0.03
0.047
0.065
0.083
0.101
0.12
0.135
0.148
0.158
0.165
0.169
0.172
0.174
0.175
0.176
0.175
0.173
0.17
0.166
0.16
0.155
0.148
0.139
0.127
0.113
0.096
0.077
0.057
0.037
0.019
-0.001
-0.018
-0.035
-0.051
-0.067
-0.084
-0.1
-0.114
-0.124
-0.13
-0.133
-0.132
-0.131
-0.129
-0.128
-0.126
-0.124
-0.123
-0.122
-0.121
