-0.06
-0.057
-0.056
-0.057
-0.056
-0.056
-0.054
-0.051
-0.05
-0.051
-0.05
-0.05
-0.048
-0.045
-0.042
-0.04
-0.034
-0.026
-0.011
0.002
0.012
0.018
0.024
0.023
0.015
0.007
-0.006
-0.021
-0.034
-0.039
-0.041
-0.04
-0.041
-0.042
-0.042
-0.042
-0.041
-0.038
-0.038
-0.04
-0.042
-0.047
-0
0.057
0.108
0.144
0.167
0.126
0.063
0.002
-0.031
-0.048
-0.054
-0.048
-0.035
-0.036
-0.035
-0.032
-0.032
-0.033
-0.033
-0.033
-0.027
-0.018
-0.008
0.002
0.013
0.021
0.039
0.058
0.075
0.087
0.1
0.103
0.108
0.111
0.113
0.111
0.11
0.107
0.099
0.091
0.078
0.062
0.046
0.036
0.02
0.006
-0.008
-0.024
-0.037
-0.04
-0.044
-0.046
-0.045
-0.044
-0.045
-0.045
-0.043
-0.041
-0.043
-0.041
-0.04
-0.04
-0.041
-0.039
-0.04
-0.038
-0.037
-0.037
-0.038
-0.036
-0.037
-0.035
-0.033
-0.034
-0.035
-0.033
-0.028
-0.021
-0.01
0.002
0.014
0.022
0.028
0.034
0.034
0.031
0.029
0.027
0.012
0.001
-0.011
-0.024
-0.036
-0.035
-0.037
-0.035
-0.034
-0.035
-0.037
-0.036
-0.038
-0.036
-0.036
-0.041
-0.044
-0.032
0.056
0.137
0.232
0.333
0.422
0.417
0.329
0.245
0.136
0.019
-0.084
-0.083
-0.092
-0.085
-0.071
-0.061
-0.055
-0.055
-0.053
-0.048
-0.034
-0.02
-0.005
0.012
0.03
0.039
0.054
0.065
0.073
0.081
0.091
0.092
0.092
0.089
0.085
0.08
0.075
0.07
0.056
0.038
0.02
0.001
-0.014
-0.022
-0.033
-0.044
-0.055
-0.064
-0.069
-0.068
-0.066
-0.066
-0.067
-0.066
-0.065
-0.064
-0.062
-0.062
-0.063
-0.063
-0.062
-0.061
-0.059
-0.059
-0.06
-0.06
-0.058
-0.059
-0.057
-0.057
-0.058
-0.058
-0.056
-0.055
-0.052
-0.052
-0.053
-0.054
-0.044
-0.035
-0.023
-0.008
0.006
0.009
0.012
0.01
0.004
-0.003
-0.009
-0.016
-0.025
-0.035
-0.043
-0.051
-0.054
-0.054
-0.053
-0.052
-0.053
-0.054
-0.053
-0.05
