-0.101
-0.089
-0.078
-0.069
-0.063
-0.061
-0.062
-0.061
-0.062
-0.062
-0.059
-0.057
-0.054
-0.049
-0.036
-0.021
-0.004
0.013
0.028
0.038
0.049
0.06
0.07
0.077
0.081
0.082
0.08
0.078
0.076
0.072
0.065
0.058
0.042
0.026
0.01
-0.006
-0.022
-0.031
-0.042
-0.051
-0.058
-0.063
-0.068
-0.067
-0.067
-0.066
-0.064
-0.063
-0.063
-0.063
-0.063
-0.063
-0.061
-0.06
-0.06
-0.06
-0.06
-0.059
-0.057
-0.056
-0.056
-0.055
-0.056
-0.055
-0.054
-0.052
-0.052
-0.052
-0.053
-0.053
-0.051
-0.049
-0.049
-0.047
-0.038
-0.027
-0.013
0
0.012
0.015
0.014
0.011
0.007
0
-0.009
-0.017
-0.027
-0.034
-0.039
-0.041
-0.044
-0.044
-0.044
-0.044
-0.043
-0.041
-0.041
-0.041
-0.038
-0.022
0.006
0.045
0.095
0.15
0.22
0.266
0.29
0.29
0.266
0.201
0.115
0.046
-0.006
-0.044
-0.07
-0.062
-0.057
-0.056
-0.055
-0.053
-0.052
-0.052
-0.047
-0.042
-0.035
-0.026
-0.014
-0.005
0.006
0.02
0.034
0.047
0.058
0.066
0.074
0.081
0.088
0.093
0.095
0.095
0.09
0.085
0.08
0.074
0.065
0.056
0.039
0.022
0.006
-0.009
-0.026
-0.034
-0.043
-0.049
-0.055
-0.056
-0.054
-0.052
-0.051
-0.049
-0.048
-0.049
-0.048
-0.048
-0.047
-0.046
-0.045
-0.046
-0.045
-0.045
-0.044
-0.042
-0.041
-0.043
-0.042
-0.042
-0.041
-0.039
-0.038
-0.04
-0.038
-0.039
-0.037
-0.034
-0.03
-0.027
-0.013
-0.002
0.01
0.022
0.031
0.028
0.021
0.013
0.004
-0.005
-0.016
-0.022
-0.027
-0.031
-0.035
-0.036
-0.035
-0.035
-0.035
-0.034
-0.032
-0.031
-0.032
-0.034
0.014
0.073
0.14
0.22
0.313
0.361
0.339
0.295
0.225
0.13
0.019
-0.033
-0.06
-0.073
-0.074
-0.064
-0.053
-0.052
-0.052
-0.05
-0.049
-0.049
-0.05
-0.049
-0.042
-0.032
-0.022
-0.011
0
0.008
0.024
0.041
0.057
0.07
0.081
0.084
0.086
0.088
0.089
0.087
0.085
0.082
0.073
0.063
0.052
0.037
0.02
0.011
-0.006
-0.021
-0.035
-0.049
-0.061
-0.063
-0.064
-0.062
-0.061
-0.061
-0.062
-0.061
-0.061
-0.06
-0.059
-0.059
-0.059
-0.058
-0.058
-0.056
-0.055
-0.056
-0.057
-0.056
-0.057
-0.056
-0.054
-0.054
-0.055
-0.054
-0.054
-0.053
-0.052
-0.052
-0.053
-0.052
-0.05
-0.044
-0.036
-0.028
-0.02
-0.011
-0.003
0.005
0.011
0.013
0.002
-0.01
-0.023
-0.037
-0.048
-0.049
-0.05
-0.049
-0.047
-0.047
-0.048
-0.048
-0.052
-0.051
-0.053
-0.057
-0.056
-0.039
0.051
0.135
0.231
0.326
0.401
0.384
0.315
0.225
0.116
0.011
-0.078
-0.099
-0.102
-0.091
-0.077
-0.068
-0.063
-0.063
-0.063
-0.061
-0.059
-0.059
-0.06
-0.058
-0.049
-0.036
-0.021
-0.006
0.009
0.018
0.032
0.047
0.061
0.072
0.08
0.081
0.081
0.081
0.081
0.079
0.075
0.071
0.055
0.042
0.029
0.014
-0.011
-0.024
-0.038
-0.053
-0.065
-0.065
-0.065
-0.064
-0.062
-0.061
-0.061
-0.061
-0.061
-0.059
-0.057
-0.056
-0.056
-0.056
-0.056
-0.055
-0.053
-0.052
-0.052
-0.052
-0.052
-0.052
-0.05
-0.049
-0.049
-0.047
-0.046
-0.047
-0.046
-0.046
-0.04
-0.031
-0.021
-0.009
0.003
0.009
0.013
0.016
0.018
0.016
0.011
0.005
-0.007
-0.018
-0.026
-0.033
-0.039
-0.04
-0.041
-0.04
-0.038
-0.037
-0.037
-0.037
-0.04
-0.045
-0.042
-0.028
-0.005
0.032
0.125
0.221
0.3
0.355
0.385
0.345
0.235
0.128
0.039
-0.033
-0.091
-0.082
-0.069
-0.06
-0.052
-0.049
-0.048
-0.048
-0.049
-0.048
-0.046
-0.044
-0.041
-0.036
-0.024
-0.01
0.007
0.024
0.039
0.048
0.06
0.071
0.081
0.09
0.096
0.097
0.095
0.092
0.09
0.087
0.082
0.075
0.059
0.043
0.028
0.013
-0.004
-0.013
-0.025
-0.036
-0.043
-0.048
-0.052
-0.052
-0.053
-0.053
-0.052
-0.05
-0.05
-0.05
-0.05
-0.05
-0.049
-0.048
-0.048
-0.048
-0.048
-0.048
