-0.074
-0.075
-0.074
-0.073
-0.073
-0.072
-0.069
-0.063
-0.054
-0.04
-0.013
0.004
0.021
0.036
0.05
0.051
0.06
0.065
0.066
0.066
0.064
0.059
0.05
0.039
0.026
0.009
-0.009
-0.025
-0.041
-0.053
-0.063
-0.069
-0.071
-0.069
-0.07
-0.069
-0.067
-0.066
-0.066
-0.066
-0.065
-0.065
-0.065
-0.063
-0.062
-0.062
-0.062
-0.062
-0.063
-0.069
-0.079
-0.074
-0.047
0.002
0.082
0.194
0.312
0.422
0.531
0.641
0.746
0.811
0.824
0.787
0.699
0.567
0.427
0.296
0.167
0.037
-0.078
-0.158
-0.2
-0.208
-0.186
-0.157
-0.137
-0.124
-0.119
-0.118
-0.118
-0.117
-0.116
-0.116
-0.114
-0.113
-0.112
-0.111
-0.111
-0.11
-0.11
-0.109
-0.106
-0.1
-0.089
-0.073
-0.055
-0.037
-0.019
-0.003
0.014
0.031
0.049
0.067
0.086
0.106
0.126
0.141
0.154
0.163
0.171
0.175
0.178
0.179
0.181
0.181
0.179
0.176
0.173
0.168
0.162
0.156
0.149
0.139
0.127
0.111
0.093
0.072
0.052
0.032
0.011
-0.009
-0.026
-0.042
-0.058
-0.075
-0.093
-0.107
-0.117
-0.125
-0.13
-0.132
-0.132
-0.133
-0.133
-0.133
-0.132
-0.131
-0.129
-0.128
-0.127
-0.126
-0.125
-0.124
-0.123
-0.122
-0.12
-0.119
-0.118
-0.117
-0.116
-0.115
-0.114
-0.113
-0.105
-0.104
-0.103
-0.102
-0.1
-0.106
-0.105
-0.104
-0.104
-0.104
-0.102
-0.099
-0.097
-0.095
-0.095
-0.095
-0.096
-0.096
-0.104
-0.103
-0.101
-0.101
-0.1
-0.092
-0.093
-0.092
-0.091
-0.09
-0.089
-0.088
-0.085
-0.078
-0.068
-0.055
-0.037
-0.02
-0.002
0.014
0.028
0.036
0.044
0.05
0.052
0.052
0.05
0.046
0.036
0.024
0.01
-0.006
-0.023
-0.039
-0.054
-0.065
-0.073
-0.079
-0.08
-0.081
-0.082
-0.082
-0.082
-0.082
-0.082
-0.082
-0.081
-0.08
-0.08
-0.079
-0.078
-0.078
-0.078
-0.076
-0.076
-0.082
-0.091
-0.085
-0.055
0
0.08
0.184
0.295
0.412
0.528
0.638
0.733
0.791
