-0.048
-0.049
-0.049
-0.049
-0.048
-0.048
-0.049
-0.05
-0.038
-0.027
-0.014
0.002
0.017
0.021
0.04
0.055
0.071
0.087
0.098
0.098
0.099
0.101
0.101
0.101
0.098
0.094
0.081
0.068
0.055
0.041
0.025
0.015
-0.002
-0.018
-0.031
-0.043
-0.053
-0.055
-0.056
-0.054
-0.053
-0.051
-0.051
-0.05
-0.051
-0.052
-0.05
-0.049
-0.048
-0.047
-0.048
-0.048
-0.047
-0.046
-0.045
-0.044
-0.045
-0.044
-0.043
-0.041
-0.041
-0.04
-0.041
-0.042
-0.04
-0.039
-0.038
-0.038
-0.034
-0.029
-0.02
-0.01
0.001
0.009
0.015
0.019
0.024
0.025
0.021
0.015
0.001
-0.012
-0.023
-0.031
-0.037
-0.037
-0.038
-0.039
-0.04
-0.042
-0.046
-0.047
-0.038
-0.017
0.064
0.161
0.265
0.353
0.415
0.404
0.314
0.199
0.085
-0.012
-0.093
-0.103
-0.096
-0.082
-0.071
-0.062
-0.058
-0.059
-0.059
-0.06
-0.06
-0.059
-0.057
-0.054
-0.044
-0.03
-0.015
0.002
0.018
0.027
0.041
0.054
0.068
0.08
0.089
0.09
0.088
0.086
0.084
0.083
0.081
0.076
0.059
0.043
0.026
0.01
-0.007
-0.015
-0.03
-0.044
-0.055
-0.063
-0.07
-0.069
-0.069
-0.069
-0.069
-0.068
-0.067
-0.067
-0.066
-0.066
-0.067
-0.067
-0.066
-0.065
-0.066
-0.066
-0.063
-0.062
-0.062
-0.061
-0.061
-0.062
-0.063
-0.062
-0.061
-0.06
-0.06
-0.061
-0.061
-0.059
-0.058
-0.057
-0.048
-0.039
-0.027
-0.014
-0.002
0.003
0.005
0.003
-0.003
-0.009
-0.02
-0.032
-0.041
-0.047
-0.052
-0.053
-0.052
-0.053
-0.054
-0.053
-0.051
-0.05
-0.039
-0.04
-0.031
-0.008
0.025
0.058
0.159
0.246
0.31
0.351
0.301
0.188
0.086
-0.006
-0.084
-0.077
-0.065
-0.064
-0.061
-0.059
-0.058
-0.059
-0.056
-0.056
-0.054
-0.05
-0.044
-0.039
-0.019
-0.003
0.013
0.031
0.049
0.053
0.067
0.076
0.084
0.091
0.098
0.096
0.095
0.092
0.089
0.085
0.08
0.072
0.052
0.032
0.013
-0.004
