0.07
0.067
0.063
0.057
0.05
0.041
0.031
0.02
0.009
-0.001
-0.011
-0.019
-0.027
-0.035
-0.044
-0.053
-0.061
-0.068
-0.074
-0.076
-0.076
-0.074
-0.073
-0.072
-0.07
-0.07
-0.071
-0.07
-0.07
-0.071
-0.07
-0.069
-0.067
-0.066
-0.065
-0.064
-0.064
-0.064
-0.064
-0.063
-0.062
-0.062
-0.061
-0.061
-0.062
-0.062
-0.061
-0.061
-0.06
-0.059
-0.058
-0.057
-0.056
-0.055
-0.055
-0.055
-0.056
-0.056
-0.055
-0.054
-0.053
-0.052
-0.051
-0.051
-0.05
-0.049
-0.047
-0.046
-0.046
-0.045
-0.046
-0.046
-0.046
-0.045
-0.042
-0.036
-0.028
-0.019
-0.01
-0.002
0.005
0.011
0.015
0.019
0.022
0.023
0.024
0.023
0.021
0.016
0.009
0.002
-0.009
-0.018
-0.026
-0.033
-0.038
-0.038
-0.041
-0.042
-0.042
-0.041
-0.04
-0.039
-0.038
-0.038
-0.038
-0.038
-0.038
-0.037
-0.036
-0.036
-0.037
-0.038
-0.037
-0.038
-0.037
-0.041
-0.037
-0.022
0.006
0.043
0.098
0.157
0.214
0.271
0.328
0.378
0.407
0.413
0.393
0.349
0.285
0.218
0.15
0.081
0.014
-0.041
-0.08
-0.102
-0.105
-0.094
-0.081
-0.071
-0.065
-0.063
-0.063
-0.063
-0.062
-0.06
-0.059
-0.059
-0.058
-0.057
-0.058
-0.058
-0.057
-0.057
-0.055
-0.052
-0.047
-0.041
-0.033
-0.025
-0.015
-0.006
0.003
0.012
0.021
0.03
0.04
0.05
0.06
0.069
0.077
0.083
0.087
0.09
0.093
0.096
0.097
0.099
0.1
0.099
0.097
0.094
0.089
0.087
0.084
0.081
0.077
0.074
0.066
0.056
0.046
0.035
0.025
0.013
0.003
-0.006
-0.016
-0.025
-0.033
-0.042
-0.05
-0.056
-0.06
-0.063
-0.063
-0.063
-0.063
-0.062
-0.061
-0.061
-0.06
-0.06
-0.059
-0.058
-0.058
-0.058
-0.058
-0.059
-0.058
-0.058
-0.057
-0.055
-0.055
-0.054
-0.053
-0.052
-0.051
-0.051
-0.051
-0.05
-0.049
-0.048
-0.047
-0.046
-0.044
-0.044
-0.044
-0.045
-0.044
-0.044
-0.043
-0.041
-0.039
-0.037
-0.037
-0.037
