0.004
-0.009
-0.02
-0.029
-0.035
-0.035
-0.034
-0.035
-0.035
-0.035
-0.034
-0.033
-0.034
-0.039
-0.04
-0.029
-0.004
0.033
0.132
0.232
0.316
0.376
0.412
0.374
0.263
0.149
0.049
-0.032
-0.091
-0.084
-0.071
-0.06
-0.053
-0.052
-0.052
-0.051
-0.05
-0.051
-0.051
-0.049
-0.044
-0.041
-0.025
-0.011
0.004
0.02
0.037
0.046
0.061
0.073
0.081
0.089
0.096
0.096
0.096
0.094
0.089
0.085
0.081
0.074
0.06
0.045
0.027
0.009
-0.006
-0.014
-0.026
-0.037
-0.048
-0.057
-0.061
-0.059
-0.058
-0.057
-0.058
-0.06
-0.06
-0.059
-0.059
-0.057
-0.056
-0.057
-0.058
-0.058
-0.058
-0.059
-0.06
-0.059
-0.057
-0.055
-0.054
-0.053
-0.054
-0.053
-0.052
-0.051
-0.041
-0.031
-0.022
-0.011
0.002
0.006
0.003
-0
-0.006
-0.016
-0.029
-0.035
-0.043
-0.05
-0.055
-0.056
-0.056
-0.053
-0.053
-0.052
-0.052
-0.053
-0.053
-0.052
-0.029
-0.016
0.006
0.041
0.087
0.122
0.181
0.241
0.276
0.286
0.274
0.234
0.143
0.064
-0.001
-0.051
-0.085
-0.08
-0.074
-0.069
-0.069
-0.07
-0.069
-0.067
-0.065
-0.059
-0.052
-0.043
-0.034
-0.023
-0.007
0.009
0.026
0.043
0.06
0.069
0.075
0.079
0.083
0.086
0.087
0.086
0.079
0.07
0.06
0.051
0.04
0.03
0.012
-0.006
-0.022
-0.038
-0.053
-0.06
-0.066
-0.071
-0.072
-0.07
-0.067
-0.066
-0.066
-0.067
-0.067
-0.065
-0.062
-0.061
-0.06
-0.061
-0.061
-0.06
-0.058
-0.056
-0.056
-0.058
-0.058
-0.057
-0.056
-0.055
-0.054
-0.054
-0.053
-0.052
-0.05
-0.049
-0.05
-0.05
-0.048
-0.043
-0.035
-0.026
-0.013
-0.003
0.006
0.015
0.022
0.021
0.013
0.002
-0.011
-0.023
-0.034
-0.038
-0.042
-0.044
-0.044
-0.044
-0.043
-0.043
-0.042
-0.043
-0.043
-0.042
-0.042
-0.046
-0.001
0.054
0.122
0.204
0.3
0.353
0.342
0.304
0.221
0.126
0.024
-0.021
-0.054
-0.053
-0.051
-0.051
-0.052
-0.052
-0.051
-0.051
-0.039
-0.031
-0.021
-0.008
0.008
0.011
0.032
0.048
0.063
0.079
0.095
0.094
0.098
0.098
0.097
0.097
0.098
0.096
0.088
0.076
0.063
0.049
0.035
0.024
0.008
-0.009
-0.025
-0.038
-0.049
-0.052
-0.053
-0.053
-0.054
-0.054
-0.052
-0.052
-0.051
-0.052
-0.052
-0.052
-0.049
-0.049
-0.048
-0.049
-0.05
-0.05
-0.048
-0.046
-0.044
-0.044
-0.044
-0.044
-0.042
-0.043
-0.042
-0.041
-0.041
-0.041
-0.037
-0.033
-0.028
-0.021
-0.012
-0.003
0.009
0.017
0.022
0.027
0.029
0.025
0.014
0
-0.014
-0.026
-0.035
-0.037
-0.036
-0.036
-0.037
-0.037
-0.035
-0.035
-0.035
-0.036
-0.039
-0.045
-0.046
-0.037
0.031
0.11
0.204
0.307
0.397
0.413
0.355
0.269
0.158
0.042
-0.055
-0.083
-0.09
-0.084
-0.072
-0.061
-0.054
-0.054
-0.052
-0.052
-0.054
-0.054
-0.053
-0.052
-0.041
-0.03
-0.018
-0.003
0.013
0.022
0.039
0.053
0.064
0.075
0.086
0.087
0.088
0.088
0.085
0.082
0.081
0.077
0.067
0.053
0.036
0.019
0.002
-0.007
-0.02
-0.034
-0.048
-0.06
-0.068
-0.069
-0.068
-0.067
-0.068
-0.069
-0.068
-0.067
-0.065
-0.064
-0.065
-0.065
-0.064
-0.063
-0.062
-0.061
-0.061
-0.061
-0.061
-0.06
-0.058
-0.057
-0.058
-0.059
-0.059
-0.058
-0.056
-0.055
-0.056
-0.057
-0.056
-0.056
-0.048
-0.04
-0.031
-0.021
-0.008
-0.001
0.007
0.012
0.012
0.009
0.004
-0.002
-0.014
-0.025
-0.036
-0.046
-0.053
-0.052
-0.051
-0.05
-0.051
-0.052
-0.053
-0.053
-0.055
-0.057
-0.06
-0.052
-0.03
0.006
0.101
0.204
0.293
0.36
0.315
0.209
0.104
-0.005
-0.099
-0.086
-0.073
-0.07
-0.063
-0.06
-0.06
-0.057
-0.058
-0.057
-0.058
-0.058
-0.056
-0.049
-0.032
-0.012
0.011
0.032
0.052
0.061
0.072
0.077
0.081
0.087
0.093
0.095
0.092
0.091
0.087
0.082
0.076
0.074
0.054
0.039
0.02
0.001
