-0.059
-0.06
-0.06
-0.06
-0.058
-0.057
-0.056
-0.057
-0.057
-0.057
-0.055
-0.054
-0.055
-0.056
-0.049
-0.044
-0.037
-0.027
-0.018
-0.014
-0.004
0.004
0.011
0.015
0.015
0.01
-0.004
-0.017
-0.028
-0.037
-0.047
-0.049
-0.049
-0.048
-0.047
-0.045
-0.045
-0.046
-0.047
-0.047
-0.047
-0.049
-0.05
-0.041
0.051
0.131
0.228
0.331
0.418
0.408
0.321
0.235
0.128
0.015
-0.086
-0.089
-0.097
-0.092
-0.077
-0.064
-0.055
-0.056
-0.055
-0.054
-0.054
-0.052
-0.048
-0.043
-0.029
-0.013
0.003
0.019
0.036
0.046
0.061
0.075
0.087
0.093
0.096
0.092
0.072
0.054
0.034
0.015
-0.004
-0.007
-0.019
-0.028
-0.036
-0.045
-0.052
-0.051
-0.051
-0.049
-0.048
-0.049
-0.047
-0.046
-0.045
-0.042
-0.041
-0.042
-0.043
-0.041
-0.04
-0.038
-0.036
-0.037
-0.039
-0.039
-0.039
-0.038
-0.036
-0.037
-0.037
-0.036
-0.036
-0.034
-0.033
-0.034
-0.034
-0.033
-0.023
-0.011
0.002
0.014
0.026
0.032
0.033
0.033
0.029
0.021
0.012
0.003
-0.008
-0.015
-0.021
-0.027
-0.032
-0.031
-0.03
-0.029
-0.031
-0.022
-0.004
0.024
0.066
0.124
0.215
0.283
0.325
0.34
0.329
0.261
0.16
0.077
0.012
-0.04
-0.077
-0.065
-0.058
-0.053
-0.051
-0.052
-0.052
-0.05
-0.048
-0.047
-0.044
-0.04
-0.035
-0.028
-0.01
0.008
0.025
0.041
0.056
0.065
0.076
0.087
0.094
0.098
0.1
0.098
0.095
0.093
0.088
0.08
0.07
0.061
0.044
0.028
0.012
-0.007
-0.025
-0.034
-0.044
-0.05
-0.054
-0.058
-0.062
-0.062
-0.062
-0.061
-0.06
-0.06
-0.06
-0.06
-0.059
-0.057
-0.055
-0.054
-0.055
-0.055
-0.057
-0.056
-0.055
-0.055
-0.057
-0.056
-0.057
-0.057
-0.056
-0.055
-0.054
-0.053
-0.052
-0.05
-0.048
-0.047
-0.047
-0.043
-0.032
-0.018
-0.004
0.007
0.016
0.017
0.011
0.005
-0.003
-0.014
-0.027
-0.035
-0.043
-0.047
-0.049
-0.05
-0.051
-0.051
