-0.013
-0.024
-0.033
-0.035
-0.036
-0.037
-0.037
-0.035
-0.034
-0.034
-0.034
-0.035
-0.037
-0.041
-0.04
-0.03
0.038
0.12
0.217
0.318
0.403
0.415
0.349
0.259
0.147
0.035
-0.061
-0.087
-0.094
-0.088
-0.074
-0.063
-0.054
-0.054
-0.053
-0.051
-0.051
-0.052
-0.049
-0.044
-0.036
-0.025
-0.011
0.003
0.014
0.023
0.038
0.052
0.066
0.08
0.091
0.093
0.093
0.091
0.089
0.088
0.086
0.082
0.07
0.055
0.039
0.023
0.006
-0.004
-0.02
-0.035
-0.048
-0.058
-0.066
-0.067
-0.066
-0.064
-0.064
-0.063
-0.061
-0.061
-0.06
-0.058
-0.058
-0.058
-0.058
-0.058
-0.059
-0.058
-0.058
-0.058
-0.058
-0.059
-0.06
-0.06
-0.059
-0.059
-0.058
-0.059
-0.059
-0.057
-0.055
-0.055
-0.045
-0.033
-0.021
-0.009
0.006
0.011
0.011
0.01
0.01
0.008
0.002
-0.004
-0.016
-0.028
-0.039
-0.047
-0.053
-0.054
-0.054
-0.054
-0.055
-0.054
-0.052
-0.051
-0.051
-0.055
-0.056
-0.046
-0.024
0.01
0.114
0.215
0.304
0.368
0.407
0.362
0.247
0.138
0.046
-0.03
-0.091
-0.08
-0.073
-0.07
-0.068
-0.066
-0.066
-0.065
-0.064
-0.062
-0.058
-0.053
-0.048
-0.039
-0.023
-0.006
0.013
0.031
0.047
0.058
0.068
0.076
0.083
0.088
0.089
0.089
0.086
0.083
0.08
0.074
0.064
0.054
0.035
0.016
-0.002
-0.019
-0.037
-0.046
-0.055
-0.061
-0.064
-0.066
-0.067
-0.066
-0.066
-0.065
-0.064
-0.063
-0.063
-0.063
-0.063
-0.063
-0.062
-0.061
-0.061
-0.061
-0.06
-0.06
-0.057
-0.055
-0.054
-0.053
-0.053
-0.053
-0.052
-0.051
-0.05
-0.049
-0.048
-0.047
-0.046
-0.044
-0.042
-0.038
-0.027
-0.014
0
0.012
0.023
0.025
0.02
0.013
0.006
-0.005
-0.017
-0.024
-0.031
-0.036
-0.039
-0.039
-0.04
-0.039
-0.038
-0.038
-0.038
-0.037
-0.038
-0.038
0.006
0.038
0.082
0.136
0.201
0.234
0.249
0.265
0.257
0.225
0.165
0.124
0.061
0.011
