-0.027
-0.012
0.005
0.014
0.033
0.051
0.064
0.075
0.087
0.089
0.093
0.096
0.094
0.091
0.089
0.086
0.077
0.067
0.052
0.035
0.019
0.009
-0.005
-0.02
-0.036
-0.052
-0.063
-0.065
-0.064
-0.061
-0.062
-0.064
-0.063
-0.062
-0.06
-0.057
-0.059
-0.061
-0.062
-0.062
-0.06
-0.058
-0.058
-0.06
-0.062
-0.063
-0.063
-0.06
-0.057
-0.053
-0.052
-0.05
-0.051
-0.054
-0.054
-0.053
-0.049
-0.042
-0.036
-0.029
-0.018
-0.009
0.001
0.01
0.013
0.012
0.01
0.006
-0.005
-0.016
-0.029
-0.043
-0.053
-0.054
-0.053
-0.05
-0.049
-0.05
-0.05
-0.049
-0.048
-0.048
-0.053
-0.059
-0.052
-0.032
0.048
0.142
0.243
0.333
0.4
0.395
0.315
0.211
0.095
-0.011
-0.097
-0.11
-0.108
-0.092
-0.08
-0.073
-0.07
-0.066
-0.063
-0.06
-0.045
-0.032
-0.02
-0.007
0.012
0.022
0.037
0.053
0.069
0.078
0.085
0.09
0.087
0.084
0.082
0.078
0.073
0.073
0.054
0.041
0.025
0.005
-0.013
-0.015
-0.027
-0.037
-0.048
-0.059
-0.067
-0.067
-0.065
-0.062
-0.061
-0.062
-0.062
-0.062
-0.061
-0.058
-0.057
-0.059
-0.061
-0.06
-0.058
-0.055
-0.053
-0.054
-0.055
-0.056
-0.055
-0.052
-0.05
-0.051
-0.051
-0.05
-0.049
-0.046
-0.043
-0.044
-0.045
-0.043
-0.034
-0.023
-0.011
-0.002
0.009
0.015
0.02
0.023
0.024
0.017
0.009
0.002
-0.009
-0.018
-0.025
-0.034
-0.041
-0.041
-0.04
-0.038
-0.036
-0.038
-0.039
-0.039
-0.042
-0.043
-0.035
-0.019
0.01
0.055
0.159
0.255
0.325
0.368
0.387
0.335
0.219
0.119
0.035
-0.037
-0.092
-0.078
-0.065
-0.055
-0.049
-0.049
-0.051
-0.05
-0.049
-0.047
-0.044
-0.045
-0.043
-0.038
-0.023
-0.005
0.013
0.028
0.044
0.053
0.067
0.08
0.092
0.097
0.101
0.101
0.1
0.099
0.098
0.092
0.083
0.077
0.062
0.048
0.032
0.013
-0.006
-0.016
-0.027
-0.036
-0.043
-0.051
-0.057
-0.057
