-0.034
-0.033
-0.021
-0.008
0.004
0.016
0.019
0.014
0.007
-0
-0.01
-0.013
-0.02
-0.027
-0.032
-0.037
-0.041
-0.041
-0.039
-0.038
-0.003
0.021
0.056
0.102
0.16
0.193
0.223
0.254
0.26
0.243
0.202
0.164
0.094
0.035
-0.011
-0.043
-0.061
-0.058
-0.058
-0.057
-0.058
-0.06
-0.059
-0.057
-0.053
-0.048
-0.044
-0.038
-0.03
-0.022
-0.004
0.013
0.029
0.044
0.06
0.067
0.076
0.083
0.086
0.088
0.089
0.088
0.086
0.081
0.073
0.063
0.053
0.042
0.026
0.01
-0.008
-0.026
-0.042
-0.051
-0.056
-0.06
-0.065
-0.068
-0.069
-0.069
-0.068
-0.066
-0.066
-0.065
-0.064
-0.063
-0.061
-0.06
-0.061
-0.063
-0.063
-0.062
-0.06
-0.058
-0.059
-0.06
-0.059
-0.059
-0.057
-0.056
-0.056
-0.058
-0.057
-0.057
-0.054
-0.052
-0.051
-0.049
-0.044
-0.037
-0.024
-0.011
-0.002
0.006
0.013
0.015
0.011
0.004
-0.007
-0.02
-0.033
-0.039
-0.042
-0.044
-0.046
-0.049
-0.049
-0.05
-0.049
-0.048
-0.048
-0.049
-0.048
-0.049
-0.012
0.036
0.092
0.16
0.244
0.3
0.312
0.298
0.257
0.19
0.098
0.03
-0.014
-0.045
-0.065
-0.072
-0.063
-0.063
-0.061
-0.058
-0.058
-0.059
-0.059
-0.058
-0.053
-0.044
-0.036
-0.027
-0.015
-0.007
0.012
0.03
0.046
0.06
0.074
0.079
0.083
0.087
0.091
0.092
0.091
0.089
0.084
0.074
0.061
0.048
0.037
0.026
0.01
-0.005
-0.021
-0.038
-0.053
-0.057
-0.059
-0.059
-0.058
-0.058
-0.058
-0.058
-0.056
-0.055
-0.054
-0.055
-0.054
-0.054
-0.052
-0.05
-0.049
-0.05
-0.05
-0.05
-0.048
-0.046
-0.045
-0.046
-0.046
-0.046
-0.044
-0.042
-0.042
-0.043
-0.044
-0.045
-0.043
-0.038
-0.033
-0.029
-0.022
-0.014
-0.001
0.011
0.02
0.025
0.029
0.027
0.018
0.008
-0.004
-0.019
-0.032
-0.037
-0.039
-0.04
-0.038
-0.036
-0.036
-0.034
-0.033
-0.036
-0.041
-0.04
0.039
0.13
0.235
0.339
