0.364
0.389
0.416
0.418
0.395
0.347
0.281
0.213
0.145
0.077
0.012
-0.041
-0.077
-0.096
-0.099
-0.087
-0.075
-0.065
-0.059
-0.057
-0.056
-0.055
-0.054
-0.053
-0.053
-0.053
-0.054
-0.056
-0.057
-0.056
-0.054
-0.052
-0.05
-0.046
-0.042
-0.036
-0.028
-0.018
-0.01
-0.001
0.008
0.016
0.025
0.034
0.044
0.052
0.061
0.07
0.078
0.083
0.088
0.092
0.094
0.096
0.097
0.099
0.099
0.099
0.097
0.096
0.093
0.089
0.086
0.082
0.076
0.069
0.062
0.053
0.042
0.031
0.021
0.011
0.001
-0.008
-0.017
-0.026
-0.036
-0.045
-0.053
-0.058
-0.063
-0.066
-0.065
-0.064
-0.062
-0.06
-0.058
-0.056
-0.056
-0.056
-0.057
-0.058
-0.058
-0.057
-0.056
-0.054
-0.053
-0.053
-0.052
-0.052
-0.051
-0.05
-0.051
-0.051
-0.051
-0.05
-0.05
-0.049
-0.048
-0.047
-0.047
-0.047
-0.045
-0.045
-0.045
-0.045
-0.045
-0.046
-0.046
-0.046
-0.045
-0.044
-0.044
-0.044
-0.043
-0.042
-0.042
-0.041
-0.04
-0.04
-0.04
-0.039
-0.039
-0.039
-0.039
-0.038
-0.035
-0.029
-0.022
-0.013
-0.005
0.003
0.011
0.017
0.021
0.025
0.027
0.027
0.026
0.025
0.023
0.018
0.012
0.005
-0.003
-0.012
-0.02
-0.027
-0.032
-0.037
-0.041
-0.042
-0.042
-0.043
-0.043
-0.042
-0.043
-0.043
-0.043
-0.043
-0.043
-0.043
-0.042
-0.042
-0.041
-0.041
-0.039
-0.039
-0.042
-0.046
-0.044
-0.029
-0.002
0.04
0.118
0.177
0.234
0.29
0.346
0.372
0.401
0.404
0.383
0.338
0.273
0.204
0.137
0.069
0.003
-0.053
-0.091
-0.112
-0.114
-0.103
-0.089
-0.079
-0.074
-0.071
-0.071
-0.07
-0.069
-0.068
-0.068
-0.067
-0.067
-0.066
-0.066
-0.065
-0.063
-0.062
-0.062
-0.06
-0.056
-0.053
-0.046
-0.038
-0.03
-0.021
-0.012
-0.002
0.008
0.018
0.028
0.038
0.048
0.057
0.065
0.071
0.075
0.078
0.081
0.083
0.083
0.084
0.084
0.083
0.082
0.079
0.078
0.075
