-0.039
-0.038
-0.025
-0.012
-0
0.013
0.027
0.031
0.032
0.029
0.022
0.013
0.005
-0.003
-0.011
-0.019
-0.027
-0.032
-0.032
-0.031
-0.03
-0.03
-0.032
-0.034
-0.033
-0.033
-0.028
-0.012
0.014
0.053
0.104
0.161
0.239
0.289
0.313
0.314
0.292
0.224
0.136
0.063
0.004
-0.041
-0.069
-0.06
-0.054
-0.052
-0.053
-0.054
-0.054
-0.053
-0.05
-0.048
-0.045
-0.04
-0.032
-0.023
-0.005
0.013
0.029
0.044
0.061
0.068
0.078
0.085
0.089
0.092
0.097
0.097
0.095
0.092
0.064
0.038
0.01
-0.016
-0.039
-0.043
-0.049
-0.054
-0.06
-0.064
-0.064
-0.065
-0.063
-0.061
-0.061
-0.061
-0.06
-0.059
-0.059
-0.058
-0.056
-0.056
-0.056
-0.055
-0.054
-0.056
-0.058
-0.057
-0.054
-0.053
-0.052
-0.051
-0.052
-0.055
-0.055
-0.055
-0.052
-0.05
-0.05
-0.049
-0.045
-0.039
-0.026
-0.01
0.004
0.015
0.021
0.02
0.009
-0.001
-0.013
-0.024
-0.033
-0.034
-0.042
-0.045
-0.049
-0.051
-0.05
-0.047
-0.048
-0.047
-0.048
-0.049
-0.049
-0.046
0.005
0.046
0.122
0.184
0.259
0.294
0.291
0.264
0.237
0.185
0.11
0.071
0.016
-0.024
-0.053
-0.069
-0.068
-0.066
-0.066
-0.064
-0.064
-0.065
-0.064
-0.061
-0.055
-0.048
-0.042
-0.035
-0.024
-0.016
0.004
0.025
0.045
0.063
0.078
0.081
0.083
0.083
0.084
0.087
0.087
0.084
0.074
0.064
0.052
0.042
0.032
0.027
0.007
-0.008
-0.025
-0.042
-0.057
-0.058
-0.064
-0.066
-0.065
-0.064
-0.064
-0.064
-0.064
-0.064
-0.064
-0.063
-0.061
-0.06
-0.06
-0.061
-0.061
-0.06
-0.058
-0.058
-0.059
-0.06
-0.059
-0.057
-0.053
-0.052
-0.051
-0.052
-0.052
-0.052
-0.05
-0.049
-0.045
-0.04
-0.033
-0.023
-0.011
-0.002
0.006
0.012
0.017
0.02
0.021
0.017
0.004
-0.01
-0.023
-0.033
-0.04
-0.04
-0.04
-0.04
-0.04
-0.038
-0.035
-0.035
-0.035
-0.039
-0.044
-0.047
-0.038
-0.019
