-0.065
-0.07
-0.072
-0.072
-0.072
-0.072
-0.071
-0.07
-0.069
-0.068
-0.066
-0.065
-0.064
-0.064
-0.064
-0.065
-0.066
-0.066
-0.067
-0.075
-0.084
-0.079
-0.052
0.002
0.087
0.195
0.305
0.414
0.528
0.643
0.745
0.804
0.814
0.775
0.683
0.556
0.425
0.295
0.159
0.021
-0.091
-0.166
-0.207
-0.215
-0.193
-0.165
-0.147
-0.135
-0.13
-0.129
-0.128
-0.126
-0.125
-0.124
-0.122
-0.12
-0.119
-0.119
-0.118
-0.117
-0.117
-0.116
-0.113
-0.105
-0.094
-0.08
-0.063
-0.045
-0.027
-0.008
0.009
0.025
0.043
0.062
0.082
0.101
0.119
0.134
0.157
0.168
0.175
0.18
0.184
0.177
0.179
0.18
0.178
0.175
0.17
0.163
0.157
0.15
0.143
0.133
0.121
0.106
0.089
0.07
0.048
0.025
0.006
-0.013
-0.03
-0.047
-0.064
-0.082
-0.1
-0.115
-0.119
-0.128
-0.133
-0.134
-0.133
-0.141
-0.14
-0.139
-0.138
-0.136
-0.134
-0.133
-0.132
-0.132
-0.131
-0.13
-0.129
-0.127
-0.125
-0.124
-0.123
-0.121
-0.119
-0.118
-0.117
-0.116
-0.116
-0.116
-0.115
-0.114
-0.113
-0.112
-0.111
-0.11
-0.109
-0.108
-0.108
-0.106
-0.105
-0.105
-0.103
-0.101
-0.1
-0.099
-0.098
-0.097
-0.096
-0.095
-0.094
-0.094
-0.093
-0.092
-0.091
-0.09
-0.089
-0.088
-0.084
-0.078
-0.068
-0.056
-0.04
-0.022
-0.005
0.01
0.023
0.034
0.042
0.046
0.037
0.036
0.032
0.027
0.018
0.019
0.006
-0.008
-0.026
-0.042
-0.055
-0.066
-0.073
-0.078
-0.079
-0.08
-0.081
-0.082
-0.082
-0.081
-0.081
-0.08
-0.078
-0.077
-0.075
-0.074
-0.074
-0.075
-0.075
-0.075
-0.075
-0.079
-0.087
-0.08
-0.051
-0.001
0.078
0.186
0.306
0.423
0.534
0.641
0.739
0.8
0.811
0.772
0.686
0.559
0.418
0.279
0.148
0.022
-0.085
-0.164
-0.207
-0.213
-0.192
-0.166
-0.146
-0.134
-0.128
-0.127
-0.126
-0.124
-0.123
-0.122
-0.121
-0.119
-0.117
-0.116
-0.114
-0.113
-0.112
-0.11
