-0.077
-0.078
-0.079
-0.079
-0.077
-0.076
-0.075
-0.073
-0.072
-0.072
-0.071
-0.069
-0.064
-0.063
-0.063
-0.062
-0.063
-0.073
-0.083
-0.081
-0.056
-0.008
0.072
0.18
0.292
0.401
0.512
0.628
0.736
0.802
0.819
0.787
0.701
0.573
0.44
0.311
0.179
0.042
-0.075
-0.154
-0.198
-0.21
-0.19
-0.163
-0.143
-0.13
-0.123
-0.121
-0.119
-0.117
-0.115
-0.114
-0.112
-0.111
-0.11
-0.109
-0.109
-0.108
-0.107
-0.106
-0.103
-0.096
-0.086
-0.071
-0.053
-0.035
-0.017
0.002
0.019
0.036
0.053
0.072
0.094
0.115
0.133
0.149
0.173
0.183
0.19
0.195
0.198
0.188
0.189
0.189
0.188
0.185
0.181
0.177
0.172
0.166
0.16
0.152
0.139
0.125
0.108
0.088
0.066
0.044
0.023
0.004
-0.013
-0.029
-0.046
-0.064
-0.082
-0.097
-0.103
-0.113
-0.119
-0.119
-0.118
-0.124
-0.123
-0.121
-0.12
-0.118
-0.116
-0.114
-0.113
-0.112
-0.111
-0.11
-0.11
-0.109
-0.108
-0.107
-0.106
-0.105
-0.103
-0.103
-0.103
-0.101
-0.1
-0.099
-0.098
-0.096
-0.095
-0.094
-0.094
-0.093
-0.091
-0.091
-0.089
-0.088
-0.086
-0.085
-0.084
-0.083
-0.082
-0.082
-0.082
-0.08
-0.079
-0.078
-0.077
-0.076
-0.077
-0.076
-0.077
-0.076
-0.076
-0.075
-0.072
-0.065
-0.056
-0.043
-0.027
-0.009
0.009
0.024
0.035
0.044
0.052
0.057
0.059
0.061
0.06
0.055
0.046
0.034
0.021
0.005
-0.013
-0.031
-0.045
-0.056
-0.065
-0.07
-0.072
-0.072
-0.072
-0.072
-0.072
-0.072
-0.072
-0.071
-0.07
-0.069
-0.068
-0.067
-0.073
-0.072
-0.072
-0.07
-0.069
-0.067
-0.076
-0.072
-0.045
0.004
0.079
0.182
0.299
0.416
0.528
0.636
0.735
0.801
0.818
0.785
0.704
0.583
0.445
0.305
0.171
0.044
-0.065
-0.146
-0.194
-0.205
-0.185
-0.159
-0.139
-0.126
-0.121
-0.12
-0.118
-0.116
-0.114
-0.113
-0.113
-0.112
-0.111
-0.111
-0.11
-0.109
-0.108
-0.107
-0.103
-0.097
