-0.049
-0.048
-0.046
-0.044
-0.045
-0.046
-0.045
-0.045
-0.035
-0.024
-0.013
-0.002
0.013
0.021
0.038
0.055
0.069
0.082
0.095
0.099
0.1
0.102
0.1
0.097
0.095
0.094
0.086
0.075
0.06
0.043
0.027
0.016
-0.003
-0.017
-0.031
-0.044
-0.055
-0.053
-0.054
-0.052
-0.053
-0.054
-0.053
-0.05
-0.05
-0.047
-0.046
-0.047
-0.046
-0.043
-0.045
-0.043
-0.044
-0.045
-0.045
-0.042
-0.043
-0.041
-0.039
-0.04
-0.039
-0.035
-0.037
-0.038
-0.039
-0.041
-0.042
-0.039
-0.034
-0.026
-0.014
-0.002
0.007
0.013
0.019
0.019
0.004
-0.007
-0.02
-0.033
-0.043
-0.041
-0.042
-0.04
-0.04
-0.04
-0.04
-0.038
-0.042
-0.041
-0.045
-0.05
-0.044
-0.02
0.075
0.166
0.267
0.361
0.328
0.216
0.119
0.016
-0.09
-0.078
-0.065
-0.058
-0.054
-0.053
-0.051
-0.05
-0.05
-0.051
-0.051
-0.049
-0.043
-0.037
-0.023
-0.008
0.007
0.023
0.041
0.05
0.063
0.073
0.082
0.091
0.098
0.099
0.098
0.093
0.07
0.047
0.026
0.006
-0.014
-0.02
-0.031
-0.042
-0.052
-0.058
-0.06
-0.059
-0.057
-0.058
-0.059
-0.058
-0.056
-0.056
-0.055
-0.056
-0.058
-0.057
-0.054
-0.054
-0.052
-0.052
-0.053
-0.053
-0.051
-0.051
-0.051
-0.051
-0.051
-0.051
-0.049
-0.047
-0.046
-0.047
-0.047
-0.046
-0.045
-0.044
-0.034
-0.024
-0.011
0.003
0.017
0.022
0.019
0.014
0.006
-0.002
-0.01
-0.016
-0.026
-0.037
-0.046
-0.052
-0.054
-0.053
-0.05
-0.05
-0.049
-0.047
-0.045
-0.044
-0.038
-0.023
0.004
0.043
0.096
0.153
0.203
0.251
0.274
0.274
0.25
0.208
0.12
0.047
-0.011
-0.053
-0.078
-0.069
-0.063
-0.061
-0.061
-0.061
-0.06
-0.059
-0.056
-0.054
-0.051
-0.044
-0.033
-0.024
-0.006
0.01
0.025
0.041
0.058
0.067
0.077
0.083
0.088
0.091
0.095
0.095
0.093
0.087
0.079
0.071
0.063
0.053
0.038
0.02
0.001
-0.016
-0.032
-0.04
