-0.134
-0.133
-0.131
-0.129
-0.128
-0.127
-0.125
-0.124
-0.123
-0.121
-0.118
-0.117
-0.115
-0.113
-0.112
-0.111
-0.11
-0.109
-0.107
-0.107
-0.106
-0.104
-0.103
-0.103
-0.101
-0.1
-0.099
-0.097
-0.095
-0.094
-0.092
-0.091
-0.09
-0.089
-0.089
-0.088
-0.086
-0.085
-0.084
-0.083
-0.082
-0.081
-0.081
-0.08
-0.08
-0.08
-0.08
-0.079
-0.079
-0.079
-0.078
-0.077
-0.076
-0.072
-0.064
-0.053
-0.04
-0.024
-0.006
0.011
0.025
0.037
0.048
0.056
0.06
0.062
0.062
0.06
0.053
0.043
0.032
0.019
0.003
-0.014
-0.033
-0.047
-0.057
-0.064
-0.069
-0.067
-0.067
-0.067
-0.067
-0.066
-0.065
-0.064
-0.064
-0.065
-0.063
-0.062
-0.06
-0.058
-0.056
-0.055
-0.056
-0.058
-0.066
-0.074
-0.064
-0.031
0.026
0.109
0.218
0.337
0.455
0.564
0.67
0.763
0.816
0.818
0.772
0.68
0.552
0.41
0.271
0.139
0.013
-0.09
-0.162
-0.2
-0.202
-0.177
-0.151
-0.133
-0.122
-0.118
-0.121
-0.12
-0.118
-0.117
-0.117
-0.111
-0.111
-0.109
-0.108
-0.106
-0.105
-0.104
-0.103
-0.099
-0.092
-0.081
-0.066
-0.047
-0.027
-0.01
0.007
0.023
0.04
0.06
0.079
0.098
0.118
0.137
0.152
0.163
0.171
0.176
0.179
0.181
0.184
0.185
0.185
0.184
0.182
0.178
0.173
0.166
0.159
0.15
0.14
0.128
0.114
0.096
0.074
0.053
0.033
0.014
-0.006
-0.023
-0.04
-0.058
-0.075
-0.093
-0.109
-0.121
-0.128
-0.132
-0.133
-0.132
-0.131
-0.13
-0.128
-0.127
-0.126
-0.125
-0.123
-0.121
-0.112
-0.111
-0.109
-0.108
-0.107
-0.114
-0.113
-0.112
-0.11
-0.109
-0.107
-0.106
-0.106
-0.105
-0.103
-0.102
-0.101
-0.101
-0.1
-0.1
-0.1
-0.099
-0.097
-0.097
-0.096
-0.095
-0.093
-0.092
-0.091
-0.09
-0.088
-0.088
-0.088
-0.087
-0.086
-0.084
-0.083
-0.081
-0.08
-0.079
-0.079
-0.078
-0.077
-0.075
-0.068
-0.057
-0.042
-0.026
-0.009
0.007
0.02
0.032
