-0.02
-0.027
-0.034
-0.037
-0.04
-0.042
-0.043
-0.043
-0.042
-0.04
-0.04
-0.041
-0.042
-0.041
-0.016
0.022
0.07
0.126
0.196
0.252
0.285
0.294
0.278
0.234
0.166
0.099
0.039
-0.004
-0.034
-0.053
-0.058
-0.055
-0.054
-0.05
-0.048
-0.049
-0.05
-0.051
-0.048
-0.042
-0.034
-0.026
-0.017
-0.008
0.01
0.029
0.047
0.064
0.08
0.086
0.093
0.1
0.105
0.105
0.105
0.102
0.091
0.078
0.065
0.051
0.035
0.025
0.014
0.003
-0.01
-0.025
-0.037
-0.043
-0.048
-0.048
-0.048
-0.047
-0.049
-0.049
-0.049
-0.048
-0.047
-0.047
-0.047
-0.047
-0.047
-0.045
-0.044
-0.044
-0.045
-0.045
-0.046
-0.046
-0.046
-0.044
-0.043
-0.042
-0.041
-0.038
-0.037
-0.039
-0.039
-0.038
-0.036
-0.033
-0.029
-0.024
-0.019
-0.014
-0.002
0.01
0.021
0.028
0.032
0.03
0.017
0.007
-0.004
-0.016
-0.029
-0.031
-0.035
-0.036
-0.036
-0.036
-0.037
-0.036
-0.037
-0.035
-0.033
-0.032
-0.036
-0.041
0.026
0.085
0.155
0.238
0.334
0.364
0.323
0.285
0.223
0.134
0.02
-0.013
-0.048
-0.068
-0.074
-0.066
-0.054
-0.054
-0.054
-0.053
-0.051
-0.049
-0.049
-0.05
-0.045
-0.035
-0.007
0.021
0.049
0.072
0.093
0.096
0.099
0.099
0.095
0.091
0.088
0.084
0.072
0.059
0.043
0.025
0.008
-0.001
-0.016
-0.03
-0.043
-0.056
-0.064
-0.063
-0.061
-0.06
-0.06
-0.062
-0.061
-0.06
-0.058
-0.058
-0.059
-0.06
-0.06
-0.06
-0.058
-0.057
-0.057
-0.057
-0.056
-0.055
-0.053
-0.052
-0.052
-0.053
-0.053
-0.052
-0.051
-0.05
-0.051
-0.052
-0.051
-0.05
-0.043
-0.035
-0.026
-0.017
-0.006
0.001
0.007
0.011
0.011
0.007
0.003
-0.003
-0.013
-0.023
-0.034
-0.044
-0.05
-0.05
-0.049
-0.048
-0.048
-0.05
-0.051
-0.05
-0.05
-0.053
-0.052
-0.041
-0.018
0.019
0.115
0.215
0.299
0.359
0.395
0.359
0.251
0.139
0.041
-0.043
-0.107
-0.1
