-0.127
-0.121
-0.12
-0.118
-0.118
-0.117
-0.115
-0.114
-0.113
-0.112
-0.111
-0.112
-0.111
-0.108
-0.101
-0.09
-0.076
-0.06
-0.042
-0.024
-0.005
0.012
0.031
0.049
0.068
0.089
0.109
0.126
0.141
0.154
0.164
0.171
0.176
0.178
0.18
0.181
0.183
0.183
0.181
0.177
0.171
0.164
0.157
0.149
0.141
0.128
0.114
0.097
0.078
0.055
0.033
0.013
-0.005
-0.022
-0.039
-0.058
-0.075
-0.092
-0.108
-0.121
-0.13
-0.136
-0.138
-0.136
-0.135
-0.134
-0.133
-0.131
-0.131
-0.13
-0.128
-0.127
-0.127
-0.126
-0.125
-0.124
-0.126
-0.125
-0.124
-0.123
-0.121
-0.116
-0.114
-0.113
-0.113
-0.113
-0.115
-0.114
-0.113
-0.111
-0.11
-0.107
-0.106
-0.106
-0.106
-0.105
-0.104
-0.103
-0.102
-0.101
-0.1
-0.099
-0.098
-0.097
-0.096
-0.094
-0.093
-0.091
-0.09
-0.09
-0.089
-0.089
-0.088
-0.087
-0.085
-0.082
-0.072
-0.064
-0.052
-0.037
-0.019
-0.006
0.009
0.023
0.034
0.043
0.048
0.05
0.05
0.047
0.041
0.034
0.023
0.01
-0.004
-0.021
-0.039
-0.055
-0.067
-0.075
-0.082
-0.084
-0.084
-0.084
-0.084
-0.084
-0.082
-0.081
-0.08
-0.08
-0.079
-0.078
-0.078
-0.076
-0.074
-0.073
-0.072
-0.071
-0.076
-0.086
-0.083
-0.056
-0.009
0.065
0.168
0.287
0.405
0.516
0.636
0.737
0.805
0.823
0.791
0.699
0.577
0.436
0.297
0.166
0.039
-0.073
-0.135
-0.184
-0.196
-0.177
-0.149
-0.15
-0.137
-0.131
-0.13
-0.129
-0.126
-0.124
-0.123
-0.122
-0.121
-0.12
-0.12
-0.119
-0.118
-0.116
-0.114
-0.111
-0.103
-0.093
-0.079
-0.06
-0.041
-0.023
-0.006
0.01
0.041
0.061
0.079
0.098
0.117
0.121
0.137
0.148
0.158
0.164
0.168
0.171
0.174
0.175
0.176
0.176
0.174
0.17
0.166
0.16
0.152
0.144
0.136
0.124
0.11
0.093
0.073
0.052
0.031
0.011
-0.01
-0.028
-0.045
-0.061
-0.076
-0.093
-0.111
-0.123
-0.138
-0.143
