-0.056
-0.057
-0.058
-0.057
-0.055
-0.055
-0.051
-0.048
-0.044
-0.038
-0.027
-0.018
0
0.017
0.033
0.049
0.067
0.075
0.085
0.092
0.096
0.099
0.102
0.1
0.097
0.09
0.08
0.07
0.06
0.049
0.034
0.017
-0.001
-0.019
-0.033
-0.041
-0.047
-0.051
-0.055
-0.057
-0.056
-0.055
-0.053
-0.051
-0.052
-0.052
-0.051
-0.05
-0.048
-0.047
-0.048
-0.049
-0.047
-0.047
-0.046
-0.046
-0.046
-0.046
-0.045
-0.044
-0.041
-0.039
-0.039
-0.039
-0.038
-0.037
-0.037
-0.036
-0.036
-0.034
-0.029
-0.024
-0.01
0.003
0.012
0.021
0.03
0.03
0.025
0.017
0.005
-0.008
-0.019
-0.025
-0.027
-0.029
-0.031
-0.032
-0.032
-0.032
-0.031
-0.03
-0.032
-0.034
0.003
0.049
0.108
0.181
0.266
0.322
0.329
0.311
0.265
0.194
0.101
0.034
-0.01
-0.04
-0.059
-0.065
-0.056
-0.056
-0.054
-0.052
-0.052
-0.053
-0.052
-0.052
-0.046
-0.037
-0.03
-0.021
-0.009
-0.001
0.018
0.035
0.051
0.066
0.081
0.084
0.09
0.094
0.094
0.094
0.095
0.093
0.087
0.079
0.067
0.053
0.038
0.027
0.012
-0.004
-0.022
-0.039
-0.054
-0.059
-0.061
-0.062
-0.062
-0.063
-0.063
-0.062
-0.061
-0.059
-0.059
-0.06
-0.059
-0.059
-0.06
-0.059
-0.06
-0.061
-0.06
-0.058
-0.055
-0.053
-0.054
-0.055
-0.054
-0.054
-0.055
-0.052
-0.052
-0.053
-0.053
-0.051
-0.048
-0.045
-0.041
-0.037
-0.029
-0.022
-0.012
-0.001
0.007
0.012
0.015
0.015
0.001
-0.011
-0.024
-0.037
-0.049
-0.047
-0.05
-0.049
-0.05
-0.052
-0.053
-0.051
-0.053
-0.05
-0.05
-0.053
-0.059
-0.056
0.023
0.093
0.199
0.297
0.398
0.412
0.345
0.256
0.164
0.048
-0.066
-0.078
-0.098
-0.102
-0.093
-0.079
-0.07
-0.067
-0.068
-0.065
-0.065
-0.066
-0.067
-0.065
-0.055
-0.044
-0.032
-0.019
-0.004
0.004
0.022
0.04
0.055
0.068
0.079
0.083
0.082
0.082
0.082
0.08
0.075
0.071
