-0.047
-0.049
-0.05
-0.05
-0.048
-0.045
-0.044
-0.045
-0.045
-0.046
-0.046
-0.045
-0.041
-0.036
-0.031
-0.023
-0.01
-0
0.007
0.013
0.022
0.024
0.021
0.017
0.008
-0.005
-0.018
-0.027
-0.034
-0.038
-0.041
-0.044
-0.044
-0.045
-0.044
-0.043
-0.042
-0.043
-0.044
-0.044
-0.021
0.013
0.058
0.114
0.181
0.238
0.276
0.289
0.277
0.237
0.173
0.104
0.041
-0.005
-0.04
-0.062
-0.071
-0.068
-0.066
-0.064
-0.062
-0.062
-0.063
-0.064
-0.059
-0.054
-0.046
-0.039
-0.03
-0.022
-0.003
0.015
0.032
0.047
0.062
0.066
0.071
0.077
0.081
0.081
0.08
0.081
0.071
0.066
0.059
0.048
0.034
0.029
0.006
-0.015
-0.034
-0.051
-0.066
-0.068
-0.069
-0.068
-0.069
-0.071
-0.072
-0.069
-0.069
-0.067
-0.065
-0.065
-0.066
-0.065
-0.064
-0.063
-0.062
-0.059
-0.06
-0.062
-0.063
-0.061
-0.061
-0.058
-0.056
-0.056
-0.056
-0.055
-0.055
-0.052
-0.037
-0.021
-0.007
0.005
0.017
0.017
0.004
-0.01
-0.023
-0.035
-0.047
-0.048
-0.046
-0.046
-0.048
-0.05
-0.049
-0.05
-0.048
-0.048
-0.05
-0.055
-0.055
-0.045
0.023
0.103
0.198
0.302
0.286
0.224
0.138
0.033
-0.083
-0.082
-0.087
-0.081
-0.068
-0.057
-0.049
-0.048
-0.047
-0.047
-0.048
-0.049
-0.048
-0.044
-0.033
-0.022
-0.01
0.003
0.019
0.029
0.047
0.062
0.074
0.087
0.099
0.102
0.105
0.105
0.087
0.07
0.051
0.033
0.016
0.013
-0.002
-0.015
-0.03
-0.041
-0.049
-0.049
-0.047
-0.047
-0.049
-0.05
-0.049
-0.047
-0.045
-0.043
-0.043
-0.044
-0.043
-0.042
-0.04
-0.039
-0.039
-0.04
-0.04
-0.04
-0.04
-0.04
-0.041
-0.042
-0.042
-0.038
-0.039
-0.037
-0.037
-0.038
-0.037
-0.033
-0.024
-0.014
-0.004
0.005
0.017
0.023
0.029
0.033
0.032
0.029
0.025
0.02
0.008
-0.002
-0.012
-0.022
-0.029
-0.028
-0.029
-0.028
-0.028
-0.029
-0.028
-0.027
-0.027
-0.03
