-0.054
-0.053
-0.053
-0.053
-0.052
-0.051
-0.052
-0.052
-0.053
-0.054
-0.053
-0.052
-0.053
-0.051
-0.051
-0.051
-0.05
-0.05
-0.051
-0.05
-0.051
-0.051
-0.049
-0.048
-0.048
-0.048
-0.048
-0.047
-0.043
-0.04
-0.035
-0.028
-0.017
-0.005
0.007
0.017
0.023
0.023
0.011
0.001
-0.01
-0.022
-0.036
-0.039
-0.044
-0.047
-0.047
-0.046
-0.047
-0.047
-0.048
-0.048
-0.047
-0.046
-0.047
-0.049
-0.011
0.04
0.103
0.177
0.265
0.32
0.293
0.268
0.219
0.145
0.045
0.005
-0.036
-0.064
-0.078
-0.078
-0.067
-0.068
-0.068
-0.068
-0.066
-0.064
-0.063
-0.063
-0.057
-0.05
-0.039
-0.027
-0.015
-0.006
0.01
0.027
0.045
0.062
0.077
0.081
0.083
0.085
0.078
0.07
0.062
0.048
0.03
0.019
0.002
-0.015
-0.031
-0.045
-0.057
-0.062
-0.066
-0.066
-0.065
-0.063
-0.062
-0.062
-0.063
-0.063
-0.063
-0.062
-0.061
-0.061
-0.06
-0.06
-0.059
-0.057
-0.056
-0.056
-0.057
-0.057
-0.057
-0.055
-0.054
-0.054
-0.055
-0.055
-0.055
-0.053
-0.052
-0.052
-0.051
-0.049
-0.043
-0.036
-0.027
-0.018
-0.007
0.002
0.01
0.017
0.022
0.019
0.008
-0.006
-0.019
-0.031
-0.042
-0.045
-0.047
-0.048
-0.047
-0.045
-0.043
-0.041
-0.041
-0.042
-0.043
-0.047
-0.051
-0.047
0.014
0.089
0.178
0.28
0.379
0.406
0.356
0.281
0.182
0.067
-0.038
-0.074
-0.088
-0.09
-0.079
-0.065
-0.055
-0.055
-0.055
-0.056
-0.055
-0.053
-0.044
-0.032
-0.018
-0.004
0.01
0.019
0.036
0.051
0.066
0.08
0.093
0.095
0.096
0.095
0.095
0.095
0.094
0.091
0.08
0.066
0.052
0.038
0.022
0.013
-0.003
-0.019
-0.032
-0.042
-0.051
-0.051
-0.051
-0.052
-0.051
-0.05
-0.048
-0.048
-0.047
-0.047
-0.047
-0.046
-0.044
-0.043
-0.043
-0.044
-0.045
-0.045
-0.044
-0.043
-0.042
-0.042
-0.042
-0.041
-0.04
-0.04
-0.039
-0.038
-0.038
-0.037
-0.035
-0.035
-0.026
-0.02
