-0.103
-0.101
-0.099
-0.098
-0.097
-0.096
-0.095
-0.094
-0.094
-0.094
-0.093
-0.093
-0.093
-0.093
-0.092
-0.091
-0.09
-0.089
-0.087
-0.087
-0.085
-0.084
-0.083
-0.081
-0.075
-0.065
-0.052
-0.036
-0.018
-0.002
0.013
0.027
0.039
0.047
0.052
0.053
0.053
0.05
0.043
0.035
0.024
0.011
-0.006
-0.022
-0.045
-0.058
-0.07
-0.077
-0.082
-0.077
-0.078
-0.078
-0.078
-0.077
-0.075
-0.074
-0.072
-0.072
-0.071
-0.07
-0.069
-0.069
-0.068
-0.068
-0.068
-0.069
-0.074
-0.084
-0.079
-0.052
-0.001
0.082
0.194
0.308
0.468
0.577
0.691
0.797
0.859
0.818
0.781
0.691
0.559
0.425
0.296
0.166
0.031
-0.086
-0.163
-0.203
-0.211
-0.19
-0.161
-0.141
-0.13
-0.125
-0.123
-0.121
-0.12
-0.118
-0.116
-0.115
-0.115
-0.115
-0.114
-0.113
-0.113
-0.111
-0.108
-0.104
-0.097
-0.085
-0.069
-0.052
-0.034
-0.015
0.004
0.021
0.038
0.056
0.074
0.093
0.114
0.132
0.147
0.158
0.168
0.175
0.179
0.182
0.184
0.186
0.185
0.184
0.184
0.181
0.176
0.17
0.151
0.143
0.134
0.122
0.107
0.102
0.083
0.063
0.042
0.021
0.002
-0.015
-0.031
-0.049
-0.067
-0.084
-0.1
-0.112
-0.12
-0.126
-0.128
-0.128
-0.127
-0.127
-0.126
-0.124
-0.121
-0.119
-0.117
-0.116
-0.12
-0.119
-0.119
-0.117
-0.116
-0.108
-0.107
-0.105
-0.096
-0.095
-0.094
-0.092
-0.091
-0.099
-0.098
-0.096
-0.096
-0.095
-0.093
-0.092
-0.092
-0.091
-0.089
-0.088
-0.088
-0.087
-0.086
-0.085
-0.084
-0.083
-0.082
-0.081
-0.081
-0.08
-0.079
-0.079
-0.079
-0.078
-0.078
-0.077
-0.077
-0.076
-0.075
-0.071
-0.064
-0.054
-0.042
-0.026
-0.009
0.009
0.024
0.036
0.047
0.055
0.061
0.064
0.065
0.064
0.058
0.048
0.037
0.023
0.008
-0.009
-0.026
-0.041
-0.052
-0.06
-0.057
-0.06
-0.061
-0.061
-0.061
-0.07
-0.068
-0.068
-0.068
-0.068
-0.067
-0.066
-0.065
-0.064
