0.025
0.022
0.009
-0.006
-0.023
-0.035
-0.043
-0.042
-0.043
-0.042
-0.042
-0.043
-0.044
-0.043
-0.011
0.01
0.042
0.085
0.139
0.173
0.208
0.245
0.257
0.245
0.209
0.17
0.094
0.031
-0.018
-0.052
-0.072
-0.069
-0.066
-0.065
-0.066
-0.067
-0.067
-0.066
-0.064
-0.062
-0.059
-0.054
-0.045
-0.036
-0.018
-0.001
0.016
0.031
0.048
0.056
0.066
0.073
0.077
0.082
0.087
0.087
0.085
0.079
0.069
0.058
0.048
0.039
0.023
0.007
-0.011
-0.03
-0.046
-0.056
-0.062
-0.067
-0.072
-0.077
-0.077
-0.077
-0.075
-0.074
-0.074
-0.074
-0.074
-0.073
-0.071
-0.068
-0.068
-0.068
-0.067
-0.066
-0.065
-0.063
-0.063
-0.063
-0.063
-0.062
-0.061
-0.059
-0.058
-0.059
-0.059
-0.058
-0.056
-0.055
-0.054
-0.052
-0.048
-0.043
-0.028
-0.013
-0.001
0.009
0.017
0.016
0.01
0.002
-0.008
-0.021
-0.034
-0.041
-0.046
-0.048
-0.05
-0.052
-0.052
-0.052
-0.051
-0.05
-0.05
-0.051
-0.051
-0.052
-0.019
0.025
0.079
0.143
0.22
0.274
0.289
0.281
0.246
0.186
0.102
0.036
-0.011
-0.043
-0.064
-0.073
-0.067
-0.066
-0.064
-0.063
-0.063
-0.064
-0.065
-0.065
-0.059
-0.051
-0.042
-0.032
-0.01
0.009
0.027
0.046
0.065
0.071
0.078
0.084
0.087
0.088
0.087
0.085
0.079
0.073
0.064
0.052
0.038
0.028
0.012
-0.002
-0.017
-0.033
-0.047
-0.052
-0.054
-0.052
-0.051
-0.05
-0.05
-0.05
-0.049
-0.046
-0.045
-0.044
-0.044
-0.043
-0.042
-0.039
-0.038
-0.038
-0.039
-0.038
-0.038
-0.037
-0.037
-0.038
-0.04
-0.041
-0.04
-0.037
-0.036
-0.036
-0.036
-0.037
-0.035
-0.032
-0.028
-0.024
-0.018
-0.011
0.001
0.013
0.023
0.031
0.023
0.012
-0.001
-0.014
-0.025
-0.024
-0.026
-0.025
-0.024
-0.025
-0.027
-0.026
-0.028
-0.027
-0.026
-0.027
-0.032
-0.034
0.039
0.103
0.178
0.267
0.365
0.383
0.327
0.273
0.196
0.093
-0.019
-0.038
