0.169
0.163
0.157
0.149
0.141
0.132
0.119
0.103
0.084
0.063
0.039
0.019
-0.003
-0.021
-0.037
-0.048
-0.066
-0.083
-0.102
-0.117
-0.127
-0.135
-0.138
-0.138
-0.136
-0.135
-0.133
-0.132
-0.13
-0.128
-0.127
-0.126
-0.124
-0.123
-0.122
-0.121
-0.119
-0.118
-0.117
-0.115
-0.113
-0.112
-0.111
-0.109
-0.106
-0.104
-0.103
-0.102
-0.101
-0.102
-0.102
-0.101
-0.1
-0.1
-0.099
-0.098
-0.098
-0.096
-0.094
-0.094
-0.093
-0.093
-0.092
-0.092
-0.092
-0.09
-0.089
-0.087
-0.087
-0.086
-0.084
-0.083
-0.082
-0.08
-0.078
-0.078
-0.074
-0.067
-0.055
-0.041
-0.024
-0.006
0.012
0.026
0.039
0.049
0.056
0.06
0.062
0.061
0.057
0.05
0.041
0.029
0.016
0.001
-0.016
-0.033
-0.048
-0.059
-0.066
-0.069
-0.069
-0.068
-0.067
-0.067
-0.068
-0.068
-0.067
-0.067
-0.067
-0.066
-0.065
-0.065
-0.064
-0.063
-0.062
-0.062
-0.064
-0.071
-0.077
-0.064
-0.026
0.038
0.127
0.235
0.348
0.466
0.581
0.689
0.776
0.818
0.812
0.756
0.655
0.527
0.393
0.254
0.115
-0.01
-0.106
-0.168
-0.199
-0.197
-0.171
-0.148
-0.132
-0.122
-0.119
-0.117
-0.115
-0.114
-0.112
-0.111
-0.11
-0.109
-0.107
-0.105
-0.104
-0.103
-0.101
-0.1
-0.096
-0.086
-0.075
-0.061
-0.044
-0.024
-0.005
0.013
0.029
0.048
0.068
0.088
0.107
0.126
0.143
0.157
0.169
0.177
0.182
0.186
0.189
0.191
0.193
0.193
0.192
0.189
0.184
0.179
0.173
0.166
0.157
0.146
0.117
0.101
0.083
0.062
0.041
0.037
0.018
-0
-0.02
-0.037
-0.055
-0.071
-0.088
-0.101
-0.114
-0.122
-0.126
-0.127
-0.125
-0.124
-0.122
-0.12
-0.119
-0.118
-0.118
-0.117
-0.115
-0.114
-0.113
-0.112
-0.11
-0.11
-0.11
-0.108
-0.107
-0.107
-0.105
-0.104
-0.102
-0.1
-0.098
-0.097
-0.096
-0.095
-0.093
-0.092
-0.091
-0.09
-0.089
-0.089
-0.088
-0.087
-0.085
-0.085
-0.084
-0.084
