0.042
0.023
0.005
-0.004
-0.018
-0.03
-0.043
-0.056
-0.066
-0.066
-0.065
-0.064
-0.064
-0.065
-0.065
-0.064
-0.065
-0.063
-0.063
-0.065
-0.065
-0.062
-0.062
-0.06
-0.059
-0.06
-0.061
-0.059
-0.06
-0.058
-0.058
-0.058
-0.059
-0.056
-0.057
-0.055
-0.054
-0.055
-0.056
-0.053
-0.046
-0.037
-0.029
-0.019
-0.008
-0.002
0.002
0.008
0.009
0.005
-0
-0.003
-0.017
-0.027
-0.037
-0.046
-0.054
-0.052
-0.053
-0.051
-0.05
-0.051
-0.052
-0.05
-0.052
-0.054
-0.054
-0.045
-0.023
0.013
0.113
0.216
0.303
0.364
0.403
0.365
0.249
0.138
0.041
-0.043
-0.109
-0.097
-0.085
-0.074
-0.066
-0.064
-0.064
-0.061
-0.062
-0.06
-0.058
-0.058
-0.057
-0.05
-0.034
-0.015
0.007
0.029
0.05
0.06
0.071
0.078
0.083
0.088
0.093
0.093
0.09
0.085
0.079
0.073
0.067
0.061
0.045
0.026
0.006
-0.012
-0.027
-0.036
-0.043
-0.05
-0.057
-0.061
-0.061
-0.06
-0.058
-0.058
-0.058
-0.057
-0.055
-0.054
-0.052
-0.052
-0.053
-0.053
-0.051
-0.05
-0.048
-0.047
-0.048
-0.047
-0.044
-0.042
-0.041
-0.04
-0.041
-0.041
-0.041
-0.04
-0.039
-0.039
-0.04
-0.039
-0.036
-0.032
-0.019
-0.007
0.004
0.016
0.028
0.03
0.027
0.019
0.009
-0.002
-0.013
-0.02
-0.025
-0.031
-0.036
-0.038
-0.036
-0.035
-0.032
-0.031
-0.031
-0.032
-0.03
-0.03
0.014
0.046
0.088
0.145
0.213
0.246
0.26
0.273
0.259
0.223
0.165
0.126
0.064
0.015
-0.023
-0.045
-0.053
-0.052
-0.049
-0.049
-0.05
-0.05
-0.048
-0.047
-0.043
-0.038
-0.033
-0.026
-0.016
-0.007
0.014
0.031
0.047
0.063
0.08
0.084
0.093
0.098
0.1
0.102
0.104
0.101
0.097
0.089
0.078
0.066
0.055
0.044
0.029
0.012
-0.006
-0.022
-0.037
-0.044
-0.048
-0.052
-0.057
-0.059
-0.058
-0.058
-0.056
-0.055
-0.056
-0.057
-0.056
-0.056
-0.053
-0.052
-0.052
-0.053
-0.051
-0.051
