-0.04
-0.019
0.024
0.098
0.204
0.278
0.388
0.497
0.608
0.718
0.794
0.818
0.792
0.715
0.59
0.452
0.321
0.192
0.061
-0.062
-0.149
-0.198
-0.213
-0.197
-0.167
-0.145
-0.131
-0.125
-0.123
-0.121
-0.119
-0.118
-0.117
-0.117
-0.115
-0.114
-0.113
-0.111
-0.109
-0.108
-0.107
-0.105
-0.098
-0.088
-0.074
-0.056
-0.037
-0.021
-0.003
0.014
0.031
0.049
0.068
0.088
0.109
0.129
0.144
0.157
0.166
0.173
0.178
0.181
0.183
0.186
0.186
0.185
0.183
0.179
0.174
0.168
0.162
0.155
0.147
0.136
0.122
0.105
0.086
0.066
0.047
0.026
0.005
-0.012
-0.037
-0.055
-0.073
-0.09
-0.106
-0.11
-0.119
-0.126
-0.128
-0.127
-0.125
-0.124
-0.116
-0.114
-0.113
-0.111
-0.11
-0.114
-0.112
-0.111
-0.109
-0.108
-0.105
-0.104
-0.103
-0.102
-0.101
-0.1
-0.1
-0.1
-0.099
-0.098
-0.096
-0.094
-0.092
-0.092
-0.092
-0.092
-0.091
-0.092
-0.091
-0.09
-0.089
-0.088
-0.088
-0.087
-0.086
-0.085
-0.084
-0.082
-0.081
-0.08
-0.08
-0.079
-0.079
-0.08
-0.079
-0.078
-0.077
-0.076
-0.074
-0.072
-0.067
-0.059
-0.047
-0.032
-0.016
0.002
0.02
0.033
0.044
0.054
0.061
0.064
0.064
0.062
0.058
0.049
0.037
0.025
0.011
-0.006
-0.024
-0.039
-0.051
-0.061
-0.067
-0.069
-0.07
-0.07
-0.069
-0.068
-0.068
-0.068
-0.067
-0.067
-0.067
-0.066
-0.064
-0.064
-0.063
-0.062
-0.061
-0.06
-0.065
-0.074
-0.02
0.004
0.051
0.125
0.272
0.329
0.446
0.565
0.675
0.725
0.794
0.816
0.787
0.711
0.595
0.463
0.324
0.184
0.051
-0.061
-0.143
-0.194
-0.21
-0.194
-0.168
-0.148
-0.134
-0.128
-0.127
-0.125
-0.123
-0.122
-0.121
-0.121
-0.12
-0.119
-0.118
-0.116
-0.113
-0.112
-0.11
-0.108
-0.101
-0.092
-0.08
-0.063
-0.043
-0.025
-0.006
0.01
0.026
0.044
0.064
0.083
0.102
0.121
0.138
0.151
0.16
0.166
0.171
0.174
