-0.028
-0.043
-0.055
-0.065
-0.075
-0.078
-0.079
-0.079
-0.079
-0.075
-0.074
-0.073
-0.073
-0.073
-0.072
-0.071
-0.071
-0.071
-0.07
-0.069
-0.069
-0.068
-0.071
-0.08
-0.083
-0.064
-0.023
0.042
0.136
0.246
0.356
0.465
0.571
0.674
0.699
0.728
0.709
0.643
0.533
0.456
0.326
0.198
0.069
-0.047
-0.133
-0.186
-0.205
-0.195
-0.168
-0.146
-0.132
-0.125
-0.123
-0.122
-0.121
-0.12
-0.122
-0.12
-0.119
-0.119
-0.117
-0.113
-0.112
-0.111
-0.109
-0.107
-0.102
-0.093
-0.08
-0.065
-0.047
-0.03
-0.012
0.005
0.021
0.039
0.057
0.074
0.093
0.111
0.127
0.141
0.152
0.159
0.163
0.165
0.168
0.169
0.17
0.169
0.167
0.164
0.16
0.155
0.149
0.143
0.134
0.124
0.111
0.095
0.076
0.055
0.035
0.016
-0.003
-0.021
-0.037
-0.054
-0.07
-0.086
-0.103
-0.116
-0.125
-0.131
-0.134
-0.134
-0.132
-0.131
-0.13
-0.129
-0.128
-0.126
-0.126
-0.124
-0.123
-0.121
-0.12
-0.119
-0.109
-0.108
-0.107
-0.105
-0.104
-0.111
-0.111
-0.11
-0.109
-0.108
-0.106
-0.105
-0.104
-0.103
-0.102
-0.101
-0.1
-0.099
-0.098
-0.097
-0.096
-0.095
-0.094
-0.093
-0.093
-0.092
-0.091
-0.091
-0.09
-0.089
-0.087
-0.086
-0.085
-0.084
-0.083
-0.083
-0.083
-0.082
-0.08
-0.078
-0.073
-0.064
-0.055
-0.041
-0.026
-0.009
0.006
0.022
0.034
0.044
0.049
0.052
0.052
0.051
0.047
0.039
0.03
0.018
0.003
-0.013
-0.028
-0.042
-0.055
-0.064
-0.069
-0.073
-0.074
-0.074
-0.074
-0.074
-0.073
-0.072
-0.071
-0.071
-0.07
-0.07
-0.069
-0.069
-0.067
-0.066
-0.065
-0.065
-0.067
-0.076
-0.078
-0.059
-0.017
0.049
0.144
0.254
0.364
0.472
0.579
0.682
0.757
0.785
0.764
0.697
0.587
0.457
0.328
0.2
0.073
-0.043
-0.128
-0.181
-0.201
-0.189
-0.163
-0.141
-0.127
-0.12
-0.118
-0.117
-0.116
-0.114
-0.112
-0.111
-0.11
-0.109
-0.108
-0.107
