0.006
-0.005
-0.018
-0.029
-0.04
-0.042
-0.045
-0.047
-0.048
-0.047
-0.047
-0.047
-0.045
-0.046
-0.045
-0.044
-0.043
-0.048
0.021
0.075
0.142
0.223
0.317
0.345
0.311
0.277
0.218
0.136
0.03
-0.006
-0.042
-0.066
-0.077
-0.072
-0.058
-0.059
-0.058
-0.058
-0.057
-0.055
-0.053
-0.054
-0.043
-0.036
-0.028
-0.016
-0.002
0.002
0.023
0.039
0.055
0.071
0.086
0.086
0.091
0.092
0.093
0.095
0.096
0.093
0.083
0.069
0.052
0.033
0.014
0.005
-0.013
-0.027
-0.038
-0.049
-0.06
-0.06
-0.059
-0.058
-0.056
-0.054
-0.053
-0.052
-0.052
-0.051
-0.049
-0.048
-0.049
-0.048
-0.047
-0.046
-0.044
-0.042
-0.042
-0.041
-0.041
-0.04
-0.039
-0.037
-0.036
-0.036
-0.038
-0.039
-0.033
-0.026
-0.016
-0.004
0.008
0.016
0.02
0.024
0.026
0.025
0.02
0.015
0.001
-0.01
-0.019
-0.027
-0.036
-0.036
-0.037
-0.037
-0.036
-0.035
-0.035
-0.039
-0.042
-0.036
-0.018
0.014
0.106
0.21
0.305
0.374
0.417
0.388
0.28
0.163
0.061
-0.024
-0.094
-0.091
-0.077
-0.065
-0.056
-0.051
-0.05
-0.051
-0.051
-0.051
-0.049
-0.047
-0.045
-0.042
-0.025
-0.011
0.006
0.023
0.038
0.043
0.057
0.071
0.082
0.093
0.1
0.098
0.096
0.094
0.092
0.09
0.084
0.078
0.059
0.043
0.026
0.01
-0.008
-0.014
-0.028
-0.039
-0.047
-0.053
-0.06
-0.06
-0.061
-0.062
-0.061
-0.06
-0.059
-0.059
-0.06
-0.06
-0.059
-0.058
-0.057
-0.056
-0.056
-0.056
-0.055
-0.053
-0.052
-0.052
-0.053
-0.053
-0.051
-0.05
-0.05
-0.049
-0.049
-0.049
-0.048
-0.048
-0.049
-0.05
-0.044
-0.035
-0.022
-0.009
0.004
0.009
0.01
0.008
0.006
0.002
-0.005
-0.013
-0.025
-0.034
-0.042
-0.047
-0.05
-0.051
-0.052
-0.053
-0.053
-0.053
-0.052
-0.052
-0.055
-0.048
-0.03
0.001
0.043
0.098
0.191
0.262
0.31
0.331
0.328
0.261
0.155
0.066
-0.004
-0.055
-0.093
-0.08
-0.073
-0.07
-0.068
-0.067
-0.066
-0.066
-0.065
-0.066
-0.063
-0.058
-0.051
-0.043
-0.028
-0.012
0.005
0.023
0.041
0.05
0.06
0.069
0.076
0.082
0.087
0.087
0.083
0.079
0.076
0.07
0.064
0.057
0.038
0.019
0.002
-0.015
-0.031
-0.039
-0.049
-0.058
-0.063
-0.066
-0.067
-0.067
-0.067
-0.068
-0.068
-0.067
-0.065
-0.064
-0.064
-0.064
-0.063
-0.061
-0.059
-0.058
-0.057
-0.058
-0.058
-0.058
-0.056
-0.057
-0.057
-0.058
-0.057
-0.055
-0.053
-0.053
-0.052
-0.053
-0.054
-0.053
-0.049
-0.045
-0.032
-0.019
-0.005
0.009
0.02
0.022
0.017
0.009
-0.002
-0.016
-0.028
-0.033
-0.039
-0.042
-0.041
-0.04
-0.041
-0.041
-0.041
-0.041
-0.042
-0.04
-0.037
-0.038
-0.02
0.008
0.049
0.102
0.166
0.222
0.246
0.243
0.214
0.161
0.084
0.019
-0.022
-0.05
-0.061
-0.059
-0.045
-0.046
-0.043
-0.043
-0.043
-0.042
-0.04
-0.041
-0.034
-0.032
-0.028
-0.02
-0.01
-0.006
0.016
0.032
0.047
0.064
0.082
0.085
0.094
0.1
0.104
0.107
0.11
0.107
0.099
0.091
0.081
0.072
0.062
0.054
0.035
0.015
-0.007
-0.027
-0.043
-0.048
-0.051
-0.052
-0.052
-0.05
-0.049
-0.049
-0.047
-0.048
-0.047
-0.046
-0.044
-0.043
-0.042
-0.044
-0.045
-0.045
-0.044
-0.044
-0.042
-0.043
-0.044
-0.042
-0.041
-0.04
-0.039
-0.038
-0.039
-0.038
-0.036
-0.036
-0.034
-0.03
-0.025
-0.02
-0.012
-0.003
0.008
0.018
0.026
0.033
0.035
0.032
0.018
0.005
-0.007
-0.019
-0.031
-0.033
-0.035
-0.035
-0.035
-0.035
-0.036
-0.036
-0.038
-0.039
-0.039
-0.042
-0.048
-0.043
0.02
0.096
0.186
0.288
0.285
0.234
0.157
0.056
-0.056
-0.066
-0.081
-0.082
-0.069
-0.056
-0.047
-0.047
-0.047
-0.048
-0.046
-0.046
-0.046
-0.044
-0.036
-0.025
-0.011
0.004
0.019
0.028
0.043
0.057
0.073
0.087
0.098
0.099
0.099
0.098
0.097
0.096
