0.168
0.174
0.178
0.181
0.182
0.184
0.186
0.183
0.18
0.175
0.169
0.163
0.157
0.151
0.141
0.128
0.114
0.096
0.075
0.052
0.031
0.011
-0.008
-0.025
-0.047
-0.065
-0.081
-0.097
-0.113
-0.12
-0.129
-0.134
-0.135
-0.134
-0.133
-0.133
-0.131
-0.13
-0.128
-0.126
-0.129
-0.129
-0.128
-0.127
-0.127
-0.121
-0.121
-0.12
-0.119
-0.117
-0.116
-0.114
-0.113
-0.112
-0.111
-0.109
-0.109
-0.107
-0.106
-0.106
-0.107
-0.106
-0.105
-0.104
-0.102
-0.1
-0.108
-0.107
-0.107
-0.106
-0.109
-0.099
-0.1
-0.099
-0.099
-0.095
-0.094
-0.093
-0.094
-0.093
-0.091
-0.09
-0.09
-0.088
-0.086
-0.084
-0.078
-0.068
-0.054
-0.037
-0.019
-0.003
0.012
0.026
0.037
0.046
0.051
0.054
0.053
0.049
0.044
0.035
0.023
0.01
-0.005
-0.023
-0.04
-0.054
-0.066
-0.076
-0.082
-0.084
-0.085
-0.084
-0.084
-0.082
-0.082
-0.08
-0.08
-0.079
-0.079
-0.079
-0.078
-0.077
-0.078
-0.078
-0.077
-0.078
-0.084
-0.092
-0.085
-0.056
-0.005
0.076
0.189
0.306
0.415
0.523
0.631
0.734
0.797
0.807
0.769
0.681
0.547
0.406
0.274
0.145
0.025
-0.088
-0.165
-0.205
-0.211
-0.199
-0.171
-0.151
-0.139
-0.134
-0.132
-0.131
-0.131
-0.13
-0.129
-0.128
-0.121
-0.119
-0.118
-0.116
-0.114
-0.119
-0.116
-0.112
-0.105
-0.094
-0.078
-0.059
-0.041
-0.024
-0.006
0.012
0.029
0.047
0.066
0.084
0.104
0.123
0.139
0.151
0.159
0.165
0.17
0.172
0.173
0.175
0.175
0.174
0.171
0.168
0.164
0.159
0.153
0.146
0.137
0.125
0.109
0.09
0.07
0.049
0.029
0.009
-0.01
-0.026
-0.042
-0.059
-0.078
-0.097
-0.113
-0.125
-0.133
-0.138
-0.138
-0.136
-0.135
-0.134
-0.132
-0.131
-0.131
-0.13
-0.128
-0.128
-0.127
-0.125
-0.124
-0.123
-0.122
-0.121
-0.119
-0.117
-0.115
-0.112
-0.111
-0.111
-0.111
-0.11
-0.109
-0.109
-0.108
-0.107
-0.106
-0.105
