-0.051
-0.043
-0.022
0.011
0.055
0.112
0.178
0.243
0.284
0.301
0.292
0.248
0.155
0.07
0.003
-0.045
-0.08
-0.077
-0.069
-0.065
-0.064
-0.063
-0.061
-0.062
-0.059
-0.059
-0.056
-0.051
-0.044
-0.04
-0.018
0.003
0.023
0.042
0.063
0.07
0.078
0.083
0.089
0.093
0.093
0.089
0.086
0.08
0.075
0.07
0.063
0.054
0.035
0.015
-0.003
-0.018
-0.034
-0.041
-0.048
-0.056
-0.062
-0.064
-0.064
-0.065
-0.062
-0.061
-0.06
-0.058
-0.056
-0.059
-0.058
-0.059
-0.06
-0.059
-0.057
-0.058
-0.056
-0.057
-0.057
-0.056
-0.054
-0.055
-0.054
-0.054
-0.055
-0.056
-0.055
-0.054
-0.055
-0.053
-0.049
-0.045
-0.039
-0.029
-0.015
-0.001
0.011
0.019
0.024
0.024
0.014
0.004
-0.008
-0.02
-0.032
-0.038
-0.042
-0.042
-0.042
-0.041
-0.041
-0.04
-0.042
-0.046
-0.002
0.054
0.121
0.199
0.292
0.346
0.337
0.305
0.248
0.165
0.055
-0.008
-0.045
-0.068
-0.075
-0.07
-0.056
-0.055
-0.055
-0.054
-0.052
-0.052
-0.052
-0.051
-0.045
-0.036
-0.023
-0.011
0.001
0.011
0.027
0.044
0.062
0.078
0.091
0.095
0.097
0.099
0.102
0.103
0.101
0.099
0.089
0.079
0.069
0.056
0.027
0.008
-0.013
-0.032
-0.049
-0.05
-0.054
-0.055
-0.054
-0.054
-0.055
-0.055
-0.054
-0.053
-0.051
-0.049
-0.049
-0.05
-0.049
-0.047
-0.046
-0.044
-0.044
-0.045
-0.046
-0.044
-0.042
-0.041
-0.041
-0.041
-0.042
-0.043
-0.041
-0.041
-0.041
-0.041
-0.035
-0.031
-0.024
-0.016
-0.008
-0.004
0.006
0.015
0.023
0.029
0.03
0.026
0.011
-0.003
-0.015
-0.027
-0.038
-0.039
-0.04
-0.041
-0.04
-0.039
-0.039
-0.039
-0.04
-0.04
-0.041
-0.045
-0.048
-0.042
0.023
0.102
0.197
0.299
0.39
0.41
0.351
0.269
0.165
0.05
-0.054
-0.085
-0.097
-0.094
-0.08
-0.067
-0.059
-0.058
-0.058
-0.057
-0.056
-0.054
-0.054
-0.053
-0.045
-0.034
-0.02
-0.005
