-0.055
-0.05
-0.042
-0.033
-0.024
-0.015
-0.004
0.005
0.012
0.016
0.016
0.012
-0.001
-0.013
-0.023
-0.034
-0.046
-0.047
-0.049
-0.049
-0.048
-0.047
-0.047
-0.045
-0.045
-0.044
-0.044
-0.049
-0.05
-0.038
0.031
0.114
0.211
0.312
0.397
0.41
0.345
0.257
0.146
0.033
-0.065
-0.091
-0.098
-0.09
-0.075
-0.064
-0.057
-0.056
-0.056
-0.055
-0.054
-0.053
-0.054
-0.052
-0.038
-0.026
-0.011
0.005
0.02
0.025
0.043
0.059
0.074
0.086
0.095
0.095
0.094
0.095
0.096
0.095
0.091
0.087
0.07
0.056
0.043
0.028
0.01
0.005
-0.011
-0.025
-0.036
-0.045
-0.055
-0.055
-0.056
-0.055
-0.054
-0.053
-0.053
-0.052
-0.052
-0.051
-0.049
-0.049
-0.049
-0.048
-0.048
-0.047
-0.044
-0.042
-0.042
-0.041
-0.042
-0.042
-0.04
-0.039
-0.039
-0.039
-0.039
-0.038
-0.037
-0.037
-0.036
-0.036
-0.031
-0.023
-0.012
-0.001
0.011
0.018
0.022
0.025
0.026
0.024
0.019
0.013
-0
-0.012
-0.021
-0.029
-0.036
-0.036
-0.036
-0.035
-0.033
-0.03
-0.029
-0.029
-0.033
-0.039
-0.039
-0.029
-0.008
0.027
0.122
0.224
0.313
0.376
0.413
0.377
0.265
0.149
0.052
-0.028
-0.091
-0.085
-0.073
-0.061
-0.053
-0.049
-0.048
-0.047
-0.048
-0.048
-0.047
-0.046
-0.043
-0.039
-0.028
-0.013
0.003
0.019
0.035
0.045
0.057
0.069
0.08
0.09
0.096
0.097
0.093
0.09
0.088
0.085
0.079
0.074
0.057
0.04
0.023
0.006
-0.019
-0.032
-0.044
-0.054
-0.063
-0.063
-0.063
-0.063
-0.061
-0.059
-0.058
-0.057
-0.058
-0.058
-0.058
-0.057
-0.057
-0.058
-0.059
-0.059
-0.058
-0.057
-0.057
-0.057
-0.058
-0.059
-0.059
-0.057
-0.056
-0.056
-0.056
-0.055
-0.054
-0.053
-0.052
-0.052
-0.044
-0.034
-0.021
-0.006
0.008
0.013
0.011
0.009
0.005
-0
-0.008
-0.015
-0.026
-0.035
-0.044
-0.048
-0.051
-0.051
-0.052
-0.052
-0.052
-0.05
-0.049
-0.049
