-0.065
-0.066
-0.067
-0.066
-0.066
-0.064
-0.063
-0.063
-0.063
-0.061
-0.062
-0.06
-0.06
-0.061
-0.06
-0.058
-0.057
-0.054
-0.053
-0.054
-0.053
-0.053
-0.049
-0.042
-0.034
-0.026
-0.016
-0.007
-0
0.008
0.013
0.014
0.003
-0.007
-0.022
-0.034
-0.046
-0.047
-0.047
-0.047
-0.046
-0.045
-0.045
-0.044
-0.043
-0.042
-0.046
-0.05
-0.043
-0.025
0.055
0.149
0.168
0.161
0.13
0.036
-0.063
-0.078
-0.075
-0.061
-0.048
-0.04
-0.037
-0.037
-0.036
-0.034
-0.032
-0.033
-0.034
-0.032
-0.021
-0.007
0.008
0.022
0.037
0.047
0.063
0.079
0.093
0.104
0.112
0.113
0.113
0.114
0.113
0.109
0.105
0.101
0.088
0.075
0.06
0.042
0.024
0.015
0.001
-0.01
-0.02
-0.032
-0.041
-0.041
-0.041
-0.04
-0.038
-0.039
-0.039
-0.038
-0.039
-0.037
-0.034
-0.033
-0.034
-0.035
-0.036
-0.037
-0.036
-0.034
-0.032
-0.031
-0.032
-0.033
-0.033
-0.032
-0.031
-0.031
-0.031
-0.031
-0.024
-0.014
-0.003
0.008
0.02
0.025
0.028
0.026
0.023
0.018
0.01
0.001
-0.006
-0.013
-0.02
-0.028
-0.031
-0.032
-0.034
-0.032
-0.031
-0.032
-0.034
-0.033
-0.038
-0.041
-0.035
-0.017
0.011
0.056
0.159
0.255
0.328
0.373
0.393
0.341
0.224
0.121
0.035
-0.036
-0.092
-0.08
-0.068
-0.059
-0.053
-0.051
-0.052
-0.051
-0.052
-0.051
-0.049
-0.048
-0.046
-0.04
-0.022
-0.005
0.013
0.03
0.046
0.051
0.064
0.076
0.085
0.093
0.097
0.097
0.093
0.091
0.089
0.084
0.075
0.069
0.047
0.029
0.011
-0.006
-0.025
-0.03
-0.04
-0.048
-0.055
-0.061
-0.066
-0.066
-0.065
-0.066
-0.064
-0.062
-0.06
-0.06
-0.058
-0.055
-0.054
-0.055
-0.058
-0.058
-0.058
-0.057
-0.055
-0.053
-0.054
-0.054
-0.055
-0.055
-0.054
-0.053
-0.054
-0.054
-0.053
-0.052
-0.05
-0.048
-0.049
-0.047
-0.034
-0.022
-0.008
0.006
0.017
0.016
0.011
0.007
0.001
-0.006
