-0.144
-0.138
-0.128
-0.124
-0.124
-0.124
-0.122
-0.121
-0.119
-0.118
-0.117
-0.115
-0.114
-0.114
-0.112
-0.111
-0.11
-0.106
-0.097
-0.086
-0.072
-0.055
-0.036
-0.017
0.001
0.018
0.035
0.054
0.073
0.093
0.113
0.13
0.145
0.157
0.166
0.171
0.173
0.175
0.177
0.179
0.18
0.179
0.176
0.172
0.167
0.161
0.154
0.147
0.138
0.125
0.11
0.093
0.072
0.048
0.025
0.004
-0.023
-0.04
-0.056
-0.072
-0.102
-0.108
-0.124
-0.136
-0.145
-0.136
-0.136
-0.135
-0.133
-0.132
-0.131
-0.13
-0.129
-0.128
-0.126
-0.125
-0.124
-0.122
-0.121
-0.12
-0.119
-0.118
-0.118
-0.117
-0.117
-0.117
-0.115
-0.114
-0.113
-0.113
-0.112
-0.111
-0.111
-0.11
-0.108
-0.106
-0.104
-0.103
-0.101
-0.101
-0.101
-0.101
-0.101
-0.1
-0.099
-0.098
-0.097
-0.096
-0.095
-0.094
-0.093
-0.092
-0.091
-0.09
-0.088
-0.088
-0.087
-0.086
-0.086
-0.083
-0.077
-0.069
-0.056
-0.04
-0.022
-0.005
0.01
0.023
0.034
0.043
0.048
0.05
0.05
0.047
0.042
0.032
0.02
0.007
-0.009
-0.027
-0.043
-0.056
-0.067
-0.075
-0.081
-0.084
-0.084
-0.085
-0.085
-0.083
-0.089
-0.088
-0.087
-0.086
-0.085
-0.077
-0.076
-0.075
-0.068
-0.068
-0.069
-0.069
-0.074
-0.09
-0.081
-0.05
0.002
0.084
0.196
0.315
0.428
0.536
0.654
0.753
0.812
0.818
0.776
0.673
0.539
0.397
0.262
0.133
0.006
-0.102
-0.177
-0.216
-0.219
-0.196
-0.169
-0.149
-0.138
-0.134
-0.133
-0.132
-0.131
-0.13
-0.129
-0.128
-0.126
-0.124
-0.122
-0.121
-0.12
-0.118
-0.117
-0.114
-0.106
-0.095
-0.079
-0.06
-0.041
-0.024
-0.007
0.01
0.035
0.054
0.072
0.092
0.113
0.126
0.141
0.152
0.161
0.167
0.171
0.175
0.178
0.18
0.181
0.179
0.176
0.171
0.166
0.159
0.152
0.144
0.135
0.123
0.108
0.089
0.068
0.048
0.028
0.008
-0.017
-0.034
-0.051
-0.066
-0.084
-0.096
