-0.053
-0.052
-0.052
-0.05
-0.05
-0.049
-0.047
-0.047
-0.049
-0.048
-0.049
-0.048
-0.046
-0.045
-0.046
-0.045
-0.045
-0.043
-0.041
-0.04
-0.04
-0.039
-0.03
-0.018
-0.004
0.009
0.021
0.026
0.023
0.021
0.017
0.011
0.001
-0.002
-0.012
-0.019
-0.025
-0.03
-0.036
-0.036
-0.036
-0.035
-0.033
-0.031
-0.032
-0.032
-0.011
-0.001
0.021
0.055
0.1
0.134
0.196
0.26
0.299
0.312
0.297
0.255
0.154
0.073
0.012
-0.034
-0.068
-0.057
-0.052
-0.051
-0.052
-0.05
-0.045
-0.04
-0.034
-0.026
-0.011
0.007
0.025
0.041
0.058
0.067
0.076
0.084
0.093
0.098
0.099
0.098
0.095
0.091
0.086
0.08
0.07
0.062
0.044
0.027
0.012
-0.005
-0.022
-0.031
-0.042
-0.049
-0.053
-0.055
-0.058
-0.057
-0.058
-0.058
-0.057
-0.055
-0.055
-0.055
-0.056
-0.055
-0.053
-0.051
-0.051
-0.051
-0.052
-0.053
-0.051
-0.05
-0.049
-0.049
-0.049
-0.049
-0.049
-0.048
-0.047
-0.046
-0.045
-0.045
-0.044
-0.04
-0.03
-0.017
-0.003
0.009
0.019
0.02
0.014
0.008
0
-0.01
-0.022
-0.03
-0.039
-0.045
-0.048
-0.048
-0.047
-0.046
-0.045
-0.046
-0.044
-0.043
-0.043
-0.044
-0.024
0.009
0.053
0.109
0.176
0.232
0.27
0.283
0.274
0.24
0.18
0.112
0.045
-0.005
-0.04
-0.061
-0.069
-0.066
-0.065
-0.064
-0.063
-0.062
-0.061
-0.062
-0.061
-0.058
-0.051
-0.041
-0.03
-0.021
-0.004
0.012
0.03
0.048
0.065
0.072
0.078
0.082
0.086
0.088
0.089
0.087
0.08
0.073
0.064
0.055
0.043
0.033
0.014
-0.005
-0.022
-0.038
-0.055
-0.062
-0.069
-0.074
-0.075
-0.074
-0.073
-0.072
-0.071
-0.071
-0.07
-0.067
-0.065
-0.065
-0.065
-0.065
-0.065
-0.064
-0.063
-0.062
-0.062
-0.063
-0.061
-0.06
-0.058
-0.057
-0.055
-0.056
-0.055
-0.053
-0.051
-0.053
-0.05
-0.05
-0.048
-0.042
-0.034
-0.03
-0.015
-0.006
0.004
0.013
0.019
0.016
