0.077
0.096
0.114
0.131
0.146
0.157
0.166
0.172
0.186
0.189
0.19
0.192
0.192
0.178
0.175
0.17
0.165
0.159
0.153
0.146
0.135
0.121
0.106
0.087
0.065
0.043
0.023
0.004
-0.013
-0.031
-0.048
-0.066
-0.084
-0.1
-0.115
-0.127
-0.134
-0.137
-0.137
-0.135
-0.134
-0.132
-0.13
-0.129
-0.128
-0.126
-0.125
-0.124
-0.123
-0.122
-0.121
-0.121
-0.12
-0.119
-0.117
-0.116
-0.113
-0.111
-0.109
-0.106
-0.104
-0.103
-0.103
-0.102
-0.1
-0.099
-0.099
-0.097
-0.092
-0.091
-0.09
-0.088
-0.087
-0.09
-0.09
-0.088
-0.087
-0.086
-0.084
-0.083
-0.083
-0.083
-0.082
-0.08
-0.079
-0.078
-0.077
-0.076
-0.076
-0.076
-0.075
-0.072
-0.065
-0.054
-0.038
-0.02
-0.002
0.014
0.029
0.042
0.052
0.059
0.054
0.055
0.053
0.051
0.045
0.043
0.032
0.018
0
-0.017
-0.033
-0.046
-0.057
-0.065
-0.069
-0.07
-0.07
-0.071
-0.071
-0.071
-0.071
-0.069
-0.067
-0.066
-0.065
-0.064
-0.063
-0.062
-0.062
-0.062
-0.078
-0.08
-0.089
-0.096
-0.082
-0.03
0.03
0.123
0.243
0.359
0.47
0.579
0.689
0.782
0.826
0.82
0.764
0.658
0.519
0.381
0.251
0.122
-0.005
-0.108
-0.173
-0.202
-0.197
-0.171
-0.146
-0.13
-0.12
-0.117
-0.115
-0.113
-0.11
-0.11
-0.109
-0.108
-0.107
-0.106
-0.105
-0.103
-0.101
-0.1
-0.099
-0.094
-0.087
-0.074
-0.058
-0.039
-0.023
-0.006
0.011
0.027
0.045
0.064
0.082
0.102
0.122
0.14
0.154
0.166
0.174
0.181
0.179
0.181
0.183
0.185
0.185
0.189
0.185
0.181
0.174
0.168
0.161
0.153
0.142
0.129
0.113
0.093
0.072
0.052
0.031
0.009
-0.01
-0.026
-0.042
-0.058
-0.076
-0.093
-0.107
-0.118
-0.125
-0.129
-0.129
-0.128
-0.127
-0.126
-0.124
-0.123
-0.122
-0.121
-0.12
-0.12
-0.12
-0.118
-0.117
-0.116
-0.114
-0.114
-0.114
-0.113
-0.112
-0.111
-0.11
-0.11
-0.108
-0.108
