0.173
0.17
0.165
0.157
0.148
0.137
0.125
0.109
0.09
0.067
0.046
0.026
0.007
-0.011
-0.028
-0.045
-0.061
-0.078
-0.096
-0.111
-0.121
-0.127
-0.13
-0.13
-0.129
-0.129
-0.128
-0.127
-0.126
-0.124
-0.122
-0.121
-0.119
-0.118
-0.117
-0.115
-0.115
-0.113
-0.112
-0.111
-0.11
-0.108
-0.107
-0.107
-0.105
-0.104
-0.104
-0.102
-0.101
-0.1
-0.099
-0.098
-0.097
-0.096
-0.095
-0.094
-0.092
-0.09
-0.089
-0.088
-0.093
-0.092
-0.091
-0.088
-0.087
-0.079
-0.079
-0.078
-0.078
-0.078
-0.077
-0.077
-0.077
-0.075
-0.074
-0.073
-0.069
-0.061
-0.049
-0.034
-0.018
-0.001
0.016
0.03
0.043
0.054
0.061
0.065
0.066
0.065
0.049
0.042
0.031
0.02
0.006
0.003
-0.012
-0.027
-0.041
-0.052
-0.058
-0.062
-0.064
-0.065
-0.065
-0.066
-0.066
-0.066
-0.066
-0.066
-0.064
-0.064
-0.061
-0.059
-0.059
-0.059
-0.058
-0.058
-0.061
-0.069
-0.073
-0.057
-0.019
0.046
0.145
0.258
0.368
0.477
0.591
0.705
0.792
0.828
0.816
0.752
0.638
0.503
0.372
0.244
0.11
-0.02
-0.116
-0.175
-0.199
-0.191
-0.163
-0.14
-0.125
-0.118
-0.116
-0.116
-0.114
-0.114
-0.112
-0.111
-0.107
-0.105
-0.104
-0.102
-0.1
-0.102
-0.102
-0.101
-0.096
-0.088
-0.074
-0.057
-0.039
-0.021
-0.003
0.015
0.031
0.048
0.066
0.085
0.105
0.125
0.142
0.156
0.166
0.175
0.18
0.183
0.184
0.186
0.185
0.184
0.182
0.18
0.175
0.172
0.166
0.16
0.152
0.141
0.127
0.111
0.093
0.072
0.05
0.028
0.007
-0.012
-0.028
-0.044
-0.062
-0.079
-0.094
-0.107
-0.119
-0.127
-0.13
-0.129
-0.129
-0.128
-0.126
-0.126
-0.126
-0.124
-0.122
-0.121
-0.12
-0.118
-0.117
-0.116
-0.114
-0.113
-0.112
-0.111
-0.11
-0.109
-0.109
-0.109
-0.108
-0.107
-0.106
-0.104
-0.103
-0.102
-0.101
-0.101
-0.1
-0.099
-0.099
-0.099
-0.097
-0.096
-0.095
-0.094
-0.084
-0.083
