0.084
0.088
0.086
0.088
0.086
0.082
0.079
0.08
0.063
0.047
0.031
0.013
-0.007
-0.015
-0.028
-0.042
-0.052
-0.061
-0.068
-0.067
-0.067
-0.069
-0.07
-0.069
-0.067
-0.065
-0.064
-0.066
-0.066
-0.066
-0.064
-0.063
-0.062
-0.063
-0.065
-0.065
-0.064
-0.062
-0.061
-0.062
-0.062
-0.06
-0.058
-0.057
-0.057
-0.058
-0.059
-0.06
-0.059
-0.057
-0.049
-0.04
-0.029
-0.016
-0.001
0.004
0.009
0.009
0.006
0.002
-0.003
-0.01
-0.021
-0.034
-0.044
-0.051
-0.054
-0.054
-0.053
-0.054
-0.042
-0.044
-0.031
-0.004
0.034
0.068
0.169
0.25
0.308
0.342
0.352
0.291
0.18
0.083
0.003
-0.059
-0.102
-0.088
-0.076
-0.07
-0.067
-0.066
-0.064
-0.063
-0.061
-0.062
-0.061
-0.059
-0.04
-0.024
-0.003
0.02
0.041
0.047
0.061
0.07
0.076
0.083
0.09
0.089
0.087
0.084
0.077
0.072
0.066
0.06
0.041
0.024
0.004
-0.013
-0.028
-0.033
-0.042
-0.05
-0.058
-0.062
-0.063
-0.063
-0.061
-0.061
-0.061
-0.062
-0.061
-0.06
-0.057
-0.057
-0.054
-0.054
-0.054
-0.054
-0.052
-0.051
-0.048
-0.047
-0.047
-0.047
-0.045
-0.045
-0.044
-0.044
-0.046
-0.047
-0.045
-0.042
-0.029
-0.016
-0.003
0.01
0.023
0.026
0.026
0.021
0.013
0.003
-0.006
-0.015
-0.021
-0.027
-0.033
-0.037
-0.036
-0.035
-0.033
-0.032
-0.033
-0.035
-0.033
-0.033
-0.02
0.004
0.038
0.083
0.142
0.199
0.259
0.292
0.299
0.282
0.243
0.175
0.098
0.037
-0.01
-0.044
-0.062
-0.056
-0.051
-0.05
-0.051
-0.052
-0.049
-0.049
-0.046
-0.043
-0.039
-0.033
-0.024
-0.014
0.004
0.022
0.037
0.052
0.07
0.077
0.087
0.094
0.097
0.099
0.102
0.101
0.098
0.093
0.083
0.073
0.063
0.054
0.04
0.024
0.005
-0.014
-0.029
-0.038
-0.044
-0.048
-0.052
-0.056
-0.056
-0.055
-0.054
-0.053
-0.054
-0.056
-0.055
-0.055
-0.052
-0.051
-0.051
-0.052
-0.051
-0.051
