0.057
0.058
0.058
0.054
0.049
0.041
0.03
0.016
0.001
-0.015
-0.03
-0.044
-0.056
-0.064
-0.068
-0.07
-0.07
-0.07
-0.069
-0.07
-0.07
-0.07
-0.069
-0.068
-0.067
-0.067
-0.067
-0.068
-0.067
-0.067
-0.066
-0.067
-0.073
-0.082
-0.077
-0.047
0.008
0.095
0.207
0.319
0.429
0.541
0.657
0.759
0.814
0.82
0.776
0.678
0.547
0.416
0.287
0.155
0.02
-0.091
-0.162
-0.2
-0.204
-0.18
-0.153
-0.135
-0.125
-0.121
-0.116
-0.114
-0.113
-0.112
-0.109
-0.113
-0.111
-0.109
-0.107
-0.105
-0.103
-0.103
-0.105
-0.102
-0.095
-0.082
-0.067
-0.046
-0.028
-0.009
0.008
0.025
0.042
0.06
0.078
0.098
0.118
0.136
0.15
0.162
0.173
0.178
0.181
0.183
0.186
0.187
0.187
0.187
0.185
0.181
0.176
0.171
0.152
0.145
0.135
0.122
0.106
0.102
0.082
0.061
0.039
0.019
-0
-0.017
-0.034
-0.052
-0.07
-0.086
-0.101
-0.112
-0.12
-0.124
-0.126
-0.125
-0.124
-0.123
-0.122
-0.12
-0.118
-0.117
-0.116
-0.115
-0.112
-0.111
-0.11
-0.109
-0.107
-0.107
-0.107
-0.105
-0.104
-0.104
-0.103
-0.102
-0.102
-0.103
-0.103
-0.102
-0.102
-0.101
-0.098
-0.097
-0.096
-0.096
-0.095
-0.094
-0.094
-0.092
-0.09
-0.089
-0.089
-0.087
-0.086
-0.085
-0.084
-0.081
-0.081
-0.081
-0.081
-0.079
-0.079
-0.078
-0.077
-0.077
-0.076
-0.072
-0.065
-0.055
-0.042
-0.027
-0.009
0.009
0.024
0.036
0.048
0.056
0.061
0.063
0.062
0.058
0.051
0.042
0.031
0.017
0.002
-0.016
-0.033
-0.047
-0.057
-0.065
-0.068
-0.07
-0.071
-0.071
-0.071
-0.071
-0.071
-0.071
-0.071
-0.071
-0.07
-0.069
-0.069
-0.069
-0.069
-0.069
-0.069
-0.07
-0.076
-0.084
-0.076
-0.044
0.011
0.092
0.199
0.317
0.437
0.549
0.655
0.749
0.804
0.808
0.763
0.673
0.546
0.406
0.266
0.134
0.008
-0.094
-0.167
-0.207
-0.21
-0.186
-0.16
-0.141
-0.131
-0.127
