-0.06
-0.06
-0.059
-0.058
-0.056
-0.056
-0.056
-0.056
-0.057
-0.057
-0.055
-0.055
-0.054
-0.052
-0.051
-0.051
-0.05
-0.049
-0.049
-0.048
-0.045
-0.045
-0.045
-0.044
-0.044
-0.044
-0.042
-0.041
-0.041
-0.04
-0.03
-0.017
-0.004
0.01
0.022
0.026
0.026
0.023
0.019
0.011
0.001
-0.008
-0.019
-0.026
-0.03
-0.034
-0.037
-0.037
-0.037
-0.038
-0.037
-0.036
-0.01
0.004
0.03
0.067
0.114
0.147
0.229
0.287
0.319
0.326
0.306
0.237
0.139
0.062
0.003
-0.041
-0.073
-0.062
-0.057
-0.054
-0.052
-0.051
-0.051
-0.05
-0.05
-0.048
-0.043
-0.037
-0.031
-0.022
-0.006
0.011
0.03
0.046
0.062
0.071
0.08
0.088
0.096
0.101
0.104
0.104
0.099
0.095
0.089
0.082
0.072
0.065
0.047
0.03
0.015
-0.001
-0.018
-0.027
-0.035
-0.043
-0.047
-0.05
-0.051
-0.052
-0.051
-0.05
-0.049
-0.048
-0.048
-0.048
-0.049
-0.048
-0.047
-0.045
-0.044
-0.043
-0.043
-0.043
-0.042
-0.042
-0.044
-0.045
-0.044
-0.043
-0.042
-0.039
-0.038
-0.04
-0.039
-0.038
-0.037
-0.035
-0.031
-0.028
-0.016
-0.003
0.01
0.022
0.03
0.03
0.023
0.015
0.006
-0.005
-0.017
-0.024
-0.032
-0.038
-0.04
-0.042
-0.044
-0.043
-0.043
-0.043
-0.042
-0.04
-0.039
-0.04
-0.018
0.017
0.065
0.123
0.193
0.25
0.282
0.29
0.276
0.236
0.169
0.101
0.04
-0.007
-0.039
-0.057
-0.061
-0.059
-0.061
-0.061
-0.06
-0.059
-0.059
-0.059
-0.056
-0.05
-0.043
-0.033
-0.022
-0.014
0.001
0.018
0.035
0.052
0.068
0.074
0.08
0.084
0.089
0.091
0.092
0.089
0.081
0.072
0.064
0.054
0.042
0.031
0.013
-0.004
-0.021
-0.036
-0.05
-0.057
-0.064
-0.068
-0.069
-0.069
-0.068
-0.067
-0.068
-0.068
-0.067
-0.066
-0.065
-0.064
-0.064
-0.064
-0.062
-0.062
-0.061
-0.061
-0.062
-0.063
-0.062
-0.061
-0.059
-0.059
-0.059
-0.059
-0.059
-0.058
-0.056
-0.056
