-0.049
-0.047
-0.048
-0.049
-0.049
-0.048
-0.047
-0.046
-0.047
-0.048
-0.047
-0.047
-0.046
-0.045
-0.045
-0.045
-0.04
-0.034
-0.02
-0.007
0.003
0.01
0.017
0.017
0.013
0.007
-0.004
-0.018
-0.03
-0.037
-0.041
-0.043
-0.045
-0.049
-0.052
-0.052
-0.053
-0.051
-0.049
-0.048
-0.013
0.033
0.09
0.157
0.24
0.297
0.31
0.297
0.257
0.191
0.102
0.034
-0.014
-0.047
-0.068
-0.076
-0.069
-0.066
-0.067
-0.065
-0.065
-0.067
-0.068
-0.065
-0.058
-0.05
-0.041
-0.032
-0.02
-0.012
0.006
0.024
0.044
0.062
0.078
0.082
0.087
0.088
0.075
0.061
0.048
0.032
0.013
0.004
-0.013
-0.03
-0.045
-0.057
-0.066
-0.067
-0.067
-0.068
-0.07
-0.071
-0.071
-0.068
-0.068
-0.067
-0.064
-0.062
-0.063
-0.062
-0.062
-0.063
-0.064
-0.06
-0.061
-0.058
-0.056
-0.056
-0.057
-0.054
-0.052
-0.047
-0.043
-0.038
-0.031
-0.023
-0.014
-0.004
0.005
0.01
0.01
0.005
-0.007
-0.021
-0.033
-0.042
-0.049
-0.049
-0.049
-0.051
-0.052
-0.051
-0.049
-0.048
-0.046
-0.048
-0.053
-0.053
-0.041
-0.019
0.062
0.156
0.259
0.348
0.413
0.404
0.318
0.204
0.086
-0.013
-0.093
-0.102
-0.095
-0.082
-0.071
-0.063
-0.059
-0.058
-0.057
-0.057
-0.058
-0.057
-0.054
-0.051
-0.038
-0.025
-0.01
0.007
0.026
0.035
0.051
0.064
0.075
0.086
0.096
0.097
0.098
0.096
0.094
0.091
0.089
0.084
0.071
0.054
0.037
0.02
0.005
-0.004
-0.017
-0.031
-0.043
-0.053
-0.058
-0.057
-0.055
-0.055
-0.057
-0.057
-0.054
-0.053
-0.052
-0.052
-0.053
-0.054
-0.052
-0.051
-0.049
-0.049
-0.049
-0.049
-0.047
-0.046
-0.045
-0.045
-0.046
-0.044
-0.042
-0.041
-0.039
-0.04
-0.043
-0.044
-0.042
-0.041
-0.028
-0.018
-0.007
0.005
0.02
0.022
0.024
0.025
0.022
0.017
0.012
0.008
-0.003
-0.014
-0.024
-0.032
-0.037
-0.036
-0.033
-0.033
-0.034
-0.035
-0.034
-0.034
