0.015
0.009
-0.003
-0.015
-0.025
-0.033
-0.039
-0.04
-0.042
-0.042
-0.042
-0.04
-0.04
-0.038
-0.04
-0.044
-0.046
-0.037
-0.018
0.013
0.105
0.207
0.302
0.372
0.416
0.387
0.279
0.161
0.07
-0.007
-0.07
-0.065
-0.053
-0.054
-0.055
-0.055
-0.053
-0.05
-0.046
-0.041
-0.029
-0.016
0
0.018
0.035
0.046
0.059
0.072
0.083
0.094
0.102
0.104
0.101
0.098
0.096
0.093
0.089
0.085
0.069
0.052
0.035
0.018
0.001
-0.008
-0.023
-0.035
-0.044
-0.05
-0.053
-0.052
-0.053
-0.054
-0.053
-0.053
-0.051
-0.05
-0.048
-0.049
-0.049
-0.048
-0.048
-0.051
-0.049
-0.051
-0.05
-0.048
-0.046
-0.047
-0.045
-0.046
-0.045
-0.043
-0.041
-0.043
-0.042
-0.043
-0.044
-0.043
-0.042
-0.043
-0.03
-0.021
-0.009
0.004
0.018
0.017
0.018
0.016
0.012
0.008
0.001
-0.007
-0.017
-0.028
-0.036
-0.04
-0.042
-0.044
-0.043
-0.043
-0.044
-0.042
-0.041
-0.042
-0.047
-0.043
-0.026
0.002
0.042
0.097
0.193
0.266
0.317
0.343
0.344
0.278
0.171
0.078
0.004
-0.051
-0.09
-0.077
-0.068
-0.063
-0.061
-0.06
-0.058
-0.058
-0.059
-0.06
-0.059
-0.055
-0.048
-0.041
-0.026
-0.011
0.006
0.023
0.041
0.05
0.06
0.067
0.074
0.08
0.086
0.086
0.084
0.08
0.076
0.07
0.064
0.055
0.037
0.018
-0.001
-0.017
-0.032
-0.041
-0.05
-0.059
-0.067
-0.072
-0.073
-0.071
-0.069
-0.069
-0.068
-0.07
-0.07
-0.07
-0.067
-0.067
-0.066
-0.066
-0.066
-0.065
-0.063
-0.062
-0.061
-0.062
-0.061
-0.06
-0.058
-0.057
-0.057
-0.058
-0.06
-0.06
-0.058
-0.054
-0.042
-0.031
-0.017
-0.005
0.008
0.011
0.009
0.003
-0.005
-0.015
-0.025
-0.034
-0.041
-0.048
-0.053
-0.054
-0.053
-0.051
-0.05
-0.05
-0.051
-0.051
-0.05
-0.051
-0.035
-0.009
0.028
0.079
0.142
0.198
0.25
0.276
0.277
0.254
0.175
0.091
0.023
-0.032
-0.075
-0.069
