0.122
0.232
0.345
0.462
0.577
0.684
0.73
0.769
0.76
0.701
0.599
0.51
0.376
0.236
0.097
-0.028
-0.122
-0.182
-0.211
-0.206
-0.179
-0.156
-0.14
-0.131
-0.128
-0.127
-0.126
-0.125
-0.118
-0.117
-0.116
-0.114
-0.113
-0.117
-0.116
-0.116
-0.114
-0.112
-0.107
-0.098
-0.086
-0.071
-0.053
-0.033
-0.011
0.006
0.022
0.04
0.059
0.075
0.095
0.114
0.131
0.146
0.159
0.167
0.172
0.175
0.177
0.18
0.18
0.18
0.179
0.177
0.172
0.168
0.163
0.157
0.148
0.136
0.108
0.093
0.074
0.053
0.032
0.027
0.008
-0.009
-0.026
-0.044
-0.061
-0.078
-0.095
-0.109
-0.119
-0.126
-0.13
-0.13
-0.129
-0.128
-0.127
-0.125
-0.123
-0.12
-0.118
-0.117
-0.115
-0.113
-0.113
-0.112
-0.117
-0.117
-0.115
-0.113
-0.112
-0.104
-0.103
-0.101
-0.1
-0.1
-0.099
-0.099
-0.099
-0.098
-0.098
-0.097
-0.095
-0.093
-0.086
-0.084
-0.082
-0.081
-0.08
-0.086
-0.086
-0.086
-0.086
-0.085
-0.084
-0.083
-0.081
-0.08
-0.079
-0.078
-0.076
-0.075
-0.074
-0.072
-0.071
-0.07
-0.065
-0.058
-0.047
-0.031
-0.013
0.003
0.018
0.032
0.044
0.054
0.061
0.064
0.066
0.065
0.061
0.055
0.046
0.034
0.019
0.002
-0.014
-0.03
-0.043
-0.053
-0.06
-0.064
-0.065
-0.065
-0.066
-0.067
-0.067
-0.066
-0.066
-0.065
-0.063
-0.062
-0.062
-0.061
-0.06
-0.059
-0.059
-0.059
-0.061
-0.07
-0.077
-0.062
-0.024
0.038
0.134
0.253
0.368
0.477
0.585
0.696
0.724
0.763
0.753
0.695
0.585
0.509
0.373
0.244
0.102
-0.024
-0.124
-0.186
-0.211
-0.192
-0.164
-0.139
-0.123
-0.115
-0.112
-0.11
-0.109
-0.108
-0.108
-0.107
-0.106
-0.106
-0.105
-0.103
-0.103
-0.102
-0.1
-0.099
-0.094
-0.085
-0.058
-0.042
-0.023
-0.005
0.013
0.015
0.031
0.048
0.065
0.082
0.102
0.123
0.141
0.155
0.166
0.174
0.179
0.182
0.185
0.187
0.189
0.189
