-0.051
-0.051
-0.055
-0.052
-0.039
-0.015
0.022
0.075
0.175
0.257
0.313
0.343
0.348
0.284
0.172
0.08
0.005
-0.054
-0.1
-0.085
-0.075
-0.067
-0.063
-0.062
-0.063
-0.063
-0.064
-0.064
-0.062
-0.059
-0.054
-0.046
-0.031
-0.013
0.006
0.023
0.038
0.048
0.06
0.07
0.079
0.086
0.089
0.09
0.087
0.085
0.081
0.075
0.066
0.058
0.041
0.025
0.009
-0.007
-0.025
-0.034
-0.045
-0.054
-0.059
-0.064
-0.068
-0.068
-0.068
-0.067
-0.065
-0.064
-0.064
-0.063
-0.063
-0.062
-0.06
-0.059
-0.059
-0.059
-0.058
-0.056
-0.054
-0.051
-0.05
-0.049
-0.05
-0.049
-0.048
-0.048
-0.049
-0.048
-0.048
-0.048
-0.046
-0.045
-0.044
-0.041
-0.029
-0.015
-0
0.013
0.023
0.025
0.021
0.017
0.011
0.004
-0.008
-0.016
-0.025
-0.032
-0.036
-0.039
-0.041
-0.041
-0.041
-0.04
-0.039
-0.039
-0.039
-0.039
-0.026
-0.001
0.036
0.083
0.141
0.199
0.257
0.292
0.302
0.286
0.244
0.176
0.097
0.036
-0.008
-0.039
-0.058
-0.052
-0.05
-0.049
-0.048
-0.047
-0.047
-0.046
-0.045
-0.042
-0.037
-0.03
-0.022
-0.013
0.002
0.02
0.038
0.054
0.07
0.078
0.085
0.093
0.092
0.092
0.088
0.079
0.064
0.057
0.036
0.02
0.005
-0.01
-0.027
-0.033
-0.04
-0.045
-0.048
-0.048
-0.048
-0.048
-0.049
-0.049
-0.049
-0.048
-0.047
-0.047
-0.046
-0.045
-0.044
-0.043
-0.043
-0.044
-0.043
-0.043
-0.042
-0.04
-0.04
-0.042
-0.042
-0.043
-0.044
-0.042
-0.042
-0.043
-0.041
-0.039
-0.038
-0.034
-0.03
-0.026
-0.011
0.002
0.012
0.022
0.03
0.027
0.016
0.008
-0.001
-0.013
-0.027
-0.031
-0.037
-0.041
-0.044
-0.043
-0.044
-0.047
-0.052
-0.051
0.006
0.076
0.157
0.253
0.356
0.393
0.356
0.294
0.206
0.092
-0.021
-0.064
-0.087
-0.093
-0.087
-0.075
-0.066
-0.064
-0.062
-0.06
-0.059
-0.059
-0.059
-0.058
-0.049
-0.038
-0.026
-0.014
0.001
0.009
0.026
0.043
0.057
0.068
0.079
0.082
0.085
0.087
0.088
0.085
0.082
0.079
0.069
0.057
0.043
0.028
0.011
0.001
-0.015
-0.03
-0.044
-0.057
-0.068
-0.069
-0.068
-0.067
-0.066
-0.067
-0.068
-0.067
-0.066
-0.064
-0.062
-0.062
-0.061
-0.062
-0.061
-0.06
-0.059
-0.06
-0.06
-0.059
-0.059
-0.058
-0.057
-0.058
-0.057
-0.057
-0.056
-0.055
-0.054
-0.055
-0.055
-0.054
-0.048
-0.041
-0.032
-0.024
-0.014
-0.006
0.003
0.01
0.013
0.013
0.01
0.004
-0.008
-0.018
-0.028
-0.039
-0.048
-0.048
-0.05
-0.051
-0.051
-0.052
-0.051
-0.05
-0.055
-0.055
-0.06
-0.062
-0.052
-0.024
0.059
0.156
0.257
0.342
0.404
0.394
0.308
0.2
0.089
-0.011
-0.093
-0.103
-0.095
-0.08
-0.067
-0.06
-0.056
-0.056
-0.054
-0.053
-0.051
-0.052
-0.052
-0.049
-0.037
-0.022
-0.006
0.009
0.025
0.035
0.05
0.066
0.079
0.088
0.095
0.096
0.094
0.091
0.089
0.085
0.072
0.059
0.043
0.025
0.006
-0.004
-0.018
-0.03
-0.039
-0.048
-0.055
-0.054
-0.052
-0.051
-0.049
-0.049
-0.05
-0.05
-0.05
-0.049
-0.048
-0.048
-0.049
-0.048
-0.048
-0.046
-0.045
-0.045
-0.045
-0.044
-0.044
-0.042
-0.041
-0.042
-0.042
-0.041
-0.041
-0.039
-0.038
-0.038
-0.04
-0.04
-0.033
-0.022
-0.01
0.003
0.017
0.024
0.028
0.03
0.03
0.024
0.016
0.007
-0.005
-0.014
-0.021
-0.026
-0.031
-0.033
-0.035
-0.035
-0.04
-0.041
-0.031
-0.009
0.024
0.073
0.176
0.267
0.332
0.369
0.382
0.324
0.207
0.108
0.027
-0.038
-0.089
-0.075
-0.064
-0.055
-0.051
-0.051
-0.052
-0.052
-0.052
-0.051
-0.048
-0.046
-0.043
-0.037
-0.023
-0.005
0.013
0.03
0.046
0.056
0.069
0.08
0.09
0.096
0.1
0.1
0.097
0.095
0.093
0.087
0.078
0.072
0.055
0.038
0.022
0.005
-0.014
-0.024
-0.036
-0.045
-0.052
-0.058
-0.063
-0.064
-0.063
-0.061
