0.251
0.307
0.31
0.287
0.242
0.173
0.079
0.014
-0.03
-0.062
-0.079
-0.08
-0.067
-0.066
-0.066
-0.067
-0.066
-0.065
-0.063
-0.063
-0.058
-0.053
-0.046
-0.035
-0.021
-0.012
0.004
0.019
0.035
0.052
0.068
0.075
0.079
0.08
0.081
0.082
0.084
0.082
0.075
0.063
0.051
0.039
0.026
0.016
-0.002
-0.02
-0.037
-0.051
-0.064
-0.067
-0.07
-0.072
-0.073
-0.072
-0.07
-0.069
-0.069
-0.07
-0.07
-0.069
-0.066
-0.064
-0.063
-0.063
-0.063
-0.063
-0.06
-0.059
-0.058
-0.059
-0.059
-0.058
-0.056
-0.055
-0.054
-0.054
-0.054
-0.052
-0.05
-0.049
-0.042
-0.04
-0.035
-0.028
-0.018
-0.014
-0.003
0.005
0.011
0.016
0.021
0.019
0.008
-0.006
-0.02
-0.031
-0.04
-0.04
-0.039
-0.041
-0.042
-0.043
-0.041
-0.041
-0.038
-0.038
-0.038
-0.04
0.019
0.09
0.174
0.271
0.374
0.407
0.363
0.292
0.196
0.082
-0.026
-0.067
-0.083
-0.087
-0.078
-0.064
-0.051
-0.05
-0.048
-0.048
-0.048
-0.049
-0.047
-0.047
-0.038
-0.029
-0.017
-0.002
0.017
0.026
0.045
0.061
0.074
0.086
0.1
0.103
0.105
0.104
0.103
0.101
0.1
0.097
0.088
0.074
0.058
0.042
0.026
0.015
0
-0.015
-0.03
-0.042
-0.049
-0.049
-0.046
-0.046
-0.046
-0.047
-0.046
-0.047
-0.046
-0.046
-0.048
-0.048
-0.045
-0.045
-0.043
-0.044
-0.045
-0.046
-0.044
-0.043
-0.041
-0.041
-0.042
-0.043
-0.041
-0.041
-0.038
-0.038
-0.039
-0.039
-0.038
-0.038
-0.032
-0.026
-0.021
-0.013
-0.001
0.007
0.017
0.023
0.025
0.025
0.024
0.017
0.004
-0.009
-0.021
-0.034
-0.043
-0.042
-0.04
-0.04
-0.039
-0.042
-0.047
-0.047
-0.035
-0.01
0.076
0.173
0.272
0.355
0.414
0.398
0.307
0.193
0.079
-0.019
-0.095
-0.102
-0.092
-0.078
-0.069
-0.063
-0.06
-0.059
-0.057
-0.056
-0.057
-0.057
-0.054
-0.051
-0.036
-0.022
0.006
0.03
0.054
0.07
0.088
0.09
