0.174
0.177
0.179
0.18
0.179
0.177
0.175
0.172
0.168
0.163
0.158
0.151
0.141
0.128
0.114
0.098
0.077
0.054
0.034
0.014
-0.005
-0.022
-0.039
-0.056
-0.072
-0.089
-0.105
-0.119
-0.129
-0.134
-0.135
-0.134
-0.132
-0.13
-0.137
-0.136
-0.135
-0.133
-0.132
-0.122
-0.12
-0.119
-0.118
-0.118
-0.115
-0.114
-0.113
-0.111
-0.11
-0.11
-0.109
-0.108
-0.106
-0.105
-0.105
-0.103
-0.102
-0.1
-0.099
-0.098
-0.096
-0.095
-0.095
-0.093
-0.1
-0.099
-0.098
-0.097
-0.095
-0.085
-0.085
-0.084
-0.083
-0.083
-0.082
-0.08
-0.079
-0.078
-0.077
-0.076
-0.076
-0.076
-0.067
-0.064
-0.059
-0.049
-0.036
-0.028
-0.011
0.006
0.021
0.036
0.048
0.057
0.063
0.065
0.064
0.061
0.056
0.046
0.035
0.021
0.006
-0.012
-0.028
-0.041
-0.052
-0.062
-0.067
-0.069
-0.071
-0.071
-0.071
-0.071
-0.07
-0.07
-0.069
-0.068
-0.067
-0.066
-0.064
-0.063
-0.064
-0.064
-0.063
-0.064
-0.069
-0.078
-0.033
-0.007
0.041
0.12
0.231
0.305
0.415
0.523
0.633
0.739
0.807
0.824
0.791
0.707
0.577
0.437
0.305
0.177
0.047
-0.07
-0.152
-0.196
-0.205
-0.184
-0.155
-0.134
-0.122
-0.119
-0.12
-0.121
-0.121
-0.119
-0.117
-0.114
-0.112
-0.109
-0.108
-0.106
-0.105
-0.104
-0.102
-0.099
-0.094
-0.084
-0.069
-0.051
-0.033
-0.015
0.003
0.021
0.038
0.056
0.074
0.093
0.113
0.133
0.149
0.161
0.17
0.177
0.183
0.185
0.188
0.19
0.191
0.19
0.187
0.183
0.178
0.171
0.164
0.157
0.148
0.136
0.12
0.103
0.083
0.062
0.042
0.021
0
-0.017
-0.033
-0.05
-0.068
-0.087
-0.104
-0.117
-0.126
-0.132
-0.133
-0.132
-0.131
-0.129
-0.127
-0.126
-0.124
-0.123
-0.121
-0.12
-0.119
-0.117
-0.116
-0.116
-0.116
-0.114
-0.113
-0.112
-0.11
-0.108
-0.107
-0.106
-0.105
-0.104
-0.103
-0.102
-0.101
-0.1
-0.099
-0.099
-0.097
-0.097
