-0.055
-0.054
-0.054
-0.054
-0.053
-0.055
-0.054
-0.055
-0.056
-0.056
-0.054
-0.053
-0.051
-0.051
-0.05
-0.051
-0.05
-0.049
-0.043
-0.036
-0.027
-0.017
-0.003
0.004
0.012
0.016
0.016
0.013
0.009
0.002
-0.008
-0.018
-0.028
-0.036
-0.043
-0.045
-0.045
-0.045
-0.044
-0.043
-0.042
-0.047
-0.05
-0.041
-0.019
0.015
0.112
0.215
0.304
0.369
0.411
0.377
0.269
0.153
0.05
-0.035
-0.098
-0.092
-0.077
-0.064
-0.057
-0.055
-0.054
-0.054
-0.051
-0.05
-0.049
-0.048
-0.045
-0.041
-0.026
-0.011
0.004
0.019
0.036
0.045
0.059
0.074
0.088
0.097
0.103
0.103
0.1
0.094
0.089
0.087
0.084
0.079
0.067
0.051
0.032
0.014
-0.002
-0.011
-0.022
-0.033
-0.043
-0.051
-0.056
-0.056
-0.056
-0.056
-0.057
-0.057
-0.055
-0.053
-0.05
-0.048
-0.049
-0.05
-0.048
-0.047
-0.046
-0.044
-0.043
-0.043
-0.041
-0.039
-0.04
-0.04
-0.039
-0.04
-0.041
-0.038
-0.038
-0.038
-0.039
-0.039
-0.038
-0.036
-0.024
-0.01
0.005
0.019
0.032
0.034
0.028
0.023
0.016
0.008
0.002
-0.001
-0.013
-0.02
-0.028
-0.036
-0.039
-0.037
-0.038
-0.036
-0.035
-0.035
-0.035
-0.034
-0.014
-0.004
0.016
0.05
0.094
0.129
0.19
0.253
0.29
0.302
0.292
0.253
0.161
0.082
0.017
-0.033
-0.067
-0.061
-0.056
-0.052
-0.053
-0.054
-0.054
-0.051
-0.049
-0.047
-0.045
-0.042
-0.035
-0.026
-0.007
0.015
0.036
0.055
0.073
0.08
0.085
0.089
0.093
0.095
0.096
0.094
0.087
0.077
0.069
0.06
0.049
0.038
0.02
0
-0.017
-0.033
-0.048
-0.055
-0.06
-0.065
-0.067
-0.066
-0.064
-0.063
-0.063
-0.063
-0.063
-0.062
-0.06
-0.06
-0.06
-0.062
-0.062
-0.062
-0.06
-0.059
-0.059
-0.06
-0.059
-0.058
-0.056
-0.055
-0.054
-0.054
-0.053
-0.052
-0.051
-0.05
-0.051
-0.053
-0.051
-0.047
-0.041
-0.033
-0.02
-0.009
-0.014
-0.021
-0.028
-0.04
