-0.062
-0.061
-0.052
-0.039
-0.028
-0.016
-0.002
0.007
0.025
0.043
0.058
0.071
0.085
0.088
0.091
0.093
0.092
0.089
0.087
0.084
0.076
0.065
0.05
0.032
0.015
0.003
-0.012
-0.026
-0.041
-0.054
-0.064
-0.065
-0.064
-0.062
-0.063
-0.064
-0.064
-0.062
-0.059
-0.056
-0.055
-0.056
-0.056
-0.057
-0.055
-0.052
-0.051
-0.05
-0.05
-0.052
-0.05
-0.048
-0.047
-0.046
-0.046
-0.048
-0.049
-0.049
-0.042
-0.033
-0.025
-0.017
-0.006
0.001
0.006
0.014
0.017
0.016
0.014
0.013
-0
-0.01
-0.02
-0.031
-0.04
-0.038
-0.04
-0.039
-0.039
-0.039
-0.039
-0.036
-0.042
-0.042
-0.046
-0.05
-0.041
-0.012
0.088
0.185
0.287
0.374
0.41
0.381
0.287
0.186
0.085
0.021
-0.056
-0.054
-0.055
-0.053
-0.038
-0.023
-0.004
0.011
0.03
0.038
0.053
0.063
0.076
0.085
0.092
0.094
0.093
0.094
0.093
0.09
0.086
0.085
0.065
0.045
0.026
0.007
-0.015
-0.023
-0.032
-0.042
-0.051
-0.056
-0.058
-0.056
-0.055
-0.056
-0.058
-0.058
-0.057
-0.056
-0.055
-0.055
-0.055
-0.055
-0.053
-0.052
-0.05
-0.051
-0.052
-0.052
-0.048
-0.048
-0.047
-0.047
-0.048
-0.049
-0.047
-0.046
-0.045
-0.046
-0.048
-0.048
-0.046
-0.044
-0.032
-0.021
-0.009
0.003
0.016
0.02
0.019
0.013
0.005
-0.004
-0.013
-0.02
-0.028
-0.036
-0.044
-0.048
-0.048
-0.048
-0.047
-0.047
-0.048
-0.049
-0.047
-0.046
-0.036
-0.017
0.014
0.057
0.113
0.171
0.238
0.277
0.291
0.281
0.249
0.182
0.1
0.033
-0.02
-0.059
-0.081
-0.074
-0.069
-0.067
-0.067
-0.067
-0.065
-0.064
-0.062
-0.061
-0.058
-0.052
-0.043
-0.032
-0.014
0.002
0.018
0.034
0.053
0.062
0.072
0.079
0.083
0.085
0.088
0.088
0.085
0.08
0.072
0.064
0.055
0.045
0.024
0.005
-0.015
-0.033
-0.049
-0.053
-0.059
-0.065
-0.071
-0.073
-0.073
-0.07
-0.069
-0.068
-0.068
-0.068
