-0.132
-0.128
-0.127
-0.126
-0.125
-0.123
-0.121
-0.12
-0.118
-0.117
-0.116
-0.114
-0.113
-0.113
-0.112
-0.108
-0.101
-0.089
-0.074
-0.057
-0.039
-0.02
-0.002
0.015
0.035
0.053
0.073
0.094
0.111
0.125
0.139
0.152
0.162
0.171
0.176
0.18
0.182
0.183
0.184
0.182
0.179
0.174
0.168
0.161
0.154
0.147
0.136
0.123
0.108
0.092
0.073
0.052
0.031
0.012
-0.006
-0.022
-0.039
-0.057
-0.074
-0.09
-0.105
-0.116
-0.124
-0.129
-0.13
-0.13
-0.129
-0.128
-0.126
-0.124
-0.123
-0.121
-0.119
-0.118
-0.117
-0.116
-0.108
-0.107
-0.106
-0.106
-0.105
-0.113
-0.113
-0.113
-0.112
-0.111
-0.109
-0.108
-0.111
-0.11
-0.109
-0.107
-0.103
-0.097
-0.096
-0.094
-0.093
-0.094
-0.094
-0.093
-0.093
-0.092
-0.09
-0.088
-0.087
-0.085
-0.084
-0.084
-0.083
-0.082
-0.082
-0.081
-0.08
-0.079
-0.078
-0.077
-0.076
-0.073
-0.065
-0.056
-0.044
-0.027
-0.009
0.006
0.02
0.032
0.043
0.053
0.059
0.062
0.063
0.06
0.056
0.047
0.035
0.022
0.007
-0.012
-0.029
-0.043
-0.054
-0.061
-0.067
-0.069
-0.069
-0.069
-0.07
-0.069
-0.067
-0.066
-0.066
-0.066
-0.065
-0.065
-0.065
-0.065
-0.063
-0.062
-0.061
-0.06
-0.065
-0.075
-0.07
-0.042
0.007
0.084
0.192
0.313
0.429
0.537
0.645
0.745
0.809
0.821
0.784
0.699
0.571
0.428
0.292
0.162
0.036
-0.074
-0.152
-0.196
-0.203
-0.182
-0.155
-0.135
-0.122
-0.118
-0.116
-0.115
-0.113
-0.112
-0.112
-0.111
-0.11
-0.109
-0.108
-0.107
-0.106
-0.105
-0.105
-0.102
-0.095
-0.084
-0.07
-0.051
-0.031
-0.013
0.004
0.021
0.041
0.06
0.079
0.098
0.118
0.137
0.152
0.164
0.173
0.179
0.182
0.184
0.186
0.187
0.187
0.185
0.183
0.179
0.175
0.169
0.163
0.155
0.146
0.134
0.118
0.1
0.08
0.059
0.04
0.02
-0.004
-0.023
-0.04
-0.056
-0.073
-0.087
-0.103
-0.115
