-0.048
-0.048
-0.048
-0.049
-0.05
-0.05
-0.049
-0.049
-0.049
-0.048
-0.048
-0.046
-0.045
-0.043
-0.041
-0.036
-0.023
-0.008
0.005
0.015
0.022
0.022
0.015
0.008
-0.001
-0.013
-0.027
-0.035
-0.042
-0.045
-0.045
-0.046
-0.047
-0.046
-0.047
-0.045
-0.044
-0.044
-0.045
-0.047
-0.017
0.026
0.081
0.146
0.223
0.281
0.298
0.293
0.263
0.207
0.123
0.054
0.001
-0.036
-0.059
-0.069
-0.067
-0.065
-0.066
-0.065
-0.064
-0.063
-0.063
-0.062
-0.058
-0.051
-0.042
-0.032
-0.022
-0.014
0.003
0.02
0.037
0.054
0.068
0.073
0.077
0.082
0.085
0.087
0.087
0.084
0.076
0.068
0.06
0.048
0.034
0.023
0.005
-0.012
-0.028
-0.043
-0.058
-0.064
-0.068
-0.069
-0.067
-0.065
-0.066
-0.067
-0.067
-0.067
-0.067
-0.064
-0.062
-0.062
-0.063
-0.062
-0.063
-0.063
-0.061
-0.06
-0.061
-0.061
-0.061
-0.061
-0.058
-0.057
-0.056
-0.056
-0.056
-0.054
-0.049
-0.043
-0.037
-0.028
-0.018
-0.007
0.003
0.01
0.014
0.013
0.001
-0.011
-0.023
-0.035
-0.048
-0.052
-0.054
-0.055
-0.054
-0.052
-0.052
-0.051
-0.051
-0.051
-0.05
-0.049
-0.053
-0.055
0.022
0.088
0.167
0.26
0.362
0.381
0.325
0.27
0.192
0.09
-0.026
-0.05
-0.075
-0.086
-0.082
-0.068
-0.056
-0.057
-0.057
-0.056
-0.057
-0.055
-0.054
-0.055
-0.044
-0.029
-0.015
0.001
0.021
0.031
0.047
0.061
0.074
0.083
0.088
0.088
0.091
0.094
0.097
0.099
0.098
0.094
0.079
0.066
0.053
0.04
0.024
0.016
-0.003
-0.02
-0.034
-0.047
-0.058
-0.06
-0.059
-0.058
-0.057
-0.054
-0.053
-0.055
-0.055
-0.055
-0.055
-0.055
-0.053
-0.052
-0.051
-0.05
-0.047
-0.046
-0.047
-0.049
-0.047
-0.047
-0.046
-0.044
-0.043
-0.044
-0.043
-0.042
-0.042
-0.043
-0.042
-0.041
-0.033
-0.023
-0.012
-0
0.012
0.019
0.024
0.027
0.027
0.023
0.015
0.008
-0.004
-0.014
-0.022
-0.031
