-0.044
-0.044
-0.044
-0.044
-0.043
-0.041
-0.04
-0.04
-0.04
-0.04
-0.039
-0.041
-0.042
-0.04
-0.038
-0.038
-0.031
-0.024
-0.013
-0.002
0.01
0.015
0.02
0.017
0.005
-0.007
-0.019
-0.03
-0.037
-0.038
-0.036
-0.036
-0.036
-0.036
-0.034
-0.034
-0.033
-0.037
-0.043
-0.04
-0.023
0.006
0.096
0.197
0.293
0.368
0.418
0.394
0.282
0.165
0.055
-0.037
-0.108
-0.095
-0.084
-0.071
-0.064
-0.059
-0.058
-0.056
-0.056
-0.055
-0.056
-0.056
-0.054
-0.049
-0.034
-0.02
-0.006
0.01
0.028
0.036
0.051
0.064
0.074
0.082
0.09
0.092
0.09
0.09
0.085
0.081
0.076
0.073
0.055
0.039
0.021
0.003
-0.013
-0.016
-0.03
-0.04
-0.05
-0.059
-0.064
-0.061
-0.063
-0.062
-0.063
-0.065
-0.066
-0.063
-0.064
-0.063
-0.064
-0.065
-0.065
-0.063
-0.063
-0.061
-0.06
-0.06
-0.058
-0.057
-0.058
-0.058
-0.06
-0.06
-0.06
-0.056
-0.056
-0.055
-0.054
-0.054
-0.054
-0.05
-0.038
-0.025
-0.012
0.002
0.014
0.016
0.011
0.003
-0.005
-0.015
-0.026
-0.033
-0.042
-0.049
-0.053
-0.054
-0.054
-0.053
-0.053
-0.054
-0.054
-0.053
-0.051
-0.049
-0.032
-0.004
0.036
0.089
0.152
0.209
0.257
0.279
0.278
0.253
0.202
0.135
0.064
0.008
-0.033
-0.058
-0.069
-0.064
-0.063
-0.064
-0.064
-0.063
-0.062
-0.061
-0.059
-0.056
-0.05
-0.042
-0.031
-0.022
-0.005
0.011
0.028
0.046
0.064
0.073
0.08
0.084
0.088
0.091
0.093
0.092
0.086
0.078
0.069
0.061
0.051
0.04
0.022
0.003
-0.015
-0.031
-0.045
-0.051
-0.058
-0.063
-0.065
-0.066
-0.063
-0.062
-0.061
-0.061
-0.06
-0.059
-0.056
-0.056
-0.056
-0.057
-0.057
-0.056
-0.054
-0.052
-0.05
-0.05
-0.05
-0.049
-0.048
-0.049
-0.046
-0.047
-0.047
-0.044
-0.042
-0.043
-0.042
-0.042
-0.041
-0.036
-0.022
-0.008
0.008
0.022
0.031
0.03
0.023
0.012
0
-0.011
-0.022
-0.028
-0.032
-0.036
-0.037
-0.037
-0.036
-0.036
-0.035
-0.036
-0.036
-0.035
-0.033
-0.036
0.001
0.049
0.109
0.182
0.27
0.326
0.329
0.307
0.261
0.191
0.098
0.033
-0.009
-0.039
-0.057
-0.06
-0.048
-0.047
-0.046
-0.046
-0.047
-0.047
-0.046
-0.046
-0.04
-0.033
-0.024
-0.014
-0
0.009
0.026
0.042
0.058
0.074
0.089
0.094
0.099
0.102
0.104
0.105
0.106
0.104
0.095
0.083
0.071
0.058
0.045
0.034
0.018
0
-0.017
-0.032
-0.044
-0.049
-0.051
-0.053
-0.055
-0.055
-0.053
-0.052
-0.051
-0.051
-0.052
-0.052
-0.05
-0.049
-0.048
-0.048
-0.05
-0.05
-0.048
-0.047
-0.045
-0.045
-0.046
-0.045
-0.043
-0.043
-0.041
-0.042
-0.044
-0.045
-0.044
-0.043
-0.04
-0.037
-0.034
-0.028
-0.019
-0.011
0.002
0.011
0.017
0.022
0.021
0.018
0.008
-0.003
-0.017
-0.024
-0.034
-0.037
-0.039
-0.041
-0.043
-0.044
-0.043
-0.043
-0.041
-0.041
-0.043
-0.046
-0.05
-0.048
0.011
0.082
0.167
0.267
0.369
0.402
0.36
0.291
0.194
0.077
-0.032
-0.072
-0.089
-0.094
-0.085
-0.073
-0.063
-0.063
-0.062
-0.061
-0.061
-0.06
-0.059
-0.059
-0.049
-0.039
-0.029
-0.015
0.001
0.009
0.027
0.043
0.056
0.07
0.082
0.084
0.087
0.088
0.086
0.084
0.083
0.079
0.064
0.051
0.035
0.019
0.003
0
-0.017
-0.031
-0.046
-0.06
-0.07
-0.068
-0.069
-0.069
-0.07
-0.071
-0.071
-0.069
-0.068
-0.066
-0.065
-0.065
-0.063
-0.061
-0.061
-0.06
-0.061
-0.062
-0.061
-0.059
-0.059
-0.058
-0.059
-0.06
-0.059
-0.056
-0.056
-0.055
-0.055
-0.055
-0.054
-0.053
-0.044
-0.037
-0.024
-0.015
-0.002
0.005
0.011
0.011
0.012
0.011
0.008
0.006
-0.007
-0.019
-0.031
-0.042
-0.049
-0.047
-0.047
-0.047
-0.048
-0.049
-0.049
-0.046
-0.051
-0.052
-0.057
-0.057
-0.044
-0.013
0.09
0.193
0.278
0.334
0.365
0.303
0.189
0.091
0.013
-0.046
