-0.084
-0.078
-0.07
-0.058
-0.03
-0.012
0.005
0.022
0.036
0.033
0.042
0.049
0.052
0.052
0.051
0.046
0.036
0.024
0.011
-0.003
-0.02
-0.037
-0.051
-0.062
-0.072
-0.078
-0.08
-0.081
-0.081
-0.081
-0.081
-0.081
-0.08
-0.078
-0.072
-0.07
-0.068
-0.067
-0.066
-0.071
-0.071
-0.07
-0.07
-0.074
-0.082
-0.081
-0.058
-0.013
0.057
0.156
0.273
0.392
0.505
0.612
0.715
0.789
0.814
0.788
0.714
0.596
0.457
0.316
0.183
0.054
-0.058
-0.144
-0.198
-0.214
-0.205
-0.179
-0.157
-0.143
-0.136
-0.127
-0.126
-0.124
-0.122
-0.12
-0.119
-0.118
-0.116
-0.116
-0.114
-0.113
-0.112
-0.11
-0.108
-0.102
-0.093
-0.079
-0.061
-0.041
-0.023
-0.005
0.012
0.029
0.049
0.068
0.088
0.107
0.126
0.143
0.156
0.164
0.171
0.176
0.179
0.182
0.185
0.186
0.186
0.185
0.182
0.179
0.174
0.168
0.16
0.15
0.137
0.122
0.105
0.084
0.063
0.043
0.024
0.004
-0.014
-0.03
-0.046
-0.063
-0.081
-0.1
-0.113
-0.123
-0.128
-0.13
-0.128
-0.127
-0.126
-0.125
-0.124
-0.124
-0.122
-0.12
-0.119
-0.117
-0.114
-0.114
-0.113
-0.111
-0.11
-0.11
-0.109
-0.109
-0.108
-0.107
-0.105
-0.103
-0.101
-0.1
-0.099
-0.098
-0.102
-0.102
-0.101
-0.1
-0.099
-0.094
-0.093
-0.092
-0.09
-0.089
-0.087
-0.086
-0.085
-0.085
-0.084
-0.083
-0.082
-0.081
-0.078
-0.077
-0.076
-0.075
-0.074
-0.074
-0.073
-0.073
-0.071
-0.067
-0.059
-0.046
-0.03
-0.014
0.002
0.019
0.034
0.046
0.056
0.061
0.064
0.064
0.062
0.058
0.051
0.041
0.028
0.013
-0.003
-0.019
-0.034
-0.047
-0.057
-0.064
-0.067
-0.069
-0.07
-0.071
-0.071
-0.07
-0.068
-0.067
-0.069
-0.068
-0.067
-0.066
-0.064
-0.059
-0.059
-0.059
-0.059
-0.063
-0.072
-0.075
-0.055
-0.012
0.062
0.163
0.274
0.383
0.496
0.613
0.722
0.798
0.826
0.804
0.73
0.611
0.48
0.35
