-0.05
-0.045
-0.029
-0.015
0
0.018
0.037
0.047
0.061
0.07
0.076
0.083
0.088
0.089
0.087
0.083
0.079
0.074
0.068
0.062
0.046
0.028
0.009
-0.009
-0.025
-0.033
-0.044
-0.055
-0.065
-0.071
-0.073
-0.072
-0.07
-0.069
-0.069
-0.068
-0.065
-0.064
-0.063
-0.064
-0.065
-0.066
-0.065
-0.065
-0.064
-0.064
-0.064
-0.064
-0.062
-0.062
-0.06
-0.06
-0.061
-0.061
-0.059
-0.058
-0.057
-0.057
-0.058
-0.058
-0.056
-0.054
-0.041
-0.029
-0.017
-0.004
0.011
0.013
0.013
0.009
0.001
-0.007
-0.015
-0.023
-0.032
-0.04
-0.048
-0.053
-0.054
-0.052
-0.049
-0.048
-0.049
-0.049
-0.048
-0.048
-0.039
-0.02
0.01
0.052
0.107
0.165
0.235
0.277
0.295
0.289
0.26
0.191
0.108
0.038
-0.017
-0.056
-0.079
-0.071
-0.065
-0.063
-0.064
-0.064
-0.062
-0.061
-0.059
-0.056
-0.053
-0.048
-0.038
-0.028
-0.01
0.007
0.023
0.039
0.056
0.064
0.074
0.081
0.085
0.089
0.093
0.092
0.091
0.086
0.077
0.068
0.06
0.05
0.03
0.013
-0.01
-0.033
-0.054
-0.058
-0.063
-0.062
-0.059
-0.058
-0.058
-0.058
-0.056
-0.056
-0.054
-0.053
-0.054
-0.055
-0.053
-0.052
-0.05
-0.049
-0.05
-0.051
-0.049
-0.049
-0.047
-0.046
-0.047
-0.048
-0.047
-0.047
-0.043
-0.042
-0.042
-0.041
-0.036
-0.03
-0.015
-0.002
0.01
0.019
0.029
0.029
0.025
0.017
0.006
-0.008
-0.019
-0.026
-0.031
-0.035
-0.038
-0.039
-0.038
-0.038
-0.035
-0.035
-0.036
-0.038
-0.038
-0.038
-0.006
0.037
0.089
0.153
0.231
0.286
0.309
0.305
0.275
0.219
0.141
0.074
0.022
-0.016
-0.042
-0.054
-0.051
-0.048
-0.046
-0.046
-0.047
-0.048
-0.047
-0.047
-0.041
-0.034
-0.027
-0.019
-0.007
0.003
0.02
0.037
0.051
0.065
0.08
0.086
0.093
0.099
0.101
0.101
0.101
0.098
0.087
0.076
0.063
0.046
0.028
0.017
-0.001
-0.015
-0.03
-0.042
-0.051
-0.05
