0.119
0.136
0.151
0.163
0.173
0.179
0.182
0.185
0.188
0.19
0.189
0.188
0.185
0.181
0.174
0.167
0.161
0.153
0.143
0.129
0.113
0.096
0.077
0.056
0.035
0.016
-0.002
-0.019
-0.037
-0.055
-0.073
-0.091
-0.107
-0.118
-0.126
-0.132
-0.132
-0.13
-0.129
-0.127
-0.125
-0.123
-0.122
-0.12
-0.119
-0.118
-0.127
-0.125
-0.124
-0.123
-0.122
-0.111
-0.112
-0.111
-0.11
-0.11
-0.109
-0.108
-0.108
-0.107
-0.107
-0.106
-0.106
-0.103
-0.101
-0.099
-0.097
-0.095
-0.094
-0.094
-0.094
-0.093
-0.091
-0.091
-0.09
-0.089
-0.097
-0.097
-0.096
-0.094
-0.094
-0.084
-0.083
-0.082
-0.081
-0.08
-0.08
-0.079
-0.079
-0.078
-0.072
-0.062
-0.049
-0.034
-0.015
0.002
0.016
0.029
0.04
0.048
0.051
0.053
0.052
0.049
0.043
0.034
0.023
0.01
-0.006
-0.023
-0.039
-0.053
-0.064
-0.071
-0.075
-0.077
-0.078
-0.077
-0.078
-0.078
-0.077
-0.076
-0.076
-0.076
-0.076
-0.075
-0.075
-0.074
-0.072
-0.071
-0.071
-0.071
-0.077
-0.084
-0.073
-0.039
0.017
0.101
0.21
0.329
0.447
0.557
0.662
0.753
0.75
0.751
0.703
0.61
0.481
0.397
0.256
0.125
-0.001
-0.103
-0.174
-0.21
-0.21
-0.186
-0.16
-0.142
-0.132
-0.129
-0.128
-0.127
-0.127
-0.126
-0.124
-0.122
-0.121
-0.12
-0.12
-0.119
-0.119
-0.117
-0.116
-0.111
-0.104
-0.092
-0.076
-0.055
-0.034
-0.016
0.001
0.016
0.033
0.052
0.07
0.089
0.108
0.126
0.141
0.152
0.16
0.166
0.17
0.173
0.176
0.177
0.177
0.176
0.173
0.169
0.164
0.158
0.151
0.143
0.133
0.123
0.108
0.09
0.067
0.046
0.025
0.005
-0.015
-0.032
-0.049
-0.066
-0.082
-0.1
-0.117
-0.129
-0.137
-0.141
-0.142
-0.14
-0.137
-0.135
-0.133
-0.132
-0.13
-0.129
-0.128
-0.126
-0.118
-0.118
-0.117
-0.116
-0.115
-0.12
-0.118
-0.116
-0.114
-0.113
-0.112
-0.111
-0.11
-0.11
-0.108
-0.108
