-0.056
-0.057
-0.057
-0.053
-0.044
-0.037
-0.022
-0.007
0.004
0.009
0.015
0.013
0.006
-0.001
-0.011
-0.025
-0.038
-0.044
-0.048
-0.048
-0.047
-0.049
-0.05
-0.05
-0.049
-0.047
-0.046
-0.047
-0.049
-0.052
-0.012
0.042
0.105
0.178
0.268
0.324
0.323
0.299
0.247
0.168
0.064
-0.002
-0.041
-0.065
-0.078
-0.078
-0.066
-0.066
-0.065
-0.063
-0.06
-0.061
-0.062
-0.062
-0.055
-0.045
-0.035
-0.025
-0.013
-0.005
0.013
0.032
0.049
0.063
0.077
0.081
0.085
0.09
0.093
0.091
0.088
0.084
0.076
0.068
0.059
0.044
0.027
0.017
0
-0.014
-0.027
-0.042
-0.055
-0.059
-0.061
-0.059
-0.058
-0.059
-0.061
-0.061
-0.06
-0.057
-0.055
-0.055
-0.057
-0.056
-0.055
-0.053
-0.05
-0.046
-0.046
-0.048
-0.049
-0.048
-0.049
-0.048
-0.046
-0.047
-0.049
-0.048
-0.043
-0.037
-0.029
-0.023
-0.015
-0.01
-0.001
0.01
0.019
0.025
0.026
0.024
0.009
-0.003
-0.014
-0.026
-0.039
-0.039
-0.04
-0.039
-0.037
-0.036
-0.037
-0.036
-0.037
-0.036
-0.035
-0.038
-0.044
-0.038
0.045
0.121
0.211
0.311
0.406
0.409
0.331
0.258
0.16
0.045
-0.064
-0.072
-0.087
-0.087
-0.074
-0.061
-0.054
-0.054
-0.055
-0.054
-0.052
-0.05
-0.05
-0.048
-0.036
-0.022
-0.009
0.005
0.018
0.023
0.04
0.056
0.072
0.085
0.095
0.095
0.095
0.097
0.099
0.098
0.094
0.09
0.074
0.055
0.037
0.019
0.001
-0.008
-0.02
-0.031
-0.041
-0.051
-0.057
-0.056
-0.054
-0.052
-0.054
-0.055
-0.054
-0.053
-0.051
-0.05
-0.051
-0.052
-0.051
-0.05
-0.049
-0.048
-0.05
-0.052
-0.051
-0.05
-0.047
-0.044
-0.045
-0.045
-0.044
-0.044
-0.043
-0.042
-0.042
-0.044
-0.044
-0.043
-0.034
-0.025
-0.015
-0.005
0.007
0.013
0.017
0.018
0.015
0.009
0.002
-0.006
-0.015
-0.025
-0.034
-0.043
-0.047
-0.046
-0.045
-0.044
-0.045
-0.047
-0.047
-0.046
-0.049
-0.044
-0.03
-0.005
0.033
0.088
0.188
0.266
0.316
0.341
0.344
0.279
0.172
0.082
0.007
-0.053
-0.096
-0.083
-0.072
-0.064
-0.062
-0.062
-0.061
-0.059
-0.058
-0.058
-0.057
-0.056
-0.051
-0.043
-0.025
-0.007
0.009
0.023
0.045
0.058
0.069
0.079
0.089
0.089
0.084
0.082
0.078
0.07
0.062
0.058
0.036
0.02
0.002
-0.018
-0.035
-0.038
-0.046
-0.053
-0.06
-0.066
-0.069
-0.069
-0.067
-0.065
-0.064
-0.066
-0.065
-0.064
-0.063
-0.061
-0.061
-0.063
-0.063
-0.063
-0.062
-0.06
-0.06
-0.062
-0.062
-0.062
-0.06
-0.057
-0.056
-0.057
-0.057
-0.057
-0.055
-0.053
-0.052
-0.054
-0.054
-0.051
-0.039
-0.024
-0.01
0.001
0.012
0.014
0.013
0.01
0.004
-0.007
-0.019
-0.028
-0.035
-0.04
-0.044
-0.048
-0.049
-0.048
-0.046
-0.043
-0.042
-0.043
-0.044
-0.044
-0.029
-0.002
0.036
0.083
0.143
0.2
0.256
0.287
0.292
0.269
0.222
0.152
0.078
0.022
-0.02
-0.05
-0.066
-0.06
-0.057
-0.054
-0.052
-0.052
-0.052
-0.051
-0.05
-0.045
-0.039
-0.035
-0.028
-0.02
-0.003
0.016
0.035
0.05
0.066
0.075
0.085
0.094
0.099
0.101
0.101
0.098
0.093
0.089
0.059
0.029
-0.003
-0.034
-0.062
-0.06
-0.059
-0.056
-0.054
-0.054
-0.055
-0.054
-0.055
-0.055
-0.054
-0.051
-0.05
-0.048
-0.045
-0.042
-0.043
-0.046
-0.046
-0.046
-0.046
-0.043
-0.041
-0.041
-0.042
-0.042
-0.042
-0.04
-0.037
-0.035
-0.031
-0.025
-0.012
0.002
0.014
0.023
0.03
0.03
0.023
0.016
0.006
-0.006
-0.02
-0.026
-0.033
-0.035
-0.035
-0.037
-0.039
-0.038
-0.038
-0.037
-0.035
-0.035
-0.036
-0.038
-0.002
0.048
0.109
0.18
0.264
0.32
0.299
0.282
0.241
0.172
0.076
0.036
-0.011
-0.042
-0.059
-0.064
-0.058
-0.057
-0.057
-0.055
-0.052
-0.05
-0.05
-0.049
-0.045
-0.036
-0.008
0.021
0.047
0.068
0.087
0.087
0.09
0.095
0.098
0.099
