-0.083
-0.07
-0.053
-0.035
-0.016
0.002
0.018
0.035
0.054
0.074
0.093
0.111
0.129
0.145
0.158
0.167
0.175
0.179
0.181
0.184
0.177
0.177
0.175
0.173
0.17
0.174
0.167
0.162
0.154
0.145
0.134
0.121
0.104
0.082
0.058
0.036
0.015
-0.005
-0.021
-0.038
-0.055
-0.072
-0.088
-0.106
-0.119
-0.128
-0.132
-0.133
-0.131
-0.129
-0.128
-0.127
-0.127
-0.126
-0.126
-0.126
-0.126
-0.125
-0.122
-0.12
-0.117
-0.114
-0.113
-0.113
-0.113
-0.112
-0.112
-0.111
-0.11
-0.109
-0.108
-0.107
-0.105
-0.104
-0.103
-0.102
-0.102
-0.1
-0.099
-0.097
-0.096
-0.095
-0.094
-0.094
-0.092
-0.09
-0.09
-0.089
-0.088
-0.089
-0.089
-0.088
-0.088
-0.087
-0.085
-0.084
-0.083
-0.083
-0.082
-0.081
-0.079
-0.073
-0.064
-0.052
-0.036
-0.019
-0.002
0.013
0.025
0.036
0.045
0.05
0.052
0.053
0.046
0.04
0.031
0.021
0.007
-0.004
-0.02
-0.035
-0.049
-0.06
-0.069
-0.075
-0.079
-0.08
-0.081
-0.081
-0.081
-0.08
-0.077
-0.077
-0.077
-0.077
-0.077
-0.078
-0.078
-0.077
-0.076
-0.075
-0.075
-0.08
-0.09
-0.087
-0.062
-0.013
0.066
0.177
0.293
0.402
0.511
0.623
0.729
0.795
0.809
0.776
0.691
0.56
0.422
0.292
0.164
0.031
-0.087
-0.167
-0.209
-0.218
-0.198
-0.169
-0.148
-0.137
-0.132
-0.131
-0.13
-0.13
-0.13
-0.129
-0.127
-0.126
-0.125
-0.124
-0.122
-0.122
-0.122
-0.121
-0.118
-0.111
-0.1
-0.084
-0.065
-0.047
-0.028
-0.01
0.007
0.024
0.042
0.06
0.078
0.099
0.119
0.133
0.145
0.154
0.161
0.166
0.169
0.172
0.182
0.183
0.182
0.181
0.177
0.163
0.156
0.149
0.142
0.133
0.121
0.105
0.087
0.067
0.047
0.027
0.005
-0.015
-0.031
-0.047
-0.064
-0.081
-0.098
-0.114
-0.126
-0.135
-0.14
-0.142
-0.141
-0.14
-0.138
-0.137
-0.135
-0.134
-0.132
-0.131
-0.13
-0.129
-0.128
-0.127
-0.126
-0.124
