-0.119
-0.118
-0.117
-0.117
-0.115
-0.114
-0.113
-0.112
-0.11
-0.109
-0.108
-0.107
-0.104
-0.103
-0.102
-0.101
-0.099
-0.099
-0.098
-0.098
-0.097
-0.097
-0.096
-0.095
-0.093
-0.092
-0.09
-0.088
-0.087
-0.085
-0.084
-0.083
-0.082
-0.081
-0.079
-0.078
-0.077
-0.076
-0.073
-0.068
-0.059
-0.047
-0.03
-0.012
0.006
0.021
0.035
0.046
0.054
0.06
0.062
0.062
0.059
0.054
0.045
0.034
0.021
0.006
-0.011
-0.029
-0.043
-0.053
-0.062
-0.068
-0.07
-0.07
-0.071
-0.071
-0.07
-0.069
-0.069
-0.068
-0.067
-0.066
-0.066
-0.064
-0.062
-0.062
-0.062
-0.06
-0.06
-0.065
-0.074
-0.068
-0.039
0.01
0.086
0.19
0.309
0.426
0.536
0.643
0.741
0.805
0.82
0.785
0.703
0.579
0.439
0.298
0.165
0.038
-0.07
-0.15
-0.195
-0.203
-0.183
-0.156
-0.136
-0.124
-0.119
-0.118
-0.117
-0.115
-0.114
-0.113
-0.112
-0.11
-0.108
-0.108
-0.107
-0.105
-0.104
-0.103
-0.098
-0.091
-0.081
-0.067
-0.048
-0.029
-0.012
0.006
0.022
0.039
0.059
0.078
0.097
0.116
0.136
0.153
0.166
0.175
0.181
0.185
0.187
0.189
0.19
0.19
0.189
0.186
0.183
0.179
0.173
0.166
0.159
0.149
0.137
0.122
0.105
0.083
0.062
0.043
0.024
0.005
-0.013
-0.03
-0.046
-0.063
-0.081
-0.098
-0.117
-0.125
-0.13
-0.131
-0.13
-0.122
-0.121
-0.121
-0.112
-0.11
-0.108
-0.105
-0.104
-0.111
-0.11
-0.109
-0.109
-0.108
-0.106
-0.106
-0.106
-0.105
-0.104
-0.104
-0.103
-0.102
-0.1
-0.099
-0.097
-0.095
-0.093
-0.092
-0.092
-0.092
-0.092
-0.093
-0.092
-0.09
-0.088
-0.087
-0.086
-0.086
-0.086
-0.086
-0.085
-0.085
-0.084
-0.084
-0.082
-0.081
-0.081
-0.08
-0.08
-0.08
-0.079
-0.078
-0.076
-0.07
-0.06
-0.046
-0.03
-0.013
0.004
0.02
0.034
0.044
0.051
0.055
0.058
0.058
0.056
0.052
0.045
0.034
0.02
0.004
-0.013
-0.029
-0.044
-0.056
