-0.047
-0.044
-0.04
-0.036
-0.03
-0.022
-0.011
-0.001
-0.002
-0.005
-0.009
-0.02
-0.034
-0.037
-0.04
-0.04
-0.038
-0.036
-0.035
-0.036
-0.038
-0.04
-0.039
-0.037
-0.039
-0.043
0.004
0.063
0.136
0.223
0.324
0.375
0.354
0.307
0.237
0.144
0.029
-0.027
-0.059
-0.078
-0.081
-0.069
-0.054
-0.053
-0.053
-0.054
-0.053
-0.052
-0.05
-0.05
-0.044
-0.036
-0.025
-0.011
0.004
0.013
0.029
0.044
0.061
0.077
0.092
0.095
0.096
0.096
0.097
0.098
0.099
0.097
0.086
0.074
0.061
0.048
0.034
0.024
0.006
-0.012
-0.027
-0.04
-0.05
-0.051
-0.053
-0.054
-0.054
-0.053
-0.052
-0.051
-0.05
-0.051
-0.051
-0.049
-0.047
-0.045
-0.043
-0.044
-0.044
-0.042
-0.041
-0.043
-0.043
-0.044
-0.047
-0.047
-0.043
-0.039
-0.037
-0.037
-0.03
-0.027
-0.022
-0.013
-0.001
0.002
0.011
0.017
0.022
0.026
0.028
0.024
0.012
-0.001
-0.014
-0.024
-0.033
-0.034
-0.035
-0.037
-0.037
-0.036
-0.035
-0.036
-0.036
-0.037
-0.04
-0.044
-0.04
-0.027
0.042
0.125
0.222
0.324
0.406
0.414
0.347
0.251
0.135
0.024
-0.067
-0.089
-0.092
-0.083
-0.07
-0.059
-0.052
-0.052
-0.052
-0.053
-0.054
-0.053
-0.05
-0.048
-0.038
-0.027
-0.015
-0
0.017
0.026
0.041
0.055
0.068
0.08
0.09
0.091
0.091
0.088
0.085
0.083
0.083
0.08
0.068
0.052
0.035
0.019
0.003
-0.006
-0.02
-0.036
-0.05
-0.06
-0.067
-0.067
-0.067
-0.067
-0.068
-0.068
-0.065
-0.065
-0.064
-0.064
-0.064
-0.064
-0.061
-0.06
-0.059
-0.061
-0.061
-0.061
-0.06
-0.059
-0.058
-0.059
-0.059
-0.058
-0.056
-0.055
-0.053
-0.054
-0.055
-0.055
-0.041
-0.029
-0.016
-0.005
0.004
-0.004
-0.015
-0.028
-0.039
-0.047
-0.051
-0.051
-0.049
-0.049
-0.05
-0.051
-0.049
-0.05
-0.051
-0.057
-0.059
-0.048
-0.023
0.014
0.114
0.215
0.299
0.358
0.394
0.354
0.24
0.134
