-0.028
-0.019
-0.002
0.014
0.029
0.047
0.066
0.075
0.085
0.091
0.095
0.098
0.102
0.101
0.099
0.094
0.086
0.077
0.068
0.058
0.041
0.022
0.003
-0.014
-0.029
-0.038
-0.044
-0.049
-0.054
-0.056
-0.055
-0.054
-0.052
-0.052
-0.053
-0.053
-0.052
-0.052
-0.051
-0.05
-0.05
-0.05
-0.05
-0.049
-0.049
-0.051
-0.051
-0.049
-0.047
-0.047
-0.045
-0.046
-0.047
-0.047
-0.046
-0.047
-0.044
-0.044
-0.046
-0.044
-0.039
-0.034
-0.02
-0.007
0.003
0.013
0.023
0.023
0.015
0.007
-0.008
-0.024
-0.036
-0.039
-0.043
-0.041
-0.041
-0.043
-0.045
-0.045
-0.045
-0.045
0.007
0.048
0.099
0.164
0.242
0.276
0.272
0.267
0.235
0.18
0.102
0.063
0.01
-0.028
-0.053
-0.066
-0.065
-0.065
-0.067
-0.069
-0.07
-0.068
-0.065
-0.063
-0.055
-0.049
-0.043
-0.034
-0.022
-0.014
0.007
0.024
0.045
0.061
0.077
0.081
0.087
0.086
0.089
0.088
0.086
0.083
0.072
0.061
0.05
0.04
0.029
0.024
0.003
-0.016
-0.035
-0.052
-0.067
-0.068
-0.067
-0.066
-0.067
-0.069
-0.068
-0.069
-0.068
-0.065
-0.063
-0.063
-0.063
-0.064
-0.064
-0.062
-0.06
-0.059
-0.06
-0.061
-0.061
-0.06
-0.058
-0.057
-0.059
-0.06
-0.059
-0.058
-0.056
-0.055
-0.046
-0.041
-0.033
-0.023
-0.008
-0.006
0.001
0.006
0.011
0.012
0.012
0.008
-0.005
-0.02
-0.032
-0.041
-0.05
-0.051
-0.051
-0.053
-0.052
-0.05
-0.049
-0.048
-0.049
-0.05
-0.054
-0.057
-0.051
-0.033
0.041
0.131
0.233
0.33
0.403
0.402
0.324
0.22
0.104
0.001
-0.085
-0.102
-0.102
-0.091
-0.078
-0.068
-0.062
-0.061
-0.06
-0.061
-0.061
-0.058
-0.056
-0.056
-0.044
-0.032
-0.018
-0
0.018
0.028
0.043
0.055
0.068
0.08
0.091
0.093
0.093
0.091
0.089
0.088
0.087
0.083
0.068
0.052
0.036
0.022
0.006
-0.001
-0.015
-0.029
-0.041
-0.049
-0.056
-0.058
-0.056
-0.058
-0.058
-0.055
-0.052
-0.054
-0.053
-0.053
-0.054
-0.052
-0.049
-0.048
-0.048
-0.049
-0.05
-0.049
-0.046
-0.045
-0.044
-0.045
-0.045
-0.044
-0.042
-0.042
-0.041
-0.041
-0.042
-0.041
-0.039
-0.039
-0.033
-0.025
-0.015
-0.003
0.011
0.018
0.024
0.025
0.023
0.021
0.017
0.01
-0.002
-0.014
-0.024
-0.032
-0.036
-0.036
-0.035
-0.036
-0.037
-0.035
-0.033
-0.033
-0.036
-0.041
-0.038
-0.022
0.008
0.051
0.152
0.248
0.323
0.374
0.4
0.352
0.236
0.126
0.034
-0.039
-0.092
-0.079
-0.066
-0.057
-0.053
-0.051
-0.048
-0.049
-0.048
-0.049
-0.049
-0.047
-0.041
-0.035
-0.02
-0.006
0.009
0.026
0.045
0.055
0.07
0.08
0.089
0.097
0.105
0.106
0.104
0.1
0.094
0.089
0.083
0.077
0.061
0.044
0.025
0.009
-0.007
-0.016
-0.027
-0.039
-0.049
-0.055
-0.058
-0.058
-0.056
-0.057
-0.057
-0.057
-0.054
-0.053
-0.051
-0.052
-0.054
-0.055
-0.054
-0.054
-0.052
-0.052
-0.053
-0.052
-0.05
-0.049
-0.049
-0.05
-0.052
-0.053
-0.052
-0.052
-0.05
-0.05
-0.05
-0.05
-0.047
-0.046
-0.034
-0.024
-0.012
0
0.014
0.017
0.018
0.013
0.007
-0
-0.008
-0.017
-0.025
-0.034
-0.042
-0.048
-0.05
-0.05
-0.048
-0.048
-0.049
-0.049
-0.047
-0.047
-0.042
-0.027
-0.003
0.034
0.085
0.143
0.195
0.224
0.226
0.2
0.152
0.085
0.026
-0.023
-0.054
-0.069
-0.068
-0.065
-0.06
-0.058
-0.058
-0.058
-0.057
-0.055
-0.051
-0.049
-0.046
-0.041
-0.034
-0.028
-0.007
0.014
0.035
0.054
0.072
0.078
0.082
0.083
0.084
0.088
0.091
0.091
0.086
0.081
0.072
0.063
0.055
0.049
0.029
0.01
-0.01
-0.032
-0.052
-0.058
-0.064
-0.068
-0.069
-0.068
-0.065
-0.064
-0.063
-0.063
-0.063
-0.063
-0.061
-0.059
-0.059
-0.059
-0.059
-0.06
-0.059
-0.056
-0.055
-0.054
-0.054
-0.055
-0.053
-0.051
-0.051
-0.05
-0.051
-0.051
-0.05
-0.048
