-0.104
-0.103
-0.099
-0.092
-0.081
-0.066
-0.047
-0.028
-0.01
0.007
0.023
0.04
0.059
0.078
0.095
0.114
0.133
0.149
0.161
0.17
0.186
0.189
0.192
0.195
0.197
0.187
0.184
0.181
0.176
0.171
0.166
0.16
0.152
0.141
0.128
0.112
0.094
0.071
0.051
0.032
0.014
-0.005
-0.028
-0.046
-0.064
-0.081
-0.098
-0.108
-0.12
-0.128
-0.132
-0.133
-0.132
-0.131
-0.138
-0.137
-0.135
-0.133
-0.132
-0.122
-0.12
-0.119
-0.119
-0.118
-0.117
-0.116
-0.115
-0.113
-0.112
-0.111
-0.11
-0.109
-0.108
-0.108
-0.107
-0.106
-0.105
-0.103
-0.102
-0.101
-0.099
-0.097
-0.096
-0.096
-0.096
-0.096
-0.096
-0.096
-0.094
-0.093
-0.092
-0.09
-0.089
-0.088
-0.088
-0.086
-0.086
-0.087
-0.087
-0.087
-0.087
-0.087
-0.086
-0.084
-0.081
-0.075
-0.064
-0.05
-0.034
-0.017
0
0.015
0.028
0.04
0.049
0.054
0.056
0.055
0.052
0.045
0.035
0.023
0.009
-0.008
-0.025
-0.04
-0.054
-0.066
-0.073
-0.077
-0.078
-0.079
-0.078
-0.079
-0.078
-0.078
-0.078
-0.079
-0.079
-0.079
-0.079
-0.078
-0.077
-0.076
-0.075
-0.074
-0.074
-0.08
-0.051
-0.042
-0.011
0.046
0.136
0.21
0.321
0.43
0.541
0.655
0.753
0.805
0.806
0.758
0.657
0.523
0.39
0.26
0.128
-0.007
-0.114
-0.183
-0.216
-0.216
-0.19
-0.163
-0.145
-0.135
-0.132
-0.13
-0.128
-0.127
-0.126
-0.124
-0.122
-0.122
-0.123
-0.122
-0.122
-0.122
-0.12
-0.118
-0.114
-0.106
-0.092
-0.077
-0.059
-0.041
-0.023
-0.006
0.011
0.027
0.045
0.064
0.084
0.105
0.123
0.137
0.148
0.157
0.164
0.167
0.17
0.172
0.173
0.173
0.171
0.168
0.164
0.158
0.151
0.145
0.137
0.127
0.114
0.1
0.083
0.063
0.043
0.022
0.001
-0.018
-0.045
-0.061
-0.08
-0.097
-0.114
-0.118
-0.129
-0.137
-0.141
-0.141
-0.139
-0.138
-0.13
-0.129
-0.127
-0.126
-0.125
-0.13
-0.129
-0.127
