0.046
0.039
0.028
0.015
-0.001
-0.018
-0.034
-0.049
-0.062
-0.071
-0.076
-0.078
-0.079
-0.079
-0.079
-0.079
-0.079
-0.078
-0.077
-0.076
-0.076
-0.076
-0.076
-0.076
-0.076
-0.075
-0.078
-0.077
-0.079
-0.086
-0.089
-0.065
-0.022
0.05
0.15
0.263
0.373
0.485
0.6
0.71
0.788
0.818
0.798
0.726
0.608
0.475
0.345
0.212
0.074
-0.051
-0.14
-0.194
-0.214
-0.201
-0.172
-0.15
-0.135
-0.128
-0.127
-0.126
-0.124
-0.122
-0.121
-0.118
-0.116
-0.115
-0.114
-0.113
-0.113
-0.113
-0.113
-0.111
-0.105
-0.095
-0.08
-0.063
-0.045
-0.027
-0.008
0.009
0.025
0.042
0.061
0.081
0.102
0.121
0.139
0.153
0.164
0.172
0.173
0.175
0.178
0.181
0.181
0.186
0.186
0.183
0.178
0.173
0.167
0.159
0.149
0.137
0.123
0.106
0.087
0.067
0.046
0.025
0.006
-0.011
-0.029
-0.046
-0.064
-0.081
-0.097
-0.109
-0.12
-0.127
-0.135
-0.135
-0.134
-0.133
-0.131
-0.125
-0.124
-0.122
-0.121
-0.119
-0.117
-0.115
-0.113
-0.112
-0.111
-0.11
-0.109
-0.108
-0.107
-0.106
-0.106
-0.105
-0.104
-0.103
-0.102
-0.1
-0.098
-0.097
-0.096
-0.094
-0.093
-0.092
-0.09
-0.088
-0.086
-0.086
-0.085
-0.085
-0.083
-0.083
-0.082
-0.081
-0.08
-0.079
-0.078
-0.077
-0.076
-0.075
-0.074
-0.074
-0.073
-0.073
-0.072
-0.071
-0.065
-0.057
-0.044
-0.03
-0.012
0.006
0.022
0.035
0.046
0.056
0.058
0.06
0.06
0.06
0.056
0.052
0.042
0.03
0.015
-0.002
-0.018
-0.034
-0.047
-0.057
-0.063
-0.067
-0.067
-0.067
-0.067
-0.067
-0.067
-0.066
-0.066
-0.065
-0.065
-0.064
-0.062
-0.061
-0.061
-0.06
-0.062
-0.062
-0.065
-0.073
-0.075
-0.052
-0.01
0.057
0.153
0.27
0.39
0.504
0.612
0.716
0.794
0.825
0.805
0.737
0.624
0.486
0.344
0.209
0.08
-0.038
-0.128
-0.184
-0.204
-0.192
-0.165
-0.143
-0.127
-0.121
-0.12
-0.118
-0.116
-0.114
