0.651
0.533
0.403
0.269
0.129
0.055
-0.059
-0.14
-0.189
-0.204
-0.187
-0.161
-0.14
-0.127
-0.121
-0.118
-0.116
-0.114
-0.113
-0.112
-0.112
-0.112
-0.111
-0.11
-0.11
-0.109
-0.107
-0.106
-0.103
-0.096
-0.087
-0.074
-0.058
-0.039
-0.019
0
0.017
0.033
0.052
0.071
0.09
0.109
0.127
0.142
0.155
0.166
0.172
0.176
0.179
0.182
0.184
0.184
0.184
0.182
0.178
0.173
0.167
0.161
0.153
0.144
0.132
0.117
0.101
0.08
0.054
0.033
0.013
-0.006
-0.023
-0.036
-0.054
-0.071
-0.089
-0.105
-0.119
-0.128
-0.133
-0.134
-0.133
-0.131
-0.13
-0.129
-0.128
-0.128
-0.127
-0.127
-0.126
-0.126
-0.126
-0.125
-0.125
-0.124
-0.123
-0.122
-0.115
-0.114
-0.113
-0.111
-0.109
-0.113
-0.112
-0.111
-0.109
-0.108
-0.107
-0.106
-0.105
-0.105
-0.104
-0.103
-0.103
-0.102
-0.101
-0.1
-0.099
-0.098
-0.096
-0.095
-0.094
-0.093
-0.092
-0.09
-0.089
-0.088
-0.087
-0.087
-0.087
-0.088
-0.087
-0.086
-0.084
-0.078
-0.069
-0.058
-0.043
-0.027
-0.01
0.005
0.019
0.032
0.041
0.047
0.05
0.05
0.048
0.044
0.036
0.025
0.012
-0.004
-0.02
-0.037
-0.051
-0.063
-0.072
-0.079
-0.082
-0.083
-0.075
-0.076
-0.075
-0.074
-0.073
-0.08
-0.079
-0.077
-0.076
-0.075
-0.073
-0.072
-0.072
-0.072
-0.072
-0.077
-0.087
-0.086
-0.063
-0.017
0.057
0.164
0.283
0.395
0.503
0.613
0.72
0.792
0.812
0.783
0.666
0.539
0.399
0.267
0.138
0.048
-0.071
-0.156
-0.203
-0.216
-0.197
-0.169
-0.147
-0.135
-0.129
-0.127
-0.125
-0.124
-0.122
-0.122
-0.122
-0.121
-0.12
-0.119
-0.118
-0.116
-0.115
-0.113
-0.11
-0.104
-0.093
-0.079
-0.061
-0.043
-0.026
-0.009
0.008
0.026
0.045
0.064
0.082
0.103
0.123
0.139
0.151
0.161
0.168
0.172
0.176
0.178
0.179
0.179
0.179
0.176
0.171
0.166
0.16
0.154
0.146
0.138
0.126
0.111
