-0.085
-0.08
-0.08
-0.079
-0.077
-0.071
-0.06
-0.047
-0.031
-0.014
0.004
0.019
0.032
0.043
0.052
0.058
0.06
0.061
0.059
0.054
0.046
0.035
0.023
0.008
-0.008
-0.025
-0.04
-0.052
-0.061
-0.066
-0.069
-0.07
-0.07
-0.07
-0.07
-0.068
-0.067
-0.066
-0.066
-0.065
-0.064
-0.064
-0.063
-0.062
-0.054
-0.054
-0.054
-0.059
-0.067
-0.071
-0.042
0.009
0.124
0.227
0.34
0.459
0.575
0.643
0.741
0.804
0.818
0.782
0.699
0.578
0.442
0.301
0.164
0.036
-0.071
-0.148
-0.193
-0.203
-0.183
-0.156
-0.136
-0.123
-0.118
-0.116
-0.115
-0.114
-0.114
-0.113
-0.111
-0.11
-0.108
-0.106
-0.105
-0.104
-0.104
-0.104
-0.101
-0.095
-0.084
-0.07
-0.052
-0.034
-0.015
0.003
0.019
0.037
0.057
0.077
0.095
0.115
0.134
0.151
0.165
0.174
0.18
0.183
0.185
0.187
0.188
0.188
0.186
0.184
0.171
0.165
0.159
0.153
0.141
0.14
0.128
0.114
0.096
0.08
0.059
0.039
0.02
0.001
-0.016
-0.033
-0.049
-0.065
-0.081
-0.098
-0.111
-0.121
-0.126
-0.128
-0.128
-0.128
-0.127
-0.126
-0.125
-0.123
-0.123
-0.121
-0.12
-0.119
-0.118
-0.114
-0.113
-0.112
-0.103
-0.101
-0.099
-0.098
-0.097
-0.104
-0.105
-0.104
-0.103
-0.102
-0.102
-0.102
-0.101
-0.1
-0.098
-0.097
-0.095
-0.094
-0.093
-0.093
-0.092
-0.091
-0.089
-0.088
-0.087
-0.086
-0.079
-0.078
-0.076
-0.075
-0.067
-0.072
-0.072
-0.071
-0.07
-0.077
-0.076
-0.075
-0.074
-0.07
-0.06
-0.047
-0.031
-0.013
0.003
0.019
0.032
0.044
0.053
0.058
0.059
0.059
0.057
0.052
0.043
0.032
0.016
0
-0.017
-0.032
-0.045
-0.057
-0.067
-0.073
-0.076
-0.078
-0.078
-0.077
-0.076
-0.075
-0.073
-0.072
-0.072
-0.072
-0.072
-0.071
-0.07
-0.07
-0.069
-0.068
-0.069
-0.074
-0.083
-0.078
-0.052
-0.001
0.13
0.241
0.355
0.465
0.575
0.638
0.743
0.804
0.768
0.73
