0.309
0.355
0.377
0.324
0.208
0.102
0.015
-0.053
-0.105
-0.092
-0.08
-0.073
-0.069
-0.067
-0.066
-0.065
-0.064
-0.064
-0.063
-0.061
-0.055
-0.05
-0.035
-0.02
-0.003
0.015
0.034
0.044
0.057
0.067
0.075
0.083
0.09
0.091
0.09
0.086
0.079
0.069
0.059
0.05
0.031
0.014
-0.002
-0.019
-0.036
-0.045
-0.054
-0.061
-0.063
-0.064
-0.065
-0.065
-0.063
-0.064
-0.064
-0.063
-0.061
-0.06
-0.059
-0.059
-0.06
-0.059
-0.058
-0.057
-0.056
-0.055
-0.054
-0.053
-0.051
-0.05
-0.048
-0.049
-0.049
-0.048
-0.046
-0.047
-0.046
-0.047
-0.047
-0.047
-0.045
-0.043
-0.032
-0.021
-0.01
0.003
0.017
0.021
0.019
0.015
0.009
0.002
-0.006
-0.012
-0.02
-0.029
-0.036
-0.04
-0.041
-0.04
-0.039
-0.039
-0.039
-0.037
-0.036
-0.036
-0.029
-0.012
0.052
0.127
0.167
0.213
0.235
0.194
0.114
0.075
0.022
-0.017
-0.043
-0.041
-0.041
-0.043
-0.042
-0.039
-0.038
-0.037
-0.033
-0.032
-0.03
-0.025
-0.017
-0.01
0.012
0.034
0.055
0.074
0.093
0.099
0.103
0.108
0.111
0.112
0.111
0.109
0.101
0.094
0.088
0.084
0.076
0.069
0.049
0.031
0.013
-0.004
-0.019
-0.024
-0.032
-0.037
-0.042
-0.046
-0.047
-0.046
-0.048
-0.049
-0.047
-0.047
-0.045
-0.043
-0.041
-0.042
-0.042
-0.044
-0.045
-0.045
-0.044
-0.043
-0.043
-0.043
-0.044
-0.045
-0.043
-0.041
-0.041
-0.04
-0.041
-0.04
-0.035
-0.029
-0.022
-0.013
-0.002
0.007
0.017
0.024
0.028
0.026
0.015
0.003
-0.009
-0.021
-0.034
-0.038
-0.041
-0.043
-0.042
-0.041
-0.041
-0.04
-0.04
-0.04
-0.04
-0.04
-0.044
-0.049
0.001
0.063
0.139
0.229
0.331
0.379
0.352
0.301
0.227
0.128
0.011
-0.043
-0.072
-0.087
-0.085
-0.072
-0.058
-0.056
-0.055
-0.055
-0.056
-0.058
-0.046
-0.038
-0.026
-0.012
0.003
0.006
0.025
0.041
0.056
0.072
0.085
0.083
0.085
0.086
0.087
0.088
0.087
0.084
0.07
0.057
0.045
0.032
0.016
0.008
-0.011
-0.029
-0.044
-0.057
-0.067
-0.069
-0.07
-0.069
-0.068
-0.066
-0.064
-0.064
-0.065
-0.066
-0.065
-0.064
-0.063
-0.062
-0.062
-0.062
-0.062
-0.06
-0.059
-0.059
-0.059
-0.059
-0.059
-0.057
-0.056
-0.055
-0.056
-0.056
-0.056
-0.055
-0.054
-0.052
-0.049
-0.044
-0.037
-0.029
-0.018
-0.01
-0.002
0.004
0.01
0.014
0.015
0.011
-0.002
-0.016
-0.028
-0.039
-0.047
-0.048
-0.049
-0.05
-0.05
-0.048
-0.047
-0.046
-0.047
-0.047
-0.05
-0.053
-0.048
-0.033
0.04
0.128
0.23
0.328
0.405
0.409
0.334
0.235
0.119
0.013
-0.077
-0.097
-0.098
-0.087
-0.074
-0.063
-0.056
-0.055
-0.056
-0.057
-0.057
-0.057
-0.046
-0.032
-0.016
0.001
0.017
0.026
0.042
0.055
0.07
0.083
0.094
0.096
0.095
0.093
0.091
0.09
0.088
0.085
0.071
0.056
0.04
0.025
0.009
0.001
-0.016
-0.031
-0.043
-0.052
-0.059
-0.058
-0.058
-0.058
-0.058
-0.057
-0.054
-0.053
-0.051
-0.049
-0.048
-0.049
-0.048
-0.048
-0.048
-0.046
-0.044
-0.044
-0.044
-0.045
-0.045
-0.044
-0.042
-0.042
-0.041
-0.04
-0.039
-0.038
-0.036
-0.036
-0.029
-0.022
-0.013
-0.001
0.012
0.019
0.024
0.027
0.027
0.025
0.021
0.013
0.001
-0.011
-0.022
-0.032
-0.037
-0.036
-0.038
-0.039
-0.037
-0.036
-0.037
-0.036
-0.037
-0.043
-0.04
-0.025
0.002
0.042
0.142
0.241
0.32
0.375
0.405
0.36
0.245
0.133
0.039
-0.035
-0.092
-0.082
-0.068
-0.059
-0.053
-0.05
-0.047
-0.048
-0.047
-0.047
-0.048
-0.046
-0.042
-0.037
-0.019
-0.004
0.012
0.029
0.047
0.051
0.067
0.078
0.087
0.095
0.103
0.102
0.099
0.095
0.091
0.088
0.083
0.077
0.059
0.041
0.023
0.006
-0.011
-0.017
-0.029
-0.038
-0.047
-0.054
-0.058
-0.058
-0.059
-0.06
-0.059
-0.057
-0.056
-0.057
-0.056
-0.056
-0.056
-0.056
