-0.059
-0.058
-0.057
-0.055
-0.055
-0.052
-0.051
-0.05
-0.051
-0.051
-0.053
-0.054
-0.056
-0.055
-0.053
-0.05
-0.05
-0.047
-0.043
-0.039
-0.035
-0.027
-0.016
-0.006
0.005
0.014
0.019
0.019
0.007
-0.003
-0.014
-0.024
-0.034
-0.036
-0.042
-0.046
-0.047
-0.048
-0.048
-0.047
-0.048
-0.048
-0.048
-0.047
-0.049
-0.054
-0.007
0.052
0.124
0.211
0.311
0.363
0.341
0.295
0.226
0.134
0.02
-0.035
-0.067
-0.087
-0.093
-0.083
-0.068
-0.066
-0.065
-0.065
-0.058
-0.05
-0.039
-0.025
-0.009
0
0.016
0.03
0.046
0.061
0.075
0.079
0.08
0.08
0.081
0.083
0.082
0.08
0.07
0.057
0.045
0.032
0.018
0.007
-0.011
-0.029
-0.045
-0.058
-0.068
-0.07
-0.072
-0.074
-0.074
-0.073
-0.07
-0.068
-0.067
-0.068
-0.068
-0.068
-0.067
-0.065
-0.065
-0.065
-0.065
-0.063
-0.061
-0.06
-0.059
-0.061
-0.062
-0.061
-0.06
-0.061
-0.061
-0.061
-0.06
-0.058
-0.055
-0.05
-0.042
-0.034
-0.025
-0.016
-0.006
-0
0.004
0.008
0.01
0.006
-0.006
-0.02
-0.033
-0.045
-0.053
-0.054
-0.051
-0.051
-0.05
-0.048
-0.045
-0.046
-0.048
-0.05
-0.054
-0.058
-0.056
-0.041
0.03
0.114
0.214
0.317
0.401
0.41
0.342
0.247
0.131
0.02
-0.072
-0.095
-0.098
-0.089
-0.076
-0.066
-0.058
-0.058
-0.057
-0.058
-0.059
-0.059
-0.056
-0.055
-0.042
-0.029
-0.015
0.001
0.02
0.028
0.044
0.058
0.07
0.083
0.094
0.096
0.098
0.096
0.094
0.092
0.092
0.088
0.076
0.06
0.044
0.027
0.011
0.002
-0.012
-0.026
-0.039
-0.049
-0.057
-0.057
-0.055
-0.056
-0.055
-0.055
-0.053
-0.053
-0.051
-0.053
-0.053
-0.052
-0.05
-0.048
-0.046
-0.047
-0.047
-0.048
-0.047
-0.047
-0.044
-0.044
-0.044
-0.043
-0.041
-0.04
-0.038
-0.038
-0.039
-0.039
-0.038
-0.039
-0.031
-0.025
-0.016
-0.005
0.01
0.017
0.025
0.029
0.029
0.026
0.023
0.016
