-0.049
-0.032
-0.015
0.003
0.019
0.031
0.042
0.05
0.054
0.054
0.052
0.048
0.042
0.032
0.021
0.008
-0.008
-0.026
-0.043
-0.057
-0.067
-0.074
-0.078
-0.08
-0.08
-0.081
-0.08
-0.079
-0.078
-0.077
-0.076
-0.075
-0.074
-0.073
-0.081
-0.08
-0.08
-0.079
-0.079
-0.072
-0.08
-0.085
-0.072
-0.034
0.027
0.115
0.225
0.343
0.463
0.574
0.679
0.767
0.811
0.805
0.749
0.649
0.519
0.379
0.238
0.106
-0.016
-0.111
-0.176
-0.207
-0.203
-0.178
-0.155
-0.138
-0.128
-0.126
-0.124
-0.123
-0.122
-0.12
-0.12
-0.119
-0.117
-0.116
-0.115
-0.114
-0.113
-0.113
-0.111
-0.106
-0.098
-0.085
-0.069
-0.05
-0.031
-0.012
0.005
0.022
0.04
0.061
0.081
0.099
0.117
0.134
0.15
0.16
0.168
0.173
0.177
0.179
0.182
0.183
0.183
0.181
0.178
0.173
0.168
0.163
0.156
0.147
0.137
0.123
0.108
0.089
0.068
0.047
0.028
0.009
-0.01
-0.027
-0.042
-0.058
-0.075
-0.093
-0.109
-0.121
-0.129
-0.132
-0.133
-0.132
-0.132
-0.13
-0.129
-0.127
-0.125
-0.124
-0.122
-0.121
-0.119
-0.118
-0.118
-0.116
-0.11
-0.108
-0.106
-0.103
-0.101
-0.105
-0.104
-0.102
-0.1
-0.099
-0.098
-0.097
-0.096
-0.096
-0.096
-0.095
-0.094
-0.095
-0.094
-0.093
-0.092
-0.091
-0.088
-0.086
-0.086
-0.085
-0.084
-0.083
-0.083
-0.082
-0.081
-0.08
-0.08
-0.079
-0.078
-0.077
-0.075
-0.074
-0.071
-0.067
-0.06
-0.048
-0.034
-0.019
-0.003
0.013
0.028
0.041
0.052
0.06
0.064
0.066
0.065
0.061
0.054
0.045
0.032
0.017
0.002
-0.015
-0.03
-0.044
-0.055
-0.062
-0.066
-0.067
-0.067
-0.067
-0.067
-0.066
-0.066
-0.066
-0.065
-0.064
-0.064
-0.062
-0.053
-0.053
-0.053
-0.052
-0.051
-0.062
-0.072
-0.079
-0.067
-0.031
0.033
0.131
0.247
0.358
0.467
0.579
0.693
0.784
0.825
0.817
0.758
0.647
0.512
0.38
0.251
0.117
-0.015
-0.115
