-0.003
0.035
0.085
0.143
0.219
0.273
0.302
0.307
0.284
0.216
0.122
0.045
-0.013
-0.054
-0.083
-0.074
-0.069
-0.067
-0.065
-0.063
-0.062
-0.061
-0.062
-0.061
-0.056
-0.05
-0.043
-0.034
-0.019
-0.003
0.015
0.033
0.051
0.06
0.069
0.076
0.084
0.09
0.092
0.092
0.088
0.084
0.079
0.073
0.063
0.055
0.034
0.015
-0.001
-0.017
-0.033
-0.04
-0.047
-0.054
-0.057
-0.058
-0.059
-0.061
-0.06
-0.061
-0.061
-0.059
-0.057
-0.059
-0.056
-0.056
-0.055
-0.053
-0.052
-0.054
-0.053
-0.052
-0.052
-0.05
-0.049
-0.051
-0.052
-0.052
-0.052
-0.05
-0.047
-0.047
-0.046
-0.046
-0.045
-0.043
-0.039
-0.035
-0.022
-0.009
0.005
0.017
0.028
0.029
0.023
0.016
0.007
-0.003
-0.014
-0.021
-0.027
-0.033
-0.038
-0.038
-0.037
-0.036
-0.034
-0.034
-0.009
0.029
0.078
0.139
0.21
0.266
0.295
0.299
0.28
0.238
0.171
0.104
0.044
-0.001
-0.031
-0.047
-0.049
-0.047
-0.048
-0.049
-0.049
-0.048
-0.047
-0.046
-0.043
-0.037
-0.029
-0.02
-0.008
0.001
0.016
0.031
0.049
0.066
0.083
0.09
0.096
0.099
0.102
0.104
0.104
0.102
0.095
0.085
0.075
0.066
0.054
0.043
0.026
0.009
-0.008
-0.024
-0.039
-0.047
-0.051
-0.055
-0.057
-0.057
-0.055
-0.055
-0.055
-0.054
-0.054
-0.054
-0.054
-0.052
-0.05
-0.05
-0.049
-0.05
-0.05
-0.05
-0.049
-0.048
-0.048
-0.049
-0.048
-0.047
-0.046
-0.046
-0.046
-0.046
-0.044
-0.039
-0.025
-0.01
0.004
0.015
0.023
0.021
0.011
-0.001
-0.014
-0.025
-0.036
-0.039
-0.042
-0.044
-0.045
-0.045
-0.044
-0.044
-0.044
-0.045
-0.046
-0.046
-0.048
-0.052
-0.005
0.054
0.125
0.21
0.309
0.361
0.341
0.296
0.228
0.137
0.024
-0.033
-0.064
-0.084
-0.09
-0.08
-0.066
-0.066
-0.065
-0.066
-0.065
-0.064
-0.062
-0.063
-0.051
-0.043
-0.033
-0.02
-0.005
-0.001
0.018
0.033
0.048
0.063
0.078
0.077
0.08
0.081
0.08
0.08
0.08
0.076
0.064
0.053
0.039
0.026
0.011
0.005
-0.015
-0.032
-0.049
-0.062
-0.072
-0.072
-0.072
-0.071
-0.07
-0.069
-0.067
-0.068
-0.067
-0.068
-0.068
-0.066
-0.064
-0.064
-0.062
-0.063
-0.065
-0.065
-0.064
-0.063
-0.062
-0.061
-0.061
-0.06
-0.058
-0.057
-0.056
-0.056
-0.057
-0.056
-0.055
-0.054
-0.046
-0.037
-0.028
-0.018
-0.006
0.002
0.007
0.011
0.013
0.015
0.013
0.01
-0.003
-0.017
-0.031
-0.042
-0.052
-0.05
-0.048
-0.048
-0.048
-0.046
-0.049
-0.053
-0.051
-0.039
-0.017
0.021
0.118
0.22
0.305
0.364
0.398
0.359
0.244
0.131
0.036
-0.043
-0.105
-0.096
-0.083
-0.072
-0.063
-0.059
-0.058
-0.057
-0.058
-0.058
-0.057
-0.056
-0.054
-0.048
-0.031
-0.016
0.001
0.018
0.034
0.039
0.053
0.066
0.077
0.087
0.093
0.094
0.092
0.09
0.089
0.086
0.079
0.073
0.057
0.04
0.024
0.007
-0.011
-0.021
-0.034
-0.045
-0.052
-0.057
-0.061
-0.059
-0.059
-0.059
-0.057
-0.056
-0.054
-0.052
-0.051
-0.052
-0.052
-0.051
-0.05
-0.048
-0.047
-0.047
-0.046
-0.046
-0.044
-0.042
-0.04
-0.04
-0.039
-0.039
-0.039
-0.038
-0.039
-0.04
-0.028
-0.016
-0.004
0.01
0.023
0.025
0.025
0.024
0.02
0.014
0.005
-0.004
-0.014
-0.023
-0.029
-0.033
-0.036
-0.037
-0.038
-0.037
-0.038
-0.025
-0.001
0.033
0.077
0.135
0.219
0.281
0.319
0.331
0.317
0.248
0.148
0.067
0.004
-0.042
-0.076
-0.065
-0.059
-0.056
-0.054
-0.053
-0.052
-0.051
-0.052
-0.052
-0.048
-0.043
-0.036
-0.027
-0.011
0.006
0.024
0.042
0.059
0.068
0.076
0.083
0.089
0.095
0.098
0.097
0.093
0.089
0.085
0.078
0.07
0.061
0.042
0.024
0.007
-0.01
-0.027
-0.037
-0.046
-0.053
-0.057
-0.059
-0.06
-0.06
-0.06
-0.061
-0.06
-0.058
-0.057
-0.057
-0.057
-0.058
-0.058
-0.058
-0.056
-0.056
