-0.063
-0.061
-0.059
-0.059
-0.059
-0.058
-0.057
-0.055
-0.053
-0.053
-0.053
-0.052
-0.051
-0.051
-0.047
-0.041
-0.033
-0.025
-0.015
-0.007
0
0.005
-0.002
-0.01
-0.02
-0.032
-0.043
-0.042
-0.044
-0.046
-0.048
-0.049
-0.048
-0.046
-0.044
-0.043
-0.046
-0.049
-0.041
-0.021
0.057
0.15
0.253
0.344
0.411
0.405
0.32
0.237
0.143
0.05
-0.04
-0.059
-0.081
-0.09
-0.087
-0.073
-0.06
-0.058
-0.058
-0.058
-0.058
-0.059
-0.057
-0.055
-0.043
-0.028
-0.011
0.005
0.022
0.033
0.047
0.061
0.075
0.087
0.096
0.098
0.097
0.096
0.095
0.093
0.089
0.085
0.069
0.052
0.037
0.02
0.003
-0.005
-0.02
-0.033
-0.042
-0.05
-0.057
-0.056
-0.056
-0.056
-0.056
-0.054
-0.051
-0.048
-0.048
-0.047
-0.048
-0.049
-0.048
-0.047
-0.045
-0.045
-0.045
-0.045
-0.043
-0.042
-0.04
-0.04
-0.034
-0.027
-0.016
-0.004
0.01
0.016
0.02
0.021
0.02
0.017
0.012
0.005
-0.009
-0.02
-0.029
-0.035
-0.04
-0.039
-0.041
-0.042
-0.041
-0.04
-0.039
-0.038
-0.029
-0.032
-0.025
-0.005
0.026
0.059
0.152
0.245
0.315
0.36
0.379
0.333
0.215
0.11
0.024
-0.043
-0.094
-0.08
-0.066
-0.058
-0.053
-0.051
-0.049
-0.05
-0.048
-0.049
-0.047
-0.044
-0.039
-0.035
-0.015
0.001
0.017
0.035
0.052
0.055
0.067
0.076
0.084
0.092
0.098
0.098
0.095
0.09
0.086
0.083
0.078
0.072
0.056
0.037
0.02
0.003
-0.013
-0.022
-0.034
-0.045
-0.054
-0.059
-0.062
-0.062
-0.062
-0.063
-0.064
-0.064
-0.063
-0.063
-0.061
-0.062
-0.062
-0.061
-0.058
-0.059
-0.058
-0.058
-0.058
-0.057
-0.056
-0.056
-0.057
-0.059
-0.059
-0.058
-0.056
-0.055
-0.054
-0.054
-0.054
-0.054
-0.053
-0.052
-0.042
-0.031
-0.021
-0.013
-0.005
-0.008
-0.015
-0.024
-0.033
-0.041
-0.048
-0.052
-0.052
-0.051
-0.052
-0.053
-0.054
-0.055
-0.053
-0.053
-0.046
-0.028
0.001
0.042
0.095
0.152
0.223
0.268
0.29
0.286
0.26
0.192
0.105
0.032
-0.022
-0.061
-0.085
-0.077
-0.071
-0.07
-0.07
-0.069
-0.066
-0.065
-0.063
-0.061
-0.058
-0.053
-0.045
-0.037
-0.02
-0.003
0.013
0.03
0.048
0.057
0.067
0.074
0.079
0.083
0.087
0.086
0.084
0.078
0.071
0.063
0.055
0.045
0.024
0.003
-0.018
-0.039
-0.058
-0.064
-0.067
-0.071
-0.071
-0.068
-0.067
-0.067
-0.064
-0.063
-0.063
-0.061
-0.058
-0.058
-0.056
-0.056
-0.056
-0.056
-0.055
-0.055
-0.053
-0.053
-0.054
-0.052
-0.05
-0.049
-0.048
-0.048
-0.05
-0.05
-0.048
-0.047
-0.044
-0.044
-0.044
-0.043
-0.039
-0.034
-0.02
-0.007
0.005
0.016
0.027
0.027
0.022
0.014
0.003
-0.01
-0.023
-0.032
-0.038
-0.041
-0.045
-0.046
-0.043
-0.041
-0.04
-0.039
0.014
0.053
0.104
0.168
0.245
0.277
0.275
0.271
0.242
0.19
0.116
0.076
0.024
-0.015
-0.043
-0.056
-0.054
-0.052
-0.052
-0.051
-0.052
-0.052
-0.045
-0.039
-0.026
-0.015
-0.003
0.003
0.025
0.036
0.052
0.069
0.086
0.089
0.095
0.099
0.1
0.101
0.102
0.101
0.091
0.082
0.07
0.058
0.046
0.042
0.021
0.004
-0.014
-0.032
-0.047
-0.049
-0.053
-0.054
-0.056
-0.055
-0.053
-0.052
-0.052
-0.052
-0.053
-0.054
-0.052
-0.05
-0.05
-0.049
-0.047
-0.048
-0.047
-0.046
-0.046
-0.047
-0.047
-0.048
-0.048
-0.048
-0.048
-0.049
-0.048
-0.047
-0.046
-0.045
-0.041
-0.036
-0.021
-0.007
0.008
0.019
0.024
0.017
0.004
-0.01
-0.023
-0.032
-0.04
-0.041
-0.042
-0.043
-0.042
-0.041
-0.04
-0.039
-0.039
-0.041
-0.045
-0.049
-0.044
-0.026
0.047
0.136
0.239
0.337
0.411
0.412
0.335
0.232
0.116
0.011
-0.078
-0.096
-0.096
-0.085
-0.073
-0.062
-0.057
-0.056
-0.056
-0.057
-0.057
-0.056
-0.054
-0.052
-0.042
-0.031
-0.018
-0.002
0.015
0.024
0.039
0.052
0.065
0.077
