-0.066
-0.066
-0.066
-0.064
-0.062
-0.062
-0.057
-0.053
-0.048
-0.04
-0.029
-0.021
-0.005
0.011
0.026
0.043
0.062
0.069
0.078
0.083
0.086
0.089
0.092
0.091
0.088
0.081
0.072
0.062
0.052
0.041
0.026
0.009
-0.008
-0.024
-0.037
-0.046
-0.052
-0.057
-0.062
-0.063
-0.061
-0.06
-0.059
-0.055
-0.054
-0.053
-0.053
-0.052
-0.053
-0.054
-0.055
-0.053
-0.051
-0.05
-0.048
-0.048
-0.048
-0.047
-0.046
-0.045
-0.044
-0.044
-0.046
-0.046
-0.044
-0.043
-0.041
-0.036
-0.031
-0.025
-0.017
-0.008
0.002
0.009
0.016
0.024
0.029
0.027
0.017
0.005
-0.01
-0.024
-0.037
-0.039
-0.04
-0.041
-0.041
-0.04
-0.038
-0.037
-0.037
-0.038
-0.039
-0.039
-0.038
-0.039
0.022
0.071
0.156
0.229
0.318
0.351
0.331
0.283
0.235
0.163
0.064
0.034
-0.008
-0.036
-0.051
-0.049
-0.049
-0.05
-0.049
-0.05
-0.05
-0.049
-0.041
-0.03
-0.017
-0.002
0.014
0.023
0.038
0.053
0.069
0.083
0.094
0.096
0.096
0.096
0.097
0.097
0.094
0.091
0.078
0.065
0.051
0.037
0.019
0.009
-0.008
-0.025
-0.038
-0.048
-0.057
-0.057
-0.056
-0.056
-0.057
-0.058
-0.059
-0.06
-0.059
-0.057
-0.056
-0.055
-0.056
-0.056
-0.055
-0.054
-0.053
-0.051
-0.052
-0.053
-0.051
-0.049
-0.048
-0.047
-0.047
-0.049
-0.049
-0.049
-0.049
-0.048
-0.044
-0.038
-0.029
-0.019
-0.006
0.001
0.008
0.012
0.015
0.016
0.014
0.008
-0.006
-0.02
-0.031
-0.041
-0.049
-0.049
-0.05
-0.051
-0.05
-0.048
-0.047
-0.046
-0.048
-0.051
-0.057
-0.054
-0.039
-0.014
0.071
0.171
0.272
0.352
0.328
0.233
0.122
0.005
-0.099
-0.104
-0.092
-0.079
-0.069
-0.062
-0.06
-0.061
-0.059
-0.059
-0.059
-0.057
-0.055
-0.054
-0.037
-0.024
-0.008
0.011
0.029
0.032
0.046
0.058
0.068
0.078
0.088
0.088
0.084
0.078
0.062
0.045
0.029
0.013
-0.002
-0.01
-0.025
-0.039
-0.05
-0.057
-0.063
-0.062
-0.063
-0.064
-0.064
-0.063
-0.062
-0.06
-0.06
-0.06
-0.06
-0.058
-0.056
-0.054
-0.054
-0.054
-0.054
-0.053
-0.051
-0.051
-0.051
-0.05
-0.05
-0.048
-0.046
-0.047
-0.047
-0.048
-0.048
-0.047
-0.046
-0.045
-0.037
-0.03
-0.019
-0.004
0.012
0.019
0.023
0.023
0.02
0.015
0.008
0
-0.011
-0.021
-0.03
-0.037
-0.04
-0.04
-0.041
-0.042
-0.042
-0.041
-0.039
-0.038
-0.042
-0.042
-0.03
-0.005
0.033
0.085
0.186
0.267
0.324
0.357
0.366
0.305
0.195
0.099
0.02
-0.04
-0.083
-0.07
-0.06
-0.055
-0.052
-0.052
-0.05
-0.049
-0.048
-0.049
-0.049
-0.045
-0.038
-0.032
-0.01
0.012
0.032
0.051
0.072
0.08
0.085
0.088
0.093
0.099
0.101
0.102
0.101
0.096
0.091
0.085
0.079
0.072
0.057
0.039
0.02
0.003
-0.019
-0.032
-0.041
-0.049
-0.055
-0.054
-0.053
-0.053
-0.052
-0.051
-0.05
-0.049
-0.047
-0.046
-0.046
-0.045
-0.042
-0.041
-0.041
-0.042
-0.044
-0.044
-0.043
-0.042
-0.041
-0.039
-0.039
-0.04
-0.041
-0.04
-0.04
-0.042
-0.041
-0.039
-0.037
-0.035
-0.022
-0.009
0.004
0.019
0.033
0.035
0.033
0.028
0.02
0.011
0.002
-0.006
-0.015
-0.023
-0.03
-0.034
-0.035
-0.034
-0.032
-0.032
-0.033
-0.034
-0.032
-0.032
-0.018
0.005
0.061
0.129
0.186
0.218
0.226
0.185
0.112
0.049
0
-0.033
-0.05
-0.049
-0.046
-0.046
-0.046
-0.046
-0.045
-0.043
-0.038
-0.035
-0.032
-0.025
-0.015
-0.009
0.012
0.028
0.044
0.061
0.078
0.082
0.091
0.096
0.098
0.101
0.104
0.102
0.095
0.089
0.079
0.07
0.062
0.056
0.035
0.016
-0.005
-0.027
-0.046
-0.052
-0.057
-0.061
-0.062
-0.061
-0.059
-0.058
-0.058
-0.059
-0.06
-0.06
-0.058
-0.056
-0.054
-0.053
-0.052
-0.052
-0.053
-0.052
-0.051
-0.05
-0.049
-0.047
-0.046
-0.046
-0.048
-0.049
-0.048
-0.049
-0.05
-0.049
