-0.206
-0.18
-0.155
-0.138
-0.129
-0.126
-0.125
-0.123
-0.122
-0.12
-0.119
-0.116
-0.114
-0.112
-0.11
-0.109
-0.109
-0.108
-0.1
-0.097
-0.089
-0.076
-0.06
-0.047
-0.029
-0.011
0.006
0.024
0.044
0.064
0.083
0.101
0.121
0.139
0.153
0.163
0.171
0.176
0.18
0.183
0.185
0.186
0.186
0.184
0.183
0.178
0.173
0.166
0.16
0.151
0.14
0.127
0.111
0.09
0.069
0.049
0.031
0.01
-0.009
-0.025
-0.04
-0.057
-0.075
-0.093
-0.108
-0.119
-0.125
-0.129
-0.129
-0.128
-0.127
-0.126
-0.124
-0.123
-0.121
-0.12
-0.119
-0.118
-0.116
-0.115
-0.115
-0.113
-0.112
-0.111
-0.109
-0.108
-0.107
-0.106
-0.104
-0.104
-0.103
-0.102
-0.1
-0.099
-0.098
-0.097
-0.096
-0.095
-0.094
-0.093
-0.091
-0.09
-0.089
-0.088
-0.086
-0.085
-0.084
-0.082
-0.081
-0.08
-0.079
-0.078
-0.077
-0.076
-0.076
-0.075
-0.073
-0.072
-0.071
-0.07
-0.069
-0.065
-0.057
-0.046
-0.031
-0.014
0.003
0.02
0.036
0.048
0.058
0.063
0.065
0.065
0.064
0.06
0.053
0.042
0.03
0.015
-0.001
-0.017
-0.032
-0.047
-0.057
-0.065
-0.067
-0.068
-0.069
-0.069
-0.075
-0.074
-0.074
-0.073
-0.072
-0.064
-0.064
-0.064
-0.066
-0.067
-0.066
-0.065
-0.064
-0.066
-0.074
-0.078
-0.062
-0.022
0.044
0.136
0.245
0.354
0.516
0.631
0.739
0.822
0.815
0.749
0.685
0.576
0.446
0.361
0.229
0.092
-0.032
-0.123
-0.18
-0.204
-0.196
-0.169
-0.147
-0.132
-0.125
-0.124
-0.123
-0.123
-0.123
-0.122
-0.12
-0.119
-0.118
-0.117
-0.114
-0.113
-0.111
-0.11
-0.107
-0.102
-0.093
-0.08
-0.064
-0.047
-0.029
-0.011
0.005
0.021
0.038
0.057
0.078
0.097
0.116
0.131
0.144
0.153
0.161
0.166
0.169
0.172
0.175
0.176
0.175
0.174
0.171
0.166
0.161
0.155
0.149
0.141
0.13
0.117
0.102
0.082
0.061
0.04
0.011
-0.009
-0.026
-0.042
-0.058
-0.067
