-0.039
-0.038
-0.035
-0.035
-0.034
-0.035
-0.039
-0.044
-0.04
-0.026
0.048
0.135
0.236
0.336
0.415
0.419
0.322
0.222
0.103
-0.006
-0.095
-0.088
-0.087
-0.076
-0.064
-0.054
-0.047
-0.047
-0.045
-0.045
-0.046
-0.045
-0.044
-0.042
-0.027
-0.014
-0.001
0.015
0.032
0.038
0.055
0.069
0.081
0.092
0.104
0.105
0.105
0.104
0.101
0.099
0.096
0.093
0.077
0.061
0.043
0.027
0.012
0.008
-0.006
-0.018
-0.032
-0.042
-0.05
-0.049
-0.049
-0.049
-0.05
-0.05
-0.049
-0.047
-0.046
-0.046
-0.047
-0.047
-0.046
-0.045
-0.044
-0.044
-0.044
-0.044
-0.043
-0.042
-0.041
-0.041
-0.042
-0.043
-0.042
-0.041
-0.04
-0.038
-0.037
-0.038
-0.038
-0.037
-0.029
-0.018
-0.004
0.01
0.023
0.028
0.027
0.023
0.018
0.01
-0.001
-0.01
-0.021
-0.03
-0.035
-0.038
-0.04
-0.039
-0.04
-0.041
-0.039
-0.038
-0.038
-0.037
-0.036
-0.022
0.004
0.043
0.091
0.15
0.226
0.279
0.308
0.313
0.291
0.224
0.129
0.053
-0.005
-0.047
-0.077
-0.067
-0.062
-0.061
-0.06
-0.058
-0.057
-0.057
-0.057
-0.056
-0.052
-0.047
-0.039
-0.03
-0.014
0.003
0.021
0.039
0.063
0.075
0.085
0.092
0.097
0.094
0.09
0.084
0.077
0.07
0.06
0.051
0.032
0.013
-0.004
-0.02
-0.036
-0.045
-0.054
-0.062
-0.066
-0.067
-0.066
-0.065
-0.066
-0.066
-0.066
-0.064
-0.062
-0.061
-0.061
-0.062
-0.061
-0.061
-0.059
-0.059
-0.059
-0.06
-0.06
-0.06
-0.059
-0.058
-0.059
-0.06
-0.06
-0.059
-0.057
-0.056
-0.056
-0.056
-0.056
-0.054
-0.05
-0.045
-0.031
-0.018
-0.005
0.008
0.019
0.017
0.011
0.003
-0.006
-0.016
-0.026
-0.033
-0.04
-0.046
-0.048
-0.049
-0.049
-0.048
-0.048
-0.048
-0.047
-0.045
-0.043
-0.043
-0.018
0.018
0.087
0.148
0.22
0.276
0.305
0.287
0.266
0.224
0.156
0.089
0.03
-0.016
-0.047
-0.063
-0.065
-0.063
-0.062
-0.063
