-0.032
-0.032
-0.037
-0.042
-0.045
-0.037
-0.019
0.015
0.108
0.212
0.304
0.372
0.414
0.382
0.274
0.158
0.057
-0.027
-0.096
-0.093
-0.081
-0.069
-0.061
-0.056
-0.056
-0.055
-0.055
-0.055
-0.054
-0.053
-0.052
-0.048
-0.033
-0.017
-0.001
0.017
0.033
0.039
0.052
0.066
0.078
0.086
0.093
0.094
0.092
0.09
0.088
0.085
0.079
0.072
0.052
0.036
0.019
0.003
-0.021
-0.031
-0.044
-0.055
-0.066
-0.066
-0.067
-0.066
-0.064
-0.062
-0.062
-0.062
-0.063
-0.063
-0.061
-0.061
-0.062
-0.061
-0.062
-0.062
-0.061
-0.06
-0.06
-0.059
-0.059
-0.059
-0.058
-0.057
-0.057
-0.057
-0.058
-0.057
-0.057
-0.056
-0.056
-0.055
-0.047
-0.037
-0.024
-0.01
0.003
0.008
0.009
0.007
0.004
-0.001
-0.009
-0.017
-0.029
-0.038
-0.045
-0.051
-0.056
-0.055
-0.055
-0.054
-0.051
-0.049
-0.048
-0.046
-0.051
-0.045
-0.027
0.002
0.042
0.099
0.193
0.264
0.312
0.334
0.33
0.263
0.157
0.069
0.001
-0.052
-0.091
-0.079
-0.071
-0.066
-0.065
-0.063
-0.063
-0.063
-0.064
-0.063
-0.06
-0.055
-0.049
-0.041
-0.026
-0.01
0.008
0.025
0.042
0.053
0.063
0.072
0.08
0.086
0.089
0.088
0.084
0.08
0.076
0.071
0.063
0.055
0.037
0.02
0.003
-0.014
-0.03
-0.039
-0.05
-0.058
-0.062
-0.064
-0.065
-0.064
-0.064
-0.064
-0.063
-0.061
-0.06
-0.058
-0.058
-0.057
-0.056
-0.055
-0.054
-0.053
-0.054
-0.054
-0.053
-0.051
-0.051
-0.051
-0.051
-0.051
-0.05
-0.049
-0.048
-0.048
-0.047
-0.047
-0.046
-0.043
-0.04
-0.036
-0.026
-0.013
0
0.014
0.025
0.027
0.022
0.016
0.009
0.001
-0.01
-0.017
-0.024
-0.031
-0.035
-0.036
-0.036
-0.038
-0.037
-0.037
-0.036
-0.034
-0.033
-0.035
0.007
0.036
0.077
0.13
0.193
0.223
0.247
0.268
0.267
0.243
0.192
0.149
0.082
0.026
-0.015
-0.04
-0.052
-0.053
-0.05
-0.049
-0.049
-0.049
