-0.018
-0.013
-0.003
0.005
0.015
0.025
0.03
0.03
0.03
0.024
0.013
0.003
-0.01
-0.024
-0.034
-0.035
-0.034
-0.032
-0.032
-0.034
-0.035
-0.035
-0.033
-0.031
-0.033
-0.039
-0.036
-0.022
0.053
0.141
0.241
0.337
0.416
0.42
0.35
0.255
0.139
0.026
-0.067
-0.088
-0.088
-0.074
-0.06
-0.052
-0.048
-0.048
-0.047
-0.045
-0.044
-0.046
-0.045
-0.044
-0.033
-0.019
-0.005
0.007
0.022
0.032
0.049
0.066
0.08
0.09
0.099
0.1
0.102
0.103
0.102
0.097
0.092
0.088
0.075
0.062
0.047
0.028
0.01
0.001
-0.014
-0.026
-0.038
-0.05
-0.06
-0.06
-0.06
-0.058
-0.057
-0.058
-0.059
-0.059
-0.058
-0.056
-0.054
-0.055
-0.055
-0.055
-0.056
-0.057
-0.054
-0.052
-0.05
-0.049
-0.046
-0.045
-0.047
-0.051
-0.052
-0.053
-0.052
-0.05
-0.048
-0.049
-0.048
-0.048
-0.041
-0.031
-0.02
-0.011
0
0.007
0.013
0.018
0.019
0.014
0.007
0
-0.012
-0.021
-0.03
-0.04
-0.048
-0.049
-0.05
-0.048
-0.046
-0.047
-0.048
-0.048
-0.051
-0.054
-0.05
-0.037
-0.014
0.027
0.127
0.227
0.307
0.359
0.387
0.343
0.229
0.122
0.032
-0.045
-0.107
-0.098
-0.084
-0.073
-0.066
-0.064
-0.064
-0.063
-0.063
-0.061
-0.06
-0.06
-0.058
-0.053
-0.04
-0.024
-0.006
0.009
0.023
0.033
0.046
0.058
0.069
0.079
0.086
0.086
0.083
0.082
0.077
0.07
0.063
0.059
0.039
0.024
0.008
-0.009
-0.028
-0.033
-0.045
-0.054
-0.06
-0.067
-0.073
-0.071
-0.072
-0.07
-0.067
-0.067
-0.068
-0.067
-0.067
-0.065
-0.062
-0.06
-0.061
-0.059
-0.06
-0.058
-0.057
-0.057
-0.059
-0.058
-0.059
-0.057
-0.055
-0.055
-0.057
-0.057
-0.058
-0.056
-0.054
-0.053
-0.054
-0.054
-0.043
-0.031
-0.018
-0.001
0.016
0.018
0.016
0.009
-0.002
-0.015
-0.027
-0.034
-0.039
-0.043
-0.047
-0.05
-0.049
-0.048
-0.046
-0.044
-0.044
-0.044
-0.043
-0.042
-0.017
0.019
0.065
0.124
0.195
0.252
0.286
0.293
0.273
0.23
0.165
0.099
0.042
-0.003
-0.038
-0.058
-0.065
-0.064
-0.063
-0.061
-0.059
-0.055
-0.05
-0.044
-0.037
-0.029
-0.017
-0.007
0.011
0.028
0.043
0.057
0.073
0.08
0.088
0.094
0.095
0.094
0.096
0.094
0.09
0.083
0.072
0.059
0.047
0.037
0.023
0.008
-0.009
-0.026
-0.04
-0.047
-0.05
-0.052
-0.054
-0.055
-0.054
-0.054
-0.051
-0.049
-0.049
-0.05
-0.048
-0.048
-0.046
-0.044
-0.045
-0.046
-0.045
-0.044
-0.045
-0.044
-0.045
-0.047
-0.047
-0.044
-0.044
-0.042
-0.042
-0.042
-0.042
-0.038
-0.036
-0.034
-0.032
-0.028
-0.022
-0.014
-0.002
0.01
0.018
0.024
0.03
0.031
0.017
0.008
-0.006
-0.02
-0.032
-0.03
-0.035
-0.035
-0.038
-0.04
-0.042
-0.038
-0.037
-0.035
-0.035
-0.036
-0.039
-0.043
0.004
0.063
0.131
0.212
0.31
0.362
0.35
0.311
0.245
0.152
0.039
-0.02
-0.051
-0.068
-0.074
-0.068
-0.055
-0.054
-0.053
-0.051
-0.051
-0.052
-0.052
-0.05
-0.042
-0.031
-0.021
-0.012
-0
0.008
0.025
0.043
0.059
0.072
0.086
0.089
0.093
0.095
0.094
0.089
0.086
0.083
0.076
0.068
0.056
0.04
0.025
0.014
-0.002
-0.016
-0.032
-0.049
-0.063
-0.066
-0.067
-0.065
-0.061
-0.06
-0.062
-0.064
-0.063
-0.062
-0.061
-0.059
-0.058
-0.059
-0.06
-0.06
-0.059
-0.056
-0.056
-0.057
-0.057
-0.057
-0.055
-0.052
-0.051
-0.053
-0.054
-0.055
-0.052
-0.046
-0.039
-0.033
-0.024
-0.015
-0.005
0.005
0.011
0.012
0.011
0.007
-0.005
-0.015
-0.027
-0.039
-0.05
-0.052
-0.051
-0.048
-0.047
-0.047
-0.047
-0.047
-0.048
-0.047
-0.049
-0.057
-0.058
-0.044
0.027
0.113
0.211
0.309
0.39
0.4
0.334
0.246
0.142
0.043
-0.046
-0.067
-0.072
-0.07
-0.068
-0.066
-0.064
-0.066
-0.067
-0.066
-0.055
-0.041
-0.022
-0
0.021
0.032
0.049
0.062
