-0.142
-0.141
-0.139
-0.137
-0.136
-0.134
-0.133
-0.131
-0.13
-0.13
-0.129
-0.129
-0.128
-0.128
-0.126
-0.124
-0.122
-0.119
-0.117
-0.116
-0.115
-0.114
-0.113
-0.113
-0.113
-0.112
-0.111
-0.11
-0.11
-0.109
-0.111
-0.11
-0.109
-0.106
-0.104
-0.098
-0.096
-0.095
-0.094
-0.094
-0.094
-0.094
-0.093
-0.092
-0.09
-0.088
-0.087
-0.086
-0.085
-0.085
-0.086
-0.085
-0.083
-0.081
-0.075
-0.065
-0.052
-0.035
-0.016
0.002
0.018
0.031
0.042
0.051
0.056
0.057
0.056
0.055
0.05
0.041
0.03
0.017
0.001
-0.016
-0.032
-0.046
-0.058
-0.066
-0.072
-0.074
-0.075
-0.075
-0.076
-0.075
-0.075
-0.074
-0.073
-0.071
-0.07
-0.07
-0.068
-0.069
-0.069
-0.069
-0.067
-0.067
-0.071
-0.08
-0.074
-0.048
0
0.078
0.185
0.303
0.416
0.525
0.633
0.737
0.804
0.819
0.786
0.703
0.575
0.435
0.3
0.171
0.043
-0.07
-0.152
-0.197
-0.206
-0.186
-0.159
-0.139
-0.132
-0.128
-0.127
-0.125
-0.123
-0.116
-0.114
-0.111
-0.11
-0.109
-0.108
-0.108
-0.108
-0.107
-0.106
-0.103
-0.097
-0.088
-0.074
-0.056
-0.037
-0.019
-0.001
0.017
0.035
0.054
0.074
0.092
0.113
0.132
0.144
0.156
0.165
0.173
0.178
0.185
0.188
0.19
0.19
0.188
0.186
0.182
0.177
0.171
0.165
0.159
0.15
0.138
0.124
0.106
0.085
0.065
0.046
0.026
0.005
-0.013
-0.03
-0.048
-0.066
-0.084
-0.099
-0.111
-0.119
-0.123
-0.125
-0.125
-0.124
-0.122
-0.121
-0.119
-0.118
-0.117
-0.116
-0.115
-0.113
-0.112
-0.111
-0.11
-0.108
-0.106
-0.105
-0.104
-0.102
-0.101
-0.101
-0.1
-0.098
-0.097
-0.096
-0.095
-0.093
-0.093
-0.093
-0.092
-0.089
-0.088
-0.087
-0.086
-0.085
-0.086
-0.086
-0.085
-0.085
-0.085
-0.084
-0.083
-0.083
-0.081
-0.079
-0.078
-0.077
-0.075
-0.074
-0.073
-0.072
-0.071
-0.07
-0.067
-0.061
-0.051
-0.037
-0.021
-0.005
0.012
0.03
0.043
