-0.103
-0.101
-0.1
-0.098
-0.098
-0.097
-0.096
-0.095
-0.095
-0.094
-0.093
-0.093
-0.093
-0.092
-0.09
-0.09
-0.089
-0.088
-0.087
-0.085
-0.08
-0.071
-0.059
-0.043
-0.024
-0.007
0.009
0.023
0.036
0.045
0.05
0.053
0.053
0.05
0.046
0.038
0.028
0.016
-0
-0.017
-0.045
-0.059
-0.071
-0.08
-0.09
-0.081
-0.082
-0.082
-0.082
-0.077
-0.075
-0.073
-0.071
-0.07
-0.068
-0.067
-0.067
-0.067
-0.066
-0.065
-0.066
-0.066
-0.069
-0.081
-0.083
-0.062
-0.017
0.055
0.161
0.279
0.391
0.499
0.609
0.717
0.792
0.815
0.79
0.716
0.591
0.452
0.32
0.192
0.061
-0.061
-0.148
-0.197
-0.212
-0.196
-0.167
-0.144
-0.13
-0.124
-0.122
-0.12
-0.119
-0.117
-0.115
-0.115
-0.114
-0.113
-0.111
-0.11
-0.109
-0.107
-0.1
-0.097
-0.091
-0.081
-0.067
-0.056
-0.039
-0.021
-0.004
0.012
0.03
0.048
0.066
0.085
0.106
0.125
0.14
0.152
0.162
0.169
0.173
0.177
0.179
0.18
0.18
0.179
0.178
0.174
0.169
0.164
0.159
0.152
0.143
0.133
0.121
0.104
0.085
0.065
0.045
0.024
0.003
-0.015
-0.031
-0.048
-0.065
-0.082
-0.098
-0.11
-0.119
-0.124
-0.126
-0.125
-0.123
-0.121
-0.119
-0.118
-0.116
-0.115
-0.113
-0.112
-0.11
-0.11
-0.109
-0.109
-0.108
-0.107
-0.106
-0.106
-0.104
-0.103
-0.102
-0.1
-0.098
-0.098
-0.097
-0.096
-0.096
-0.095
-0.093
-0.092
-0.092
-0.09
-0.089
-0.089
-0.087
-0.086
-0.085
-0.084
-0.084
-0.083
-0.082
-0.081
-0.081
-0.079
-0.07
-0.069
-0.068
-0.067
-0.066
-0.074
-0.074
-0.074
-0.078
-0.076
-0.071
-0.062
-0.05
-0.032
-0.014
0.005
0.021
0.034
0.046
0.055
0.06
0.063
0.064
0.062
0.057
0.049
0.038
0.025
0.01
-0.006
-0.018
-0.033
-0.045
-0.054
-0.06
-0.068
-0.069
-0.07
-0.07
-0.07
-0.069
-0.068
-0.068
-0.068
-0.067
-0.066
-0.065
-0.065
-0.064
-0.064
-0.064
-0.065
