0.073
0.079
0.086
0.092
0.096
0.099
0.1
0.098
0.092
0.085
0.079
0.071
0.06
0.048
0.029
0.01
-0.007
-0.023
-0.038
-0.046
-0.053
-0.056
-0.056
-0.055
-0.054
-0.054
-0.056
-0.056
-0.055
-0.053
-0.051
-0.051
-0.05
-0.049
-0.048
-0.046
-0.044
-0.043
-0.044
-0.046
-0.045
-0.043
-0.044
-0.043
-0.041
-0.042
-0.043
-0.043
-0.043
-0.043
-0.04
-0.035
-0.026
-0.018
-0.005
0.006
0.018
0.024
0.032
0.031
0.02
0.007
-0.008
-0.021
-0.033
-0.035
-0.036
-0.035
-0.034
-0.033
-0.035
-0.036
-0.035
-0.036
-0.035
-0.034
-0.033
-0.038
0.027
0.078
0.142
0.217
0.306
0.334
0.309
0.282
0.232
0.159
0.061
0.021
-0.02
-0.049
-0.063
-0.063
-0.051
-0.053
-0.052
-0.054
-0.044
-0.036
-0.023
-0.012
-0
0.001
0.021
0.034
0.05
0.067
0.081
0.08
0.085
0.086
0.087
0.089
0.09
0.086
0.076
0.067
0.056
0.043
0.029
0.02
0
-0.017
-0.033
-0.047
-0.06
-0.062
-0.064
-0.066
-0.067
-0.065
-0.064
-0.065
-0.064
-0.063
-0.063
-0.062
-0.06
-0.059
-0.058
-0.057
-0.056
-0.056
-0.058
-0.058
-0.059
-0.057
-0.055
-0.055
-0.055
-0.054
-0.054
-0.054
-0.053
-0.054
-0.055
-0.054
-0.049
-0.041
-0.031
-0.021
-0.011
-0.004
0.003
0.008
0.011
0.011
0.006
0
-0.013
-0.024
-0.034
-0.045
-0.054
-0.055
-0.056
-0.055
-0.053
-0.051
-0.051
-0.05
-0.05
-0.053
-0.056
-0.053
-0.039
-0.011
0.078
0.18
0.279
0.354
0.405
0.384
0.284
0.169
0.063
-0.027
-0.103
-0.106
-0.095
-0.081
-0.071
-0.065
-0.064
-0.063
-0.064
-0.063
-0.061
-0.06
-0.059
-0.055
-0.044
-0.029
-0.013
0.003
0.018
0.028
0.042
0.056
0.069
0.08
0.087
0.088
0.087
0.087
0.085
0.082
0.075
0.071
0.055
0.04
0.024
0.008
-0.011
-0.02
-0.033
-0.044
-0.053
-0.06
-0.066
-0.066
-0.066
-0.064
-0.062
-0.061
-0.062
-0.061
-0.062
-0.061
