0.015
-0.004
-0.022
-0.04
-0.057
-0.074
-0.09
-0.106
-0.119
-0.128
-0.132
-0.133
-0.132
-0.131
-0.129
-0.127
-0.126
-0.123
-0.12
-0.118
-0.117
-0.117
-0.116
-0.117
-0.116
-0.114
-0.112
-0.11
-0.109
-0.107
-0.106
-0.104
-0.103
-0.103
-0.102
-0.102
-0.1
-0.099
-0.097
-0.096
-0.094
-0.094
-0.093
-0.092
-0.092
-0.091
-0.091
-0.09
-0.088
-0.087
-0.085
-0.083
-0.074
-0.074
-0.073
-0.072
-0.071
-0.078
-0.077
-0.075
-0.075
-0.075
-0.074
-0.073
-0.07
-0.065
-0.056
-0.042
-0.026
-0.008
0.005
0.02
0.034
0.046
0.049
0.058
0.06
0.061
0.058
0.06
0.051
0.041
0.03
0.014
-0.003
-0.017
-0.031
-0.045
-0.054
-0.061
-0.064
-0.065
-0.065
-0.065
-0.065
-0.064
-0.063
-0.062
-0.063
-0.062
-0.062
-0.062
-0.061
-0.06
-0.058
-0.057
-0.057
-0.061
-0.071
-0.071
-0.049
-0.004
0.073
0.181
0.298
0.408
0.517
0.628
0.737
0.809
0.83
0.801
0.721
0.593
0.455
0.323
0.195
0.063
-0.058
-0.143
-0.189
-0.202
-0.184
-0.155
-0.133
-0.121
-0.117
-0.116
-0.115
-0.114
-0.114
-0.113
-0.112
-0.11
-0.11
-0.108
-0.107
-0.105
-0.105
-0.103
-0.1
-0.093
-0.083
-0.068
-0.051
-0.033
-0.015
0.002
0.019
0.036
0.055
0.074
0.093
0.114
0.134
0.149
0.161
0.171
0.179
0.183
0.186
0.187
0.189
0.189
0.188
0.185
0.183
0.178
0.171
0.165
0.158
0.148
0.136
0.12
0.102
0.083
0.062
0.042
0.021
0.002
-0.015
-0.031
-0.048
-0.066
-0.084
-0.101
-0.114
-0.123
-0.129
-0.131
-0.13
-0.129
-0.127
-0.125
-0.125
-0.124
-0.122
-0.122
-0.122
-0.12
-0.118
-0.118
-0.116
-0.115
-0.113
-0.112
-0.111
-0.109
-0.109
-0.108
-0.108
-0.107
-0.106
-0.105
-0.104
-0.103
-0.102
-0.102
-0.1
-0.099
-0.098
-0.097
-0.095
-0.094
-0.094
-0.094
-0.093
-0.093
-0.093
-0.092
-0.098
-0.098
-0.097
-0.095
-0.093
-0.084
-0.083
-0.082
-0.082
-0.083
