-0.051
-0.053
-0.053
-0.053
-0.051
-0.05
-0.05
-0.051
-0.05
-0.049
-0.047
-0.044
-0.042
-0.037
-0.03
-0.021
-0.008
0.003
0.01
0.015
0.019
0.018
0.005
-0.005
-0.018
-0.031
-0.043
-0.041
-0.042
-0.042
-0.044
-0.046
-0.046
-0.046
-0.045
-0.043
-0.042
-0.044
-0.048
-0.051
0.021
0.085
0.159
0.25
0.353
0.378
0.324
0.272
0.192
0.087
-0.031
-0.052
-0.077
-0.088
-0.089
-0.078
-0.067
-0.066
-0.064
-0.062
-0.062
-0.064
-0.064
-0.063
-0.054
-0.042
-0.031
-0.02
-0.006
0.001
0.019
0.036
0.05
0.063
0.075
0.078
0.082
0.085
0.085
0.083
0.082
0.079
0.07
0.06
0.045
0.029
0.013
0.003
-0.013
-0.027
-0.043
-0.059
-0.072
-0.074
-0.072
-0.069
-0.068
-0.069
-0.068
-0.068
-0.068
-0.066
-0.066
-0.067
-0.067
-0.066
-0.064
-0.061
-0.06
-0.061
-0.06
-0.06
-0.058
-0.056
-0.055
-0.056
-0.056
-0.055
-0.055
-0.053
-0.053
-0.054
-0.056
-0.055
-0.051
-0.043
-0.035
-0.027
-0.017
-0.008
0.001
0.009
0.014
0.014
0.012
0.007
-0.004
-0.014
-0.025
-0.037
-0.046
-0.047
-0.046
-0.045
-0.044
-0.045
-0.046
-0.046
-0.045
-0.044
-0.047
-0.051
-0.045
-0.027
0.051
0.144
0.247
0.338
0.408
0.405
0.327
0.225
0.11
0.005
-0.083
-0.099
-0.097
-0.082
-0.068
-0.06
-0.057
-0.055
-0.054
-0.052
-0.05
-0.051
-0.051
-0.05
-0.039
-0.025
-0.009
0.005
0.021
0.032
0.048
0.064
0.078
0.088
0.095
0.096
0.096
0.096
0.095
0.091
0.087
0.083
0.07
0.057
0.043
0.025
0.007
-0.001
-0.016
-0.028
-0.038
-0.049
-0.059
-0.058
-0.058
-0.055
-0.053
-0.052
-0.053
-0.051
-0.051
-0.049
-0.047
-0.048
-0.048
-0.048
-0.047
-0.046
-0.043
-0.044
-0.044
-0.044
-0.044
-0.043
-0.042
-0.042
-0.043
-0.042
-0.042
-0.04
-0.037
-0.037
-0.039
-0.038
-0.029
-0.02
-0.007
0.005
0.017
0.022
0.024
0.027
0.028
0.024
0.015
0.01
