0.351
0.308
0.199
0.099
0.019
-0.044
-0.094
-0.088
-0.076
-0.069
-0.066
-0.065
-0.063
-0.062
-0.06
-0.057
-0.052
-0.048
-0.041
-0.03
-0.012
0.007
0.024
0.039
0.056
0.064
0.075
0.083
0.088
0.09
0.091
0.091
0.089
0.085
0.078
0.068
0.057
0.047
0.03
0.013
-0.004
-0.024
-0.042
-0.051
-0.056
-0.06
-0.062
-0.063
-0.062
-0.061
-0.06
-0.059
-0.058
-0.059
-0.059
-0.057
-0.056
-0.054
-0.053
-0.054
-0.055
-0.054
-0.054
-0.054
-0.054
-0.055
-0.055
-0.055
-0.053
-0.051
-0.05
-0.051
-0.05
-0.05
-0.049
-0.047
-0.045
-0.043
-0.038
-0.032
-0.017
-0.003
0.01
0.018
0.026
0.026
0.016
0.009
-0
-0.013
-0.026
-0.027
-0.034
-0.037
-0.039
-0.04
-0.041
-0.038
0.016
0.061
0.117
0.183
0.262
0.297
0.286
0.278
0.243
0.182
0.096
0.057
0.007
-0.027
-0.049
-0.058
-0.055
-0.054
-0.055
-0.053
-0.051
-0.052
-0.051
-0.049
-0.044
-0.036
-0.027
-0.018
-0.007
0.002
0.02
0.038
0.055
0.07
0.084
0.089
0.095
0.1
0.103
0.103
0.102
0.099
0.094
0.088
0.079
0.066
0.051
0.04
0.022
0.005
-0.012
-0.029
-0.046
-0.052
-0.055
-0.055
-0.054
-0.055
-0.056
-0.057
-0.057
-0.055
-0.053
-0.052
-0.052
-0.051
-0.05
-0.048
-0.046
-0.048
-0.049
-0.048
-0.048
-0.046
-0.044
-0.044
-0.044
-0.044
-0.044
-0.042
-0.042
-0.044
-0.045
-0.046
-0.046
-0.044
-0.039
-0.035
-0.029
-0.019
-0.007
0.004
0.013
0.018
0.02
0.018
0.008
-0.001
-0.012
-0.024
-0.037
-0.041
-0.043
-0.042
-0.041
-0.04
-0.04
-0.039
-0.04
-0.039
-0.038
-0.042
-0.05
-0.052
0.002
0.068
0.147
0.24
0.341
0.383
0.351
0.295
0.215
0.108
-0.01
-0.059
-0.083
-0.092
-0.086
-0.073
-0.061
-0.061
-0.061
-0.06
-0.06
-0.062
-0.063
-0.063
-0.053
-0.041
-0.025
-0.008
0.013
0.023
0.038
0.053
0.063
0.07
0.077
0.079
0.08
0.079
0.079
0.079
0.077
0.073
0.066
0.056
0.043
0.025
0.009
-0.001
-0.019
-0.034
-0.046
-0.059
-0.071
-0.072
-0.072
-0.07
-0.068
-0.068
-0.068
-0.068
-0.067
-0.066
-0.064
-0.063
-0.064
-0.064
-0.064
-0.063
-0.061
-0.061
-0.061
-0.061
-0.061
-0.059
-0.059
-0.057
-0.058
-0.059
-0.061
-0.06
-0.055
-0.047
-0.037
-0.028
-0.018
-0.009
-0.004
0.004
0.008
0.01
0.007
0.003
-0.011
-0.022
-0.033
-0.043
-0.054
-0.054
-0.054
-0.052
-0.05
-0.049
-0.05
-0.05
-0.055
-0.055
-0.057
-0.059
-0.053
-0.03
0.069
0.164
0.268
0.362
0.431
0.404
0.299
0.194
0.078
-0.025
-0.114
-0.104
-0.101
-0.086
-0.072
-0.062
-0.059
-0.059
-0.059
-0.058
-0.056
-0.055
-0.055
-0.053
-0.038
-0.024
-0.008
0.009
0.024
0.03
0.047
0.063
0.076
0.089
0.095
0.091
0.086
0.083
0.066
0.05
0.03
0.011
-0.009
-0.018
-0.028
-0.036
-0.044
-0.051
-0.054
-0.053
-0.053
-0.052
-0.053
-0.055
-0.054
-0.053
-0.051
-0.049
-0.049
-0.05
-0.049
-0.047
-0.045
-0.042
-0.042
-0.042
-0.041
-0.042
-0.041
-0.04
-0.041
-0.042
-0.041
-0.04
-0.038
-0.037
-0.038
-0.038
-0.038
-0.035
-0.023
-0.009
0.003
0.015
0.027
0.03
0.03
0.027
0.021
0.011
0.002
-0.007
-0.015
-0.021
-0.027
-0.032
-0.034
-0.034
-0.032
-0.03
-0.03
-0.03
-0.029
-0.028
-0.021
-0.002
0.025
0.064
0.116
0.174
0.247
0.294
0.314
0.308
0.281
0.212
0.126
0.058
0.004
-0.037
-0.063
-0.053
-0.047
-0.046
-0.047
-0.049
-0.048
-0.047
-0.046
-0.042
-0.038
-0.034
-0.027
-0.018
0.002
0.02
0.037
0.053
0.07
0.076
0.086
0.094
0.099
0.102
0.103
0.103
0.101
0.097
0.09
0.08
0.07
0.06
0.037
0.022
0.005
-0.014
-0.032
-0.035
-0.042
-0.047
-0.051
-0.054
-0.054
-0.054
-0.053
-0.051
-0.051
-0.053
-0.054
-0.054
-0.054
-0.053
-0.053
-0.054
-0.054
-0.054
-0.052
-0.05
