-0.054
-0.05
-0.048
-0.047
-0.044
-0.044
-0.044
-0.044
-0.041
-0.037
-0.023
-0.007
0.007
0.022
0.04
0.049
0.064
0.077
0.088
0.094
0.098
0.097
0.095
0.09
0.077
0.061
0.043
0.023
0.006
-0.004
-0.016
-0.026
-0.037
-0.046
-0.052
-0.052
-0.05
-0.049
-0.049
-0.049
-0.048
-0.047
-0.045
-0.044
-0.045
-0.047
-0.047
-0.047
-0.046
-0.044
-0.046
-0.047
-0.047
-0.048
-0.045
-0.043
-0.043
-0.043
-0.042
-0.041
-0.04
-0.038
-0.039
-0.04
-0.039
-0.038
-0.029
-0.019
-0.009
0.001
0.014
0.018
0.022
0.023
0.02
0.014
0.007
-0
-0.01
-0.019
-0.029
-0.038
-0.043
-0.043
-0.041
-0.039
-0.039
-0.04
-0.041
-0.041
0.061
0.153
0.23
0.293
0.346
0.279
0.174
0.086
0.014
-0.044
-0.085
-0.073
-0.063
-0.057
-0.055
-0.054
-0.049
-0.047
-0.04
-0.032
-0.013
-0.001
0.016
0.031
0.047
0.056
0.067
0.077
0.084
0.088
0.09
0.091
0.086
0.085
0.08
0.073
0.065
0.061
0.04
0.023
0.005
-0.014
-0.032
-0.034
-0.045
-0.052
-0.059
-0.066
-0.069
-0.066
-0.067
-0.064
-0.064
-0.065
-0.066
-0.063
-0.064
-0.062
-0.062
-0.063
-0.063
-0.06
-0.061
-0.059
-0.058
-0.058
-0.059
-0.057
-0.057
-0.054
-0.053
-0.052
-0.051
-0.049
-0.05
-0.048
-0.048
-0.049
-0.048
-0.042
-0.032
-0.019
-0.004
0.01
0.019
0.019
0.012
0.001
-0.011
-0.023
-0.034
-0.038
-0.042
-0.045
-0.046
-0.046
-0.044
-0.043
-0.042
-0.042
-0.043
-0.042
-0.04
-0.043
-0.004
0.045
0.106
0.18
0.27
0.326
0.328
0.304
0.255
0.182
0.086
0.021
-0.02
-0.05
-0.068
-0.069
-0.057
-0.057
-0.056
-0.056
-0.057
-0.057
-0.054
-0.053
-0.045
-0.038
-0.029
-0.019
-0.005
0.004
0.022
0.037
0.056
0.072
0.088
0.095
0.101
0.098
0.091
0.081
0.069
0.056
0.044
0.034
0.018
-0
-0.017
-0.033
-0.045
-0.05
-0.051
-0.052
-0.053
-0.052
-0.05
-0.05
-0.049
-0.049
-0.051
-0.051
-0.05
-0.048
-0.046
-0.046
-0.047
-0.045
-0.044
-0.043
-0.041
-0.041
-0.042
-0.042
-0.04
-0.04
-0.039
-0.039
-0.04
-0.039
-0.036
-0.035
-0.029
-0.026
-0.022
-0.016
-0.005
0.001
0.013
0.022
0.028
0.032
0.035
0.035
0.022
0.011
-0.004
-0.015
-0.026
-0.025
-0.026
-0.027
-0.03
-0.031
-0.031
-0.031
-0.029
-0.028
-0.03
-0.033
-0.037
-0.035
0.027
0.1
0.185
0.286
0.387
0.417
0.373
0.301
0.201
0.082
-0.025
-0.063
-0.077
-0.08
-0.071
-0.06
-0.051
-0.05
-0.048
-0.046
-0.047
-0.048
-0.046
-0.046
-0.036
-0.026
-0.015
-0.003
0.013
0.021
0.04
0.056
0.07
0.082
0.093
0.094
0.097
0.098
0.096
0.093
0.093
0.089
0.079
0.066
0.038
0.007
-0.022
-0.043
-0.059
-0.061
-0.059
-0.058
-0.058
-0.059
-0.058
-0.058
-0.056
-0.055
-0.056
-0.057
-0.056
-0.056
-0.054
-0.054
-0.055
-0.057
-0.055
-0.055
-0.052
-0.049
-0.048
-0.05
-0.052
-0.053
-0.053
-0.052
-0.046
-0.038
-0.031
-0.023
-0.01
-0.003
0.006
0.012
0.014
0.012
0.01
0.005
-0.006
-0.017
-0.03
-0.043
-0.052
-0.053
-0.052
-0.05
-0.05
-0.051
-0.05
-0.05
-0.049
-0.05
-0.056
-0.055
-0.041
-0.016
0.087
0.188
0.27
0.325
0.353
0.29
0.197
0.101
0.015
-0.053
-0.1
-0.105
-0.094
-0.079
-0.069
-0.064
-0.062
-0.062
-0.06
-0.058
-0.057
-0.059
-0.057
-0.054
-0.041
-0.026
0.003
0.03
0.054
0.07
0.087
0.09
0.091
0.092
0.089
0.085
0.08
0.074
0.061
0.047
0.029
0.01
-0.008
-0.017
-0.03
-0.041
-0.051
-0.061
-0.068
-0.068
-0.068
-0.067
-0.064
-0.063
-0.063
-0.062
-0.061
-0.061
-0.062
-0.063
-0.06
-0.057
-0.058
-0.055
-0.054
-0.056
-0.057
-0.054
-0.056
-0.053
-0.052
-0.052
-0.052
-0.049
-0.05
-0.049
-0.047
-0.045
-0.044
-0.04
-0.028
-0.018
-0.008
0.002
0.013
0.017
0.016
0.017
0.014
0.007
