-0.062
-0.068
-0.07
-0.071
-0.07
-0.069
-0.069
-0.068
-0.067
-0.066
-0.066
-0.065
-0.064
-0.064
-0.064
-0.064
-0.064
-0.064
-0.064
-0.07
-0.08
-0.075
-0.049
0.001
0.083
0.195
0.31
0.42
0.53
0.643
0.749
0.812
0.823
0.785
0.695
0.562
0.425
0.295
0.166
0.031
-0.085
-0.161
-0.201
-0.208
-0.186
-0.158
-0.139
-0.127
-0.124
-0.123
-0.121
-0.12
-0.119
-0.118
-0.117
-0.116
-0.116
-0.114
-0.113
-0.111
-0.11
-0.108
-0.104
-0.098
-0.087
-0.071
-0.054
-0.036
-0.018
-0
0.016
0.033
0.053
0.071
0.09
0.111
0.13
0.143
0.155
0.164
0.171
0.175
0.178
0.18
0.189
0.189
0.188
0.186
0.182
0.169
0.162
0.155
0.147
0.137
0.124
0.109
0.091
0.071
0.052
0.031
0.01
-0.01
-0.026
-0.043
-0.061
-0.08
-0.098
-0.114
-0.127
-0.136
-0.14
-0.141
-0.14
-0.137
-0.135
-0.132
-0.13
-0.128
-0.127
-0.126
-0.126
-0.125
-0.124
-0.123
-0.122
-0.12
-0.119
-0.119
-0.118
-0.117
-0.116
-0.116
-0.115
-0.114
-0.113
-0.112
-0.11
-0.109
-0.108
-0.107
-0.106
-0.106
-0.106
-0.106
-0.105
-0.104
-0.104
-0.102
-0.099
-0.098
-0.097
-0.095
-0.093
-0.093
-0.093
-0.092
-0.091
-0.092
-0.091
-0.09
-0.089
-0.089
-0.088
-0.087
-0.084
-0.077
-0.066
-0.053
-0.037
-0.02
-0.001
0.015
0.027
0.037
0.046
0.05
0.05
0.049
0.042
0.037
0.026
0.015
0.002
-0.009
-0.026
-0.042
-0.057
-0.068
-0.075
-0.08
-0.082
-0.082
-0.082
-0.082
-0.081
-0.079
-0.078
-0.076
-0.076
-0.075
-0.075
-0.074
-0.074
-0.074
-0.072
-0.071
-0.072
-0.078
-0.044
-0.035
-0.001
0.057
0.14
0.203
0.316
0.435
0.55
0.657
0.748
0.799
0.801
0.753
0.659
0.533
0.398
0.258
0.12
-0.006
-0.105
-0.174
-0.211
-0.213
-0.19
-0.166
-0.147
-0.136
-0.132
-0.13
-0.129
-0.128
-0.128
-0.128
-0.126
-0.125
-0.124
-0.122
-0.122
-0.121
-0.12
-0.119
