-0.058
-0.06
-0.059
-0.06
-0.062
-0.062
-0.059
-0.056
-0.054
-0.052
-0.04
-0.032
-0.022
-0.009
0.004
0.005
0.009
0.009
0.007
0.005
0
-0.006
-0.018
-0.029
-0.04
-0.046
-0.049
-0.049
-0.048
-0.048
-0.048
-0.047
-0.046
-0.045
-0.047
-0.05
-0.044
-0.025
0.006
0.051
0.152
0.244
0.314
0.36
0.38
0.326
0.211
0.106
0.018
-0.05
-0.1
-0.086
-0.073
-0.065
-0.061
-0.059
-0.057
-0.057
-0.056
-0.056
-0.056
-0.054
-0.049
-0.043
-0.027
-0.011
0.006
0.024
0.044
0.054
0.067
0.076
0.085
0.092
0.099
0.101
0.1
0.096
0.092
0.087
0.083
0.076
0.06
0.041
0.022
0.003
-0.013
-0.022
-0.032
-0.042
-0.05
-0.056
-0.059
-0.058
-0.057
-0.057
-0.056
-0.055
-0.053
-0.053
-0.05
-0.049
-0.048
-0.047
-0.044
-0.044
-0.043
-0.043
-0.045
-0.045
-0.043
-0.042
-0.041
-0.04
-0.04
-0.04
-0.038
-0.038
-0.037
-0.036
-0.036
-0.036
-0.034
-0.032
-0.021
-0.011
0.001
0.014
0.027
0.031
0.031
0.026
0.018
0.01
0.002
-0.007
-0.014
-0.022
-0.03
-0.034
-0.035
-0.036
-0.034
-0.034
-0.035
-0.035
-0.033
-0.033
-0.026
-0.009
0.02
0.061
0.116
0.173
0.244
0.288
0.236
0.174
0.106
0.014
-0.063
-0.054
-0.048
-0.046
-0.046
-0.046
-0.045
-0.044
-0.04
-0.034
-0.026
-0.018
-0.008
0.001
0.014
0.025
0.037
0.052
0.067
0.076
0.086
0.092
0.095
0.097
0.101
0.1
0.097
0.092
0.084
0.075
0.066
0.057
0.04
0.023
0.004
-0.013
-0.029
-0.038
-0.045
-0.049
-0.052
-0.055
-0.056
-0.055
-0.056
-0.059
-0.06
-0.059
-0.058
-0.056
-0.055
-0.055
-0.056
-0.057
-0.056
-0.055
-0.056
-0.055
-0.057
-0.058
-0.057
-0.055
-0.054
-0.053
-0.053
-0.053
-0.052
-0.051
-0.051
-0.051
-0.052
-0.052
-0.048
-0.041
-0.027
-0.013
-0.002
0.008
0.017
0.019
0.01
0.003
-0.009
-0.022
-0.034
-0.036
-0.042
-0.045
-0.048
-0.049
-0.048
-0.046
-0.046
-0.045
-0.045
-0.045
-0.044
-0.044
0.006
0.046
0.095
0.158
0.235
0.269
0.267
0.265
0.237
0.184
0.107
0.068
0.014
-0.026
-0.054
-0.068
-0.067
-0.064
-0.064
-0.061
-0.059
-0.058
-0.058
-0.058
-0.051
-0.044
-0.033
-0.019
-0.005
0.004
0.02
0.036
0.053
0.069
0.082
0.085
0.087
0.086
0.087
0.088
0.087
0.084
0.073
0.06
0.046
0.032
0.017
0.008
-0.009
-0.024
-0.037
-0.049
-0.058
-0.06
-0.062
-0.065
-0.065
-0.066
-0.066
-0.065
-0.064
-0.064
-0.062
-0.061
-0.06
-0.06
-0.06
-0.06
-0.059
-0.057
-0.055
-0.054
-0.054
-0.055
-0.055
-0.054
-0.052
-0.051
-0.05
-0.05
-0.048
-0.047
-0.046
-0.046
-0.043
-0.038
-0.031
-0.022
-0.009
-0
0.008
0.013
0.018
0.021
0.021
0.017
0.004
-0.01
-0.022
-0.032
-0.04
-0.041
-0.039
-0.04
-0.04
-0.037
-0.036
-0.038
-0.04
-0.042
-0.046
-0.049
-0.043
-0.024
0.05
0.139
0.156
0.151
0.126
0.04
-0.056
-0.075
-0.074
-0.063
-0.051
-0.041
-0.034
-0.034
-0.032
-0.031
-0.031
-0.03
-0.028
-0.028
-0.017
-0.005
0.007
0.024
0.041
0.049
0.064
0.078
0.091
0.102
0.113
0.114
0.113
0.111
0.11
0.108
0.107
0.103
0.089
0.073
0.056
0.04
0.024
0.014
-0.001
-0.016
-0.029
-0.04
-0.047
-0.047
-0.045
-0.044
-0.043
-0.042
-0.04
-0.04
-0.04
-0.041
-0.041
-0.04
-0.038
-0.038
-0.038
-0.039
-0.039
-0.039
-0.037
-0.036
-0.035
-0.037
-0.037
-0.037
-0.035
-0.035
-0.034
-0.035
-0.035
-0.034
-0.032
-0.031
-0.024
-0.017
-0.009
0.002
0.015
0.022
0.027
0.028
0.027
0.024
0.02
0.014
0.003
-0.009
-0.02
-0.028
-0.034
-0.035
-0.035
-0.036
-0.037
-0.037
-0.035
-0.035
-0.037
-0.043
-0.04
-0.024
0.004
0.046
0.147
0.244
0.321
0.374
0.402
0.355
0.24
0.129
0.036
-0.038
-0.092
-0.081
-0.067
-0.059
-0.055
-0.053
-0.052
-0.053
