0.066
0.063
0.048
0.04
0.029
0.017
0.003
-0.002
-0.018
-0.034
-0.047
-0.057
-0.063
-0.066
-0.068
-0.068
-0.068
-0.068
-0.067
-0.067
-0.066
-0.065
-0.064
-0.063
-0.062
-0.062
-0.062
-0.062
-0.061
-0.061
-0.065
-0.075
-0.075
-0.054
-0.008
0.068
0.17
0.281
0.392
0.505
0.622
0.729
0.801
0.823
0.795
0.717
0.597
0.465
0.335
0.2
0.061
-0.061
-0.144
-0.194
-0.209
-0.192
-0.164
-0.143
-0.128
-0.122
-0.121
-0.118
-0.117
-0.117
-0.116
-0.115
-0.113
-0.112
-0.112
-0.111
-0.111
-0.111
-0.11
-0.107
-0.102
-0.092
-0.078
-0.062
-0.044
-0.025
-0.005
0.012
0.029
0.047
0.067
0.087
0.106
0.125
0.142
0.155
0.165
0.172
0.177
0.179
0.18
0.182
0.184
0.183
0.18
0.176
0.17
0.164
0.157
0.151
0.141
0.129
0.114
0.097
0.077
0.056
0.035
0.014
-0.005
-0.022
-0.038
-0.057
-0.075
-0.092
-0.107
-0.12
-0.13
-0.136
-0.145
-0.145
-0.144
-0.143
-0.141
-0.133
-0.132
-0.131
-0.129
-0.128
-0.127
-0.126
-0.125
-0.124
-0.122
-0.121
-0.12
-0.118
-0.116
-0.116
-0.116
-0.116
-0.115
-0.113
-0.111
-0.11
-0.108
-0.107
-0.106
-0.105
-0.11
-0.109
-0.108
-0.106
-0.104
-0.097
-0.096
-0.095
-0.095
-0.095
-0.094
-0.094
-0.093
-0.093
-0.091
-0.09
-0.089
-0.087
-0.085
-0.084
-0.084
-0.084
-0.082
-0.08
-0.075
-0.066
-0.054
-0.04
-0.023
-0.006
0.01
0.024
0.036
0.046
0.053
0.055
0.055
0.053
0.048
0.04
0.03
0.018
0.003
-0.014
-0.03
-0.044
-0.056
-0.065
-0.072
-0.077
-0.079
-0.08
-0.08
-0.079
-0.078
-0.077
-0.076
-0.075
-0.075
-0.074
-0.074
-0.075
-0.075
-0.075
-0.081
-0.081
-0.085
-0.093
-0.092
-0.063
-0.017
0.054
0.156
0.275
0.392
0.503
0.609
0.713
0.787
0.811
0.785
0.712
0.594
0.454
0.315
0.184
0.055
-0.06
-0.148
-0.201
-0.217
-0.201
-0.174
-0.151
-0.138
-0.131
-0.13
-0.129
