-0.055
-0.055
-0.053
-0.054
-0.054
-0.052
-0.051
-0.05
-0.049
-0.05
-0.051
-0.05
-0.05
-0.05
-0.049
-0.051
-0.052
-0.053
-0.053
-0.051
-0.036
-0.022
-0.007
0.007
0.021
0.022
0.013
0.006
-0.003
-0.014
-0.028
-0.033
-0.04
-0.044
-0.046
-0.046
-0.046
-0.045
-0.047
-0.047
-0.047
-0.047
-0.049
-0.049
-0.025
0.011
0.06
0.119
0.19
0.247
0.278
0.284
0.268
0.225
0.156
0.088
0.027
-0.019
-0.049
-0.066
-0.07
-0.067
-0.066
-0.066
-0.065
-0.065
-0.065
-0.064
-0.062
-0.057
-0.049
-0.039
-0.029
-0.02
-0.004
0.013
0.03
0.046
0.062
0.068
0.075
0.08
0.084
0.087
0.087
0.085
0.078
0.07
0.062
0.051
0.037
0.026
0.007
-0.011
-0.027
-0.041
-0.056
-0.061
-0.067
-0.07
-0.071
-0.07
-0.068
-0.066
-0.066
-0.064
-0.062
-0.063
-0.062
-0.06
-0.059
-0.06
-0.059
-0.057
-0.057
-0.057
-0.055
-0.055
-0.054
-0.052
-0.053
-0.053
-0.05
-0.049
-0.043
-0.037
-0.03
-0.025
-0.011
-0.002
0.009
0.018
0.024
0.02
0.008
-0.004
-0.017
-0.028
-0.041
-0.043
-0.047
-0.049
-0.049
-0.047
-0.046
-0.046
-0.046
-0.045
-0.045
-0.044
-0.046
-0.05
-0.004
0.054
0.126
0.21
0.308
0.36
0.343
0.302
0.237
0.147
0.035
-0.023
-0.057
-0.075
-0.079
-0.069
-0.055
-0.054
-0.054
-0.055
-0.054
-0.053
-0.052
-0.051
-0.044
-0.036
-0.025
-0.013
0.002
0.011
0.028
0.044
0.061
0.075
0.089
0.092
0.094
0.095
0.096
0.096
0.095
0.092
0.082
0.072
0.06
0.048
0.033
0.023
0.006
-0.01
-0.024
-0.036
-0.047
-0.051
-0.053
-0.053
-0.052
-0.05
-0.049
-0.048
-0.049
-0.051
-0.051
-0.05
-0.048
-0.047
-0.047
-0.047
-0.047
-0.045
-0.044
-0.043
-0.043
-0.043
-0.042
-0.041
-0.039
-0.039
-0.039
-0.04
-0.04
-0.038
-0.037
-0.037
-0.035
-0.031
-0.025
-0.017
-0.007
0.002
0.011
0.018
0.024
0.028
0.029
0.025
0.013
-0
