-0.05
-0.049
-0.05
-0.049
-0.046
-0.046
-0.044
-0.044
-0.045
-0.046
-0.045
-0.045
-0.043
-0.041
-0.038
-0.031
-0.022
-0.013
0.001
0.01
0.016
0.02
0.025
0.022
0.013
0.001
-0.013
-0.026
-0.036
-0.04
-0.04
-0.04
-0.042
-0.042
-0.041
-0.042
-0.04
-0.041
-0.043
-0.046
-0.05
-0.051
0.007
0.073
0.153
0.249
0.352
0.39
0.355
0.294
0.204
0.092
-0.02
-0.065
-0.086
-0.094
-0.089
-0.076
-0.064
-0.064
-0.062
-0.061
-0.062
-0.063
-0.062
-0.061
-0.052
-0.042
-0.032
-0.019
-0.003
0.006
0.025
0.041
0.055
0.068
0.082
0.084
0.087
0.088
0.086
0.082
0.081
0.078
0.068
0.056
0.041
0.024
0.008
-0.002
-0.017
-0.031
-0.047
-0.061
-0.071
-0.073
-0.071
-0.07
-0.069
-0.068
-0.067
-0.067
-0.064
-0.064
-0.065
-0.065
-0.064
-0.063
-0.061
-0.059
-0.059
-0.06
-0.06
-0.06
-0.058
-0.057
-0.058
-0.058
-0.057
-0.057
-0.054
-0.053
-0.053
-0.055
-0.054
-0.054
-0.049
-0.042
-0.036
-0.028
-0.017
-0.009
0.002
0.009
0.011
0.012
0.011
0.006
-0.007
-0.018
-0.032
-0.043
-0.051
-0.049
-0.046
-0.044
-0.045
-0.046
-0.045
-0.045
-0.043
-0.043
-0.048
-0.052
-0.043
-0.022
0.078
0.185
0.276
0.341
0.378
0.322
0.205
0.108
0.017
-0.056
-0.11
-0.098
-0.093
-0.078
-0.066
-0.059
-0.055
-0.052
-0.053
-0.051
-0.051
-0.052
-0.05
-0.045
-0.032
-0.018
-0.005
0.01
0.028
0.036
0.052
0.068
0.079
0.089
0.099
0.101
0.099
0.098
0.096
0.091
0.084
0.078
0.06
0.045
0.028
0.013
0
-0.003
-0.018
-0.029
-0.037
-0.046
-0.052
-0.049
-0.049
-0.049
-0.049
-0.051
-0.051
-0.048
-0.049
-0.047
-0.045
-0.042
-0.041
-0.041
-0.04
-0.04
-0.042
-0.043
-0.04
-0.038
-0.039
-0.039
-0.038
-0.036
-0.036
-0.035
-0.035
-0.036
-0.037
-0.037
-0.035
-0.032
-0.021
-0.011
0.002
0.015
0.028
0.031
0.029
0.022
0.016
0.008
