-0.04
-0.038
-0.037
-0.036
-0.036
-0.038
-0.038
-0.038
-0.028
-0.016
-0.004
0.006
0.018
0.023
0.025
0.026
0.022
0.014
0.005
-0.004
-0.013
-0.021
-0.029
-0.036
-0.04
-0.04
-0.039
-0.037
-0.036
-0.038
-0.038
-0.038
-0.04
-0.03
-0.009
0.021
0.065
0.123
0.215
0.282
0.322
0.336
0.325
0.256
0.156
0.074
0.008
-0.044
-0.081
-0.069
-0.061
-0.056
-0.055
-0.055
-0.056
-0.056
-0.056
-0.054
-0.051
-0.047
-0.041
-0.033
-0.016
0.001
0.018
0.034
0.05
0.061
0.072
0.083
0.089
0.09
0.086
0.077
0.068
0.06
0.038
0.021
0.003
-0.016
-0.036
-0.039
-0.049
-0.054
-0.059
-0.063
-0.066
-0.064
-0.065
-0.063
-0.062
-0.062
-0.062
-0.061
-0.062
-0.06
-0.059
-0.058
-0.057
-0.056
-0.058
-0.057
-0.058
-0.06
-0.061
-0.058
-0.057
-0.055
-0.054
-0.054
-0.055
-0.054
-0.054
-0.053
-0.052
-0.054
-0.052
-0.047
-0.035
-0.019
-0.005
0.005
0.014
0.016
0.011
0.006
-0.001
-0.013
-0.025
-0.033
-0.04
-0.043
-0.046
-0.049
-0.051
-0.051
-0.051
-0.05
-0.048
-0.048
-0.049
-0.048
-0.028
0.005
0.048
0.101
0.166
0.222
0.265
0.285
0.279
0.247
0.188
0.12
0.052
0.002
-0.034
-0.058
-0.07
-0.066
-0.065
-0.063
-0.061
-0.06
-0.061
-0.061
-0.06
-0.055
-0.048
-0.041
-0.033
-0.024
-0.006
0.012
0.031
0.047
0.064
0.071
0.078
0.084
0.088
0.089
0.088
0.087
0.082
0.077
0.07
0.06
0.048
0.037
0.02
0.004
-0.012
-0.03
-0.047
-0.056
-0.062
-0.065
-0.064
-0.063
-0.063
-0.062
-0.062
-0.061
-0.06
-0.06
-0.061
-0.06
-0.06
-0.058
-0.056
-0.055
-0.055
-0.053
-0.053
-0.052
-0.05
-0.049
-0.05
-0.05
-0.049
-0.048
-0.046
-0.046
-0.046
-0.045
-0.045
-0.043
-0.039
-0.036
-0.031
-0.025
-0.012
0.001
0.013
0.022
0.028
0.028
0.019
0.011
-0
-0.013
-0.028
-0.034
-0.04
-0.04
-0.04
-0.039
-0.039
-0.038
