0.165
0.171
0.174
0.177
0.179
0.181
0.182
0.18
0.178
0.175
0.169
0.163
0.157
0.15
0.141
0.129
0.104
0.087
0.068
0.048
0.028
0.017
-0.003
-0.019
-0.036
-0.053
-0.07
-0.088
-0.104
-0.117
-0.118
-0.125
-0.128
-0.127
-0.126
-0.133
-0.131
-0.129
-0.127
-0.125
-0.123
-0.122
-0.125
-0.125
-0.124
-0.123
-0.122
-0.116
-0.115
-0.114
-0.113
-0.112
-0.111
-0.11
-0.11
-0.11
-0.109
-0.108
-0.108
-0.107
-0.105
-0.105
-0.104
-0.103
-0.101
-0.099
-0.098
-0.097
-0.096
-0.095
-0.095
-0.093
-0.091
-0.091
-0.091
-0.09
-0.089
-0.089
-0.089
-0.088
-0.086
-0.086
-0.086
-0.085
-0.084
-0.082
-0.076
-0.065
-0.053
-0.038
-0.019
-0.001
0.015
0.028
0.039
0.047
0.051
0.053
0.054
0.051
0.045
0.036
0.024
0.011
-0.004
-0.021
-0.036
-0.051
-0.063
-0.071
-0.076
-0.08
-0.082
-0.082
-0.083
-0.083
-0.082
-0.081
-0.08
-0.08
-0.079
-0.078
-0.076
-0.075
-0.073
-0.073
-0.073
-0.074
-0.08
-0.09
-0.085
-0.056
-0.004
0.074
0.176
0.29
0.447
0.561
0.669
0.767
0.828
0.801
0.764
0.681
0.56
0.426
0.286
0.15
0.021
-0.086
-0.162
-0.206
-0.217
-0.197
-0.171
-0.152
-0.14
-0.135
-0.134
-0.133
-0.133
-0.132
-0.13
-0.129
-0.128
-0.126
-0.124
-0.123
-0.122
-0.12
-0.119
-0.115
-0.109
-0.099
-0.084
-0.067
-0.047
-0.028
-0.01
0.005
0.022
0.042
0.062
0.081
0.101
0.119
0.136
0.148
0.158
0.164
0.168
0.171
0.173
0.174
0.174
0.172
0.17
0.167
0.163
0.158
0.158
0.15
0.14
0.129
0.115
0.093
0.071
0.048
0.027
0.007
-0.013
-0.03
-0.047
-0.063
-0.079
-0.095
-0.112
-0.126
-0.134
-0.138
-0.14
-0.138
-0.137
-0.136
-0.136
-0.135
-0.134
-0.134
-0.133
-0.13
-0.121
-0.119
-0.118
-0.117
-0.116
-0.123
-0.122
-0.12
-0.117
-0.116
-0.114
-0.113
-0.113
-0.114
-0.114
-0.112
-0.111
-0.109
-0.106
-0.104
