-0.036
-0.039
-0.037
-0.025
0.044
0.13
0.231
0.333
0.416
0.426
0.356
0.261
0.147
0.037
-0.058
-0.082
-0.087
-0.079
-0.064
-0.053
-0.046
-0.046
-0.046
-0.047
-0.046
-0.045
-0.043
-0.041
-0.032
-0.021
-0.007
0.008
0.024
0.033
0.048
0.063
0.078
0.091
0.102
0.104
0.102
0.1
0.099
0.097
0.093
0.089
0.074
0.059
0.043
0.028
0.013
0.004
-0.013
-0.028
-0.04
-0.05
-0.059
-0.059
-0.061
-0.061
-0.062
-0.061
-0.059
-0.059
-0.059
-0.059
-0.058
-0.057
-0.056
-0.056
-0.057
-0.058
-0.057
-0.056
-0.054
-0.053
-0.054
-0.055
-0.057
-0.057
-0.055
-0.053
-0.052
-0.051
-0.045
-0.038
-0.029
-0.018
-0.005
0.002
0.006
0.008
0.008
0.006
0.003
-0.004
-0.015
-0.027
-0.038
-0.047
-0.053
-0.053
-0.054
-0.055
-0.052
-0.05
-0.05
-0.049
-0.051
-0.058
-0.059
-0.047
-0.023
0.014
0.112
0.214
0.299
0.36
0.395
0.356
0.242
0.126
0.028
-0.05
-0.112
-0.103
-0.088
-0.079
-0.072
-0.068
-0.066
-0.067
-0.065
-0.065
-0.065
-0.063
-0.059
-0.056
-0.037
-0.022
-0.005
0.013
0.032
0.036
0.052
0.063
0.072
0.081
0.089
0.087
0.086
0.082
0.078
0.075
0.071
0.064
0.047
0.029
0.011
-0.006
-0.022
-0.028
-0.039
-0.048
-0.057
-0.064
-0.068
-0.068
-0.068
-0.066
-0.064
-0.064
-0.064
-0.064
-0.065
-0.065
-0.063
-0.061
-0.061
-0.062
-0.061
-0.061
-0.062
-0.06
-0.058
-0.059
-0.056
-0.056
-0.056
-0.054
-0.052
-0.052
-0.05
-0.049
-0.049
-0.049
-0.046
-0.042
-0.03
-0.016
-0.002
0.011
0.02
0.023
0.015
0.009
0.002
-0.008
-0.021
-0.026
-0.033
-0.037
-0.039
-0.039
-0.039
-0.039
-0.04
-0.039
-0.037
-0.037
-0.038
-0.037
-0.016
0.019
0.065
0.122
0.19
0.248
0.286
0.299
0.288
0.25
0.185
0.117
0.052
0.004
-0.029
-0.049
-0.056
-0.053
-0.053
-0.052
-0.05
-0.049
-0.049
-0.048
-0.045
-0.04
-0.032
-0.023
-0.014
-0.004
0.012
0.029
0.048
0.066
0.081
0.088
0.094
0.1
0.105
0.107
0.107
0.105
0.097
0.088
0.079
0.068
0.045
0.026
0.005
-0.016
-0.037
-0.045
-0.052
-0.056
-0.056
-0.056
-0.055
-0.054
-0.054
-0.053
-0.051
-0.049
-0.049
-0.049
-0.05
-0.049
-0.048
-0.046
-0.046
-0.045
-0.045
-0.045
-0.044
-0.043
-0.042
-0.043
-0.041
-0.04
-0.039
-0.037
-0.037
-0.038
-0.036
-0.037
-0.034
-0.03
-0.024
-0.02
-0.008
0.004
0.015
0.024
0.03
0.029
0.019
0.008
-0.003
-0.014
-0.026
-0.031
-0.035
-0.037
-0.038
-0.038
-0.038
-0.038
-0.039
-0.038
-0.038
-0.038
-0.039
-0.045
-0.001
0.056
0.126
0.207
0.303
0.356
0.343
0.306
0.245
0.16
0.05
-0.012
-0.048
-0.071
-0.079
-0.072
-0.058
-0.058
-0.057
-0.057
-0.055
-0.054
-0.054
-0.053
-0.048
-0.041
-0.031
-0.019
-0.007
0.002
0.018
0.035
0.052
0.068
0.083
0.087
0.088
0.089
0.089
0.089
0.087
0.084
0.075
0.064
0.053
0.04
0.026
0.014
-0.004
-0.021
-0.036
-0.049
-0.061
-0.064
-0.067
-0.068
-0.068
-0.067
-0.066
-0.064
-0.064
-0.063
-0.061
-0.06
-0.06
-0.059
-0.06
-0.061
-0.06
-0.059
-0.057
-0.056
-0.057
-0.057
-0.057
-0.057
-0.055
-0.054
-0.054
-0.054
-0.054
-0.053
-0.053
-0.053
-0.052
-0.048
-0.035
-0.02
-0.004
0.008
0.013
0.009
-0.003
-0.017
-0.03
-0.037
-0.046
-0.048
-0.049
-0.049
-0.05
-0.049
-0.048
-0.048
-0.049
-0.049
-0.051
-0.055
-0.057
-0.049
0.018
0.098
0.194
0.299
0.39
0.406
0.346
0.26
0.151
0.037
-0.062
-0.092
-0.101
-0.097
-0.084
-0.072
-0.063
-0.063
-0.062
-0.061
-0.061
-0.061
-0.057
-0.052
-0.044
-0.033
-0.019
-0.005
0.007
0.016
0.034
0.049
0.063
0.076
0.088
0.091
0.091
0.09
0.089
0.087
0.085
0.081
0.067
0.052
0.037
0.022
0.006
0.001
-0.015
-0.03
-0.044
-0.054
-0.063
-0.063
-0.061
-0.061
