-0.016
-0.018
-0.031
-0.039
-0.048
-0.056
-0.061
-0.058
-0.059
-0.058
-0.057
-0.057
-0.057
-0.056
-0.056
-0.056
-0.057
-0.057
-0.055
-0.052
-0.053
-0.05
-0.05
-0.051
-0.05
-0.049
-0.047
-0.043
-0.041
-0.043
-0.042
-0.044
-0.045
-0.044
-0.04
-0.035
-0.022
-0.01
0.003
0.016
0.028
0.03
0.025
0.017
0.009
-0
-0.011
-0.018
-0.025
-0.032
-0.037
-0.038
-0.037
-0.036
-0.034
-0.034
-0.034
-0.032
-0.031
-0.032
-0.013
0.016
0.057
0.112
0.179
0.236
0.28
0.297
0.291
0.261
0.207
0.141
0.072
0.017
-0.023
-0.047
-0.057
-0.052
-0.05
-0.05
-0.05
-0.05
-0.047
-0.046
-0.044
-0.04
-0.034
-0.026
-0.015
-0.005
0.011
0.026
0.042
0.059
0.076
0.084
0.091
0.095
0.098
0.101
0.104
0.102
0.097
0.087
0.077
0.068
0.058
0.048
0.029
0.01
-0.008
-0.025
-0.039
-0.044
-0.049
-0.054
-0.057
-0.057
-0.056
-0.055
-0.053
-0.054
-0.055
-0.053
-0.052
-0.051
-0.049
-0.05
-0.052
-0.051
-0.05
-0.049
-0.048
-0.047
-0.049
-0.048
-0.048
-0.048
-0.048
-0.049
-0.051
-0.05
-0.048
-0.047
-0.045
-0.045
-0.044
-0.04
-0.033
-0.026
-0.011
0.001
0.01
0.019
0.027
0.026
0.017
0.006
-0.008
-0.021
-0.032
-0.038
-0.041
-0.044
-0.046
-0.046
-0.044
-0.044
-0.043
-0.043
-0.045
-0.046
-0.046
-0.049
-0.007
0.045
0.095
0.131
0.158
0.128
0.074
0.01
-0.028
-0.054
-0.067
-0.067
-0.053
-0.053
-0.052
-0.052
-0.054
-0.054
-0.054
-0.054
-0.046
-0.038
-0.029
-0.018
-0.003
0.006
0.023
0.04
0.054
0.069
0.084
0.088
0.093
0.095
0.094
0.094
0.094
0.092
0.086
0.077
0.064
0.05
0.037
0.027
0.011
-0.006
-0.024
-0.04
-0.053
-0.058
-0.058
-0.058
-0.059
-0.06
-0.058
-0.059
-0.057
-0.056
-0.056
-0.056
-0.053
-0.052
-0.05
-0.05
-0.052
-0.054
-0.053
-0.054
-0.053
-0.051
-0.049
-0.05
-0.048
-0.048
-0.05
-0.051
