-0.005
0.013
0.025
0.037
0.047
0.055
0.06
0.065
0.065
0.063
0.057
0.047
0.034
0.02
0.005
-0.012
-0.029
-0.042
-0.053
-0.06
-0.065
-0.067
-0.068
-0.069
-0.069
-0.068
-0.067
-0.066
-0.065
-0.065
-0.066
-0.065
-0.068
-0.067
-0.067
-0.066
-0.066
-0.063
-0.071
-0.079
-0.068
-0.033
0.026
0.111
0.275
0.389
0.508
0.624
0.732
0.763
0.812
0.811
0.76
0.663
0.536
0.4
0.26
0.123
-0.003
-0.102
-0.171
-0.206
-0.207
-0.182
-0.157
-0.139
-0.129
-0.125
-0.124
-0.123
-0.121
-0.12
-0.119
-0.118
-0.117
-0.118
-0.117
-0.116
-0.115
-0.114
-0.111
-0.106
-0.097
-0.086
-0.071
-0.053
-0.034
-0.015
0.003
0.019
0.036
0.056
0.075
0.093
0.112
0.129
0.145
0.157
0.166
0.172
0.176
0.177
0.179
0.18
0.181
0.18
0.178
0.174
0.168
0.161
0.155
0.146
0.136
0.123
0.109
0.09
0.067
0.045
0.026
0.007
-0.012
-0.029
-0.047
-0.065
-0.083
-0.101
-0.114
-0.127
-0.135
-0.138
-0.137
-0.139
-0.137
-0.135
-0.134
-0.134
-0.132
-0.13
-0.129
-0.128
-0.127
-0.126
-0.125
-0.124
-0.123
-0.121
-0.12
-0.12
-0.119
-0.119
-0.118
-0.116
-0.115
-0.114
-0.113
-0.112
-0.111
-0.11
-0.109
-0.107
-0.105
-0.104
-0.103
-0.102
-0.101
-0.1
-0.099
-0.098
-0.097
-0.096
-0.095
-0.094
-0.093
-0.093
-0.092
-0.092
-0.092
-0.091
-0.09
-0.089
-0.088
-0.088
-0.086
-0.083
-0.076
-0.064
-0.05
-0.032
-0.014
0.003
0.019
0.032
0.043
0.049
0.049
0.049
0.047
0.044
0.038
0.031
0.02
0.006
-0.011
-0.028
-0.044
-0.057
-0.069
-0.077
-0.081
-0.083
-0.083
-0.083
-0.083
-0.082
-0.081
-0.081
-0.079
-0.078
-0.078
-0.077
-0.07
-0.069
-0.068
-0.067
-0.066
-0.073
-0.081
-0.09
-0.08
-0.048
0.011
0.103
0.219
0.332
0.441
0.552
0.665
0.762
0.811
0.809
0.758
0.654
0.518
0.384
0.255
0.124
-0.009
-0.115
-0.182
-0.215
