-0.068
-0.068
-0.074
-0.083
-0.078
-0.052
-0.003
0.077
0.189
0.308
0.418
0.527
0.637
0.742
0.807
0.82
0.784
0.698
0.565
0.425
0.293
0.165
0.035
-0.08
-0.159
-0.201
-0.209
-0.188
-0.161
-0.142
-0.13
-0.126
-0.124
-0.122
-0.119
-0.117
-0.116
-0.113
-0.111
-0.11
-0.109
-0.109
-0.108
-0.109
-0.108
-0.105
-0.098
-0.088
-0.073
-0.054
-0.036
-0.018
-0.001
0.018
0.036
0.054
0.073
0.092
0.112
0.131
0.147
0.159
0.169
0.176
0.181
0.184
0.186
0.188
0.189
0.188
0.185
0.182
0.177
0.171
0.164
0.156
0.147
0.134
0.118
0.1
0.08
0.06
0.04
0.02
-0.001
-0.018
-0.034
-0.05
-0.068
-0.086
-0.103
-0.115
-0.124
-0.129
-0.129
-0.127
-0.125
-0.124
-0.116
-0.114
-0.113
-0.112
-0.11
-0.116
-0.116
-0.115
-0.114
-0.113
-0.112
-0.11
-0.109
-0.108
-0.107
-0.105
-0.103
-0.101
-0.099
-0.097
-0.097
-0.096
-0.095
-0.094
-0.093
-0.092
-0.09
-0.089
-0.088
-0.088
-0.08
-0.079
-0.078
-0.076
-0.074
-0.081
-0.08
-0.08
-0.08
-0.079
-0.078
-0.078
-0.077
-0.077
-0.076
-0.075
-0.075
-0.074
-0.073
-0.07
-0.065
-0.055
-0.041
-0.025
-0.008
0.011
0.028
0.041
0.051
0.061
0.067
0.07
0.07
0.068
0.063
0.053
0.041
0.027
0.011
-0.006
-0.023
-0.038
-0.05
-0.059
-0.063
-0.065
-0.065
-0.066
-0.066
-0.065
-0.064
-0.064
-0.063
-0.064
-0.065
-0.065
-0.065
-0.066
-0.066
-0.065
-0.064
-0.064
-0.07
-0.079
-0.072
-0.043
0.011
0.092
0.196
0.307
0.423
0.54
0.651
0.748
0.806
0.817
0.777
0.689
0.567
0.434
0.296
0.156
0.025
-0.081
-0.154
-0.195
-0.203
-0.183
-0.158
-0.14
-0.127
-0.122
-0.12
-0.118
-0.117
-0.116
-0.115
-0.115
-0.114
-0.113
-0.113
-0.112
-0.109
-0.107
-0.106
-0.102
-0.095
-0.085
-0.071
-0.054
-0.035
-0.017
0.002
0.02
0.037
0.056
0.076
0.095
0.113
0.13
0.146
0.159
