0.029
-0.027
-0.059
-0.077
-0.081
-0.07
-0.054
-0.052
-0.051
-0.053
-0.054
-0.052
-0.05
-0.05
-0.041
-0.035
-0.027
-0.015
0.001
0.009
0.027
0.043
0.058
0.073
0.089
0.092
0.094
0.094
0.093
0.093
0.093
0.09
0.08
0.067
0.052
0.037
0.024
0.014
-0.002
-0.02
-0.036
-0.049
-0.059
-0.062
-0.061
-0.062
-0.063
-0.062
-0.06
-0.06
-0.058
-0.058
-0.059
-0.059
-0.057
-0.057
-0.056
-0.057
-0.059
-0.059
-0.056
-0.056
-0.055
-0.056
-0.058
-0.058
-0.057
-0.057
-0.055
-0.057
-0.059
-0.058
-0.056
-0.055
-0.047
-0.043
-0.038
-0.03
-0.018
-0.012
-0.003
0.003
0.006
0.008
0.008
0.005
-0.007
-0.019
-0.032
-0.043
-0.051
-0.051
-0.051
-0.05
-0.05
-0.051
-0.051
-0.05
-0.054
-0.056
-0.059
-0.062
-0.059
-0.043
0.053
0.137
0.234
0.336
0.419
0.403
0.309
0.215
0.097
-0.015
-0.107
-0.102
-0.105
-0.095
-0.082
-0.072
-0.065
-0.063
-0.062
-0.062
-0.063
-0.064
-0.063
-0.06
-0.046
-0.034
-0.02
-0.005
0.013
0.02
0.037
0.051
0.062
0.074
0.085
0.087
0.089
0.09
0.088
0.084
0.076
0.068
0.051
0.033
0.016
0.001
-0.016
-0.024
-0.038
-0.05
-0.057
-0.062
-0.067
-0.065
-0.065
-0.065
-0.063
-0.061
-0.061
-0.059
-0.06
-0.061
-0.059
-0.057
-0.056
-0.056
-0.057
-0.058
-0.058
-0.056
-0.054
-0.053
-0.053
-0.054
-0.052
-0.049
-0.048
-0.048
-0.048
-0.049
-0.047
-0.044
-0.042
-0.042
-0.034
-0.024
-0.011
0.004
0.018
0.022
0.022
0.018
0.015
0.011
0.004
-0.003
-0.014
-0.024
-0.03
-0.034
-0.036
-0.036
-0.038
-0.039
-0.015
-0.003
0.023
0.062
0.107
0.139
0.223
0.281
0.316
0.328
0.314
0.246
0.148
0.067
0.006
-0.039
-0.071
-0.061
-0.054
-0.053
-0.052
-0.049
-0.046
-0.046
-0.047
-0.048
-0.046
-0.04
-0.031
-0.021
0.002
0.017
0.033
0.051
0.068
0.07
0.083
0.09
0.096
0.104
0.109
0.106
