0.027
0.045
0.063
0.072
0.082
0.087
0.09
0.093
0.095
0.092
0.085
0.077
0.068
0.06
0.048
0.039
0.022
0.003
-0.015
-0.03
-0.044
-0.052
-0.057
-0.061
-0.063
-0.061
-0.059
-0.058
-0.058
-0.059
-0.059
-0.059
-0.057
-0.057
-0.055
-0.055
-0.055
-0.053
-0.052
-0.052
-0.051
-0.051
-0.052
-0.05
-0.048
-0.048
-0.046
-0.046
-0.046
-0.045
-0.044
-0.044
-0.043
-0.044
-0.042
-0.038
-0.03
-0.023
-0.009
0.003
0.014
0.023
0.031
0.03
0.022
0.01
-0.002
-0.015
-0.025
-0.03
-0.033
-0.035
-0.036
-0.035
-0.034
-0.034
-0.033
-0.034
-0.034
-0.034
-0.033
-0.037
0.003
0.055
0.118
0.195
0.287
0.342
0.339
0.308
0.252
0.174
0.073
0.009
-0.029
-0.055
-0.067
-0.065
-0.05
-0.05
-0.048
-0.048
-0.049
-0.049
-0.047
-0.047
-0.04
-0.032
-0.022
-0.011
0.004
0.013
0.029
0.045
0.061
0.076
0.091
0.095
0.099
0.1
0.1
0.101
0.102
0.099
0.09
0.078
0.064
0.051
0.038
0.028
0.013
-0.005
-0.022
-0.037
-0.05
-0.054
-0.055
-0.056
-0.057
-0.057
-0.056
-0.055
-0.054
-0.053
-0.052
-0.054
-0.054
-0.053
-0.052
-0.053
-0.052
-0.05
-0.049
-0.048
-0.047
-0.048
-0.049
-0.05
-0.049
-0.05
-0.048
-0.049
-0.05
-0.05
-0.048
-0.048
-0.044
-0.041
-0.036
-0.029
-0.019
-0.011
0.002
0.01
0.015
0.019
0.021
0.017
0.007
-0.005
-0.02
-0.035
-0.047
-0.049
-0.049
-0.047
-0.047
-0.049
-0.052
-0.047
-0.03
0.001
0.09
0.167
0.246
0.328
0.4
0.398
0.32
0.242
0.137
0.02
-0.083
-0.089
-0.102
-0.101
-0.09
-0.078
-0.069
-0.067
-0.066
-0.065
-0.065
-0.065
-0.063
-0.061
-0.048
-0.031
-0.015
0.002
0.021
0.03
0.042
0.052
0.06
0.07
0.076
0.078
0.079
0.079
0.077
0.076
0.074
0.073
0.057
0.044
0.027
0.011
-0.004
-0.007
-0.021
-0.035
-0.051
-0.065
-0.075
-0.077
-0.075
-0.071
-0.07
-0.07
