-0.193
-0.215
-0.205
-0.177
-0.151
-0.136
-0.128
-0.127
-0.127
-0.126
-0.125
-0.123
-0.121
-0.119
-0.118
-0.118
-0.127
-0.127
-0.127
-0.126
-0.124
-0.109
-0.1
-0.087
-0.069
-0.05
-0.032
-0.015
0.001
0.018
0.036
0.054
0.073
0.094
0.115
0.132
0.146
0.156
0.163
0.169
0.172
0.174
0.176
0.176
0.175
0.174
0.172
0.168
0.162
0.156
0.15
0.141
0.13
0.117
0.1
0.08
0.059
0.039
0.018
-0.003
-0.022
-0.039
-0.056
-0.073
-0.09
-0.108
-0.122
-0.132
-0.138
-0.141
-0.141
-0.14
-0.139
-0.137
-0.136
-0.135
-0.132
-0.13
-0.129
-0.127
-0.128
-0.128
-0.128
-0.127
-0.126
-0.122
-0.122
-0.12
-0.119
-0.118
-0.116
-0.114
-0.112
-0.111
-0.111
-0.111
-0.112
-0.111
-0.11
-0.108
-0.107
-0.105
-0.104
-0.103
-0.104
-0.103
-0.102
-0.101
-0.1
-0.098
-0.098
-0.097
-0.097
-0.095
-0.094
-0.092
-0.092
-0.091
-0.091
-0.091
-0.09
-0.09
-0.089
-0.085
-0.075
-0.063
-0.048
-0.031
-0
0.017
0.032
0.045
0.055
0.048
0.052
0.053
0.051
0.048
0.041
0.03
0.016
0.002
-0.014
-0.031
-0.046
-0.06
-0.07
-0.077
-0.08
-0.082
-0.082
-0.082
-0.083
-0.083
-0.082
-0.081
-0.079
-0.077
-0.076
-0.075
-0.074
-0.074
-0.074
-0.073
-0.072
-0.075
-0.083
-0.087
-0.068
-0.025
0.045
0.141
0.25
0.361
0.52
0.636
0.742
0.821
0.852
0.789
0.719
0.608
0.477
0.345
0.208
0.069
-0.052
-0.14
-0.194
-0.216
-0.206
-0.178
-0.155
-0.141
-0.133
-0.131
-0.129
-0.128
-0.126
-0.125
-0.124
-0.123
-0.123
-0.121
-0.112
-0.11
-0.108
-0.105
-0.103
-0.105
-0.095
-0.082
-0.066
-0.047
-0.027
-0.009
0.008
0.023
0.04
0.06
0.08
0.099
0.117
0.134
0.147
0.158
0.166
0.172
0.175
0.178
0.18
0.181
0.18
0.178
0.174
0.169
0.163
0.158
0.152
0.143
0.132
0.119
0.103
0.085
0.063
0.042
0.022
0.003
-0.015
-0.032
