-0.114
-0.125
-0.131
-0.135
-0.135
-0.133
-0.131
-0.129
-0.128
-0.126
-0.124
-0.124
-0.124
-0.123
-0.121
-0.12
-0.119
-0.117
-0.116
-0.115
-0.115
-0.114
-0.112
-0.111
-0.109
-0.107
-0.105
-0.104
-0.102
-0.1
-0.1
-0.099
-0.098
-0.098
-0.097
-0.096
-0.094
-0.092
-0.091
-0.09
-0.088
-0.087
-0.087
-0.086
-0.085
-0.085
-0.084
-0.084
-0.083
-0.082
-0.081
-0.079
-0.078
-0.077
-0.076
-0.075
-0.072
-0.068
-0.059
-0.049
-0.035
-0.018
-0.001
0.014
0.028
0.04
0.05
0.058
0.061
0.063
0.062
0.058
0.052
0.042
0.031
0.017
0
-0.017
-0.04
-0.053
-0.063
-0.07
-0.073
-0.066
-0.066
-0.066
-0.066
-0.066
-0.065
-0.064
-0.064
-0.064
-0.063
-0.064
-0.064
-0.063
-0.063
-0.063
-0.063
-0.065
-0.072
-0.079
-0.064
-0.027
0.034
0.123
0.239
0.359
0.505
0.613
0.719
0.808
0.852
0.81
0.754
0.652
0.515
0.373
0.239
0.111
-0.011
-0.11
-0.175
-0.204
-0.199
-0.173
-0.148
-0.131
-0.122
-0.119
-0.118
-0.117
-0.116
-0.115
-0.114
-0.112
-0.111
-0.109
-0.107
-0.105
-0.104
-0.103
-0.094
-0.089
-0.081
-0.07
-0.053
-0.041
-0.023
-0.005
0.012
0.028
0.046
0.065
0.083
0.101
0.121
0.14
0.154
0.165
0.173
0.178
0.18
0.182
0.183
0.185
0.185
0.184
0.182
0.177
0.172
0.166
0.15
0.142
0.131
0.119
0.103
0.092
0.071
0.05
0.03
0.009
-0.011
-0.028
-0.044
-0.059
-0.075
-0.094
-0.109
-0.121
-0.129
-0.132
-0.132
-0.13
-0.128
-0.127
-0.126
-0.125
-0.123
-0.122
-0.121
-0.119
-0.115
-0.114
-0.113
-0.112
-0.112
-0.113
-0.113
-0.113
-0.112
-0.112
-0.111
-0.11
-0.109
-0.109
-0.107
-0.105
-0.104
-0.102
-0.1
-0.1
-0.099
-0.099
-0.098
-0.097
-0.096
-0.095
-0.093
-0.092
-0.091
-0.091
-0.09
-0.089
-0.09
-0.088
-0.079
-0.079
-0.079
-0.078
-0.077
-0.084
-0.083
-0.082
-0.081
-0.077
-0.069
-0.057
-0.043
-0.027
