-0.05
-0.051
-0.049
-0.049
-0.052
-0.056
-0.051
-0.035
-0.005
0.04
0.142
0.235
0.306
0.354
0.378
0.328
0.214
0.108
0.017
-0.054
-0.106
-0.094
-0.08
-0.072
-0.068
-0.068
-0.068
-0.069
-0.067
-0.064
-0.059
-0.053
-0.037
-0.023
-0.008
0.008
0.026
0.035
0.05
0.061
0.07
0.078
0.086
0.088
0.088
0.085
0.08
0.074
0.069
0.063
0.049
0.031
0.012
-0.006
-0.022
-0.03
-0.04
-0.05
-0.059
-0.066
-0.07
-0.07
-0.068
-0.068
-0.068
-0.068
-0.066
-0.064
-0.062
-0.062
-0.062
-0.062
-0.06
-0.059
-0.057
-0.057
-0.058
-0.059
-0.057
-0.057
-0.055
-0.054
-0.054
-0.054
-0.052
-0.05
-0.047
-0.047
-0.048
-0.05
-0.048
-0.046
-0.034
-0.021
-0.01
0.003
0.015
0.018
0.014
0.012
0.005
-0.004
-0.013
-0.016
-0.026
-0.033
-0.04
-0.045
-0.046
-0.043
-0.04
-0.038
-0.04
-0.042
-0.041
-0.042
-0.036
-0.018
0.009
0.047
0.1
0.157
0.234
0.284
0.306
0.304
0.28
0.211
0.124
0.053
-0.004
-0.047
-0.073
-0.064
-0.057
-0.054
-0.054
-0.055
-0.054
-0.054
-0.051
-0.047
-0.043
-0.039
-0.032
-0.023
-0.006
0.012
0.029
0.045
0.062
0.071
0.082
0.091
0.096
0.099
0.102
0.101
0.099
0.095
0.087
0.077
0.068
0.059
0.044
0.028
0.01
-0.008
-0.025
-0.034
-0.041
-0.046
-0.052
-0.056
-0.056
-0.056
-0.053
-0.051
-0.051
-0.053
-0.051
-0.052
-0.053
-0.051
-0.048
-0.048
-0.047
-0.045
-0.045
-0.046
-0.045
-0.045
-0.043
-0.041
-0.042
-0.043
-0.043
-0.044
-0.042
-0.04
-0.04
-0.04
-0.036
-0.032
-0.018
-0.004
0.007
0.016
0.025
0.025
0.022
0.017
0.008
-0.005
-0.018
-0.027
-0.032
-0.036
-0.039
-0.041
-0.042
-0.04
-0.039
-0.038
-0.038
-0.039
-0.04
-0.04
-0.011
0.029
0.078
0.138
0.212
0.269
0.296
0.3
0.276
0.225
0.15
0.082
0.026
-0.014
-0.042
-0.059
-0.059
-0.058
-0.059
-0.059
-0.058
-0.059
