0.119
0.136
0.15
0.162
0.17
0.176
0.189
0.191
0.192
0.194
0.193
0.181
0.177
0.172
0.165
0.16
0.153
0.145
0.134
0.119
0.104
0.086
0.065
0.043
0.024
0.005
-0.014
-0.032
-0.051
-0.07
-0.087
-0.104
-0.118
-0.13
-0.137
-0.14
-0.139
-0.137
-0.136
-0.134
-0.141
-0.14
-0.14
-0.138
-0.136
-0.126
-0.125
-0.123
-0.123
-0.122
-0.121
-0.119
-0.117
-0.116
-0.115
-0.115
-0.114
-0.113
-0.111
-0.11
-0.109
-0.108
-0.106
-0.105
-0.104
-0.103
-0.102
-0.102
-0.102
-0.101
-0.099
-0.099
-0.098
-0.097
-0.096
-0.096
-0.095
-0.093
-0.092
-0.091
-0.091
-0.09
-0.09
-0.091
-0.089
-0.088
-0.088
-0.087
-0.084
-0.079
-0.071
-0.059
-0.044
-0.026
-0.009
0.006
0.02
0.032
0.041
0.048
0.04
0.04
0.038
0.034
0.027
0.027
0.014
0.001
-0.017
-0.035
-0.049
-0.061
-0.071
-0.078
-0.08
-0.081
-0.081
-0.081
-0.081
-0.081
-0.081
-0.081
-0.08
-0.079
-0.078
-0.077
-0.076
-0.076
-0.076
-0.076
-0.094
-0.099
-0.108
-0.109
-0.087
-0.025
0.044
0.145
0.265
0.381
0.49
0.597
0.703
0.782
0.812
0.79
0.721
0.603
0.461
0.323
0.193
0.065
-0.053
-0.144
-0.199
-0.217
-0.203
-0.175
-0.153
-0.138
-0.13
-0.129
-0.128
-0.126
-0.124
-0.124
-0.123
-0.122
-0.12
-0.12
-0.119
-0.117
-0.116
-0.116
-0.114
-0.108
-0.099
-0.086
-0.067
-0.048
-0.03
-0.012
0.005
0.022
0.041
0.06
0.079
0.099
0.12
0.137
0.15
0.16
0.168
0.173
0.171
0.174
0.175
0.176
0.175
0.179
0.175
0.171
0.165
0.159
0.152
0.143
0.131
0.117
0.101
0.081
0.06
0.04
0.019
-0.002
-0.021
-0.037
-0.053
-0.07
-0.089
-0.107
-0.12
-0.129
-0.135
-0.137
-0.137
-0.135
-0.134
-0.132
-0.129
-0.126
-0.125
-0.123
-0.122
-0.121
-0.12
-0.119
-0.118
-0.117
-0.117
-0.116
-0.116
-0.114
-0.112
-0.111
-0.11
-0.108
-0.107
-0.106
-0.104
-0.103
