-0.046
-0.046
-0.047
-0.049
-0.049
-0.049
-0.047
-0.046
-0.045
-0.044
-0.045
-0.046
-0.043
-0.038
-0.026
-0.014
-0
0.011
0.018
0.018
0.017
0.013
0.007
0.001
-0.012
-0.024
-0.034
-0.041
-0.049
-0.05
-0.049
-0.049
-0.05
-0.049
-0.048
-0.048
-0.021
-0.007
0.019
0.058
0.107
0.138
0.192
0.244
0.272
0.277
0.257
0.214
0.129
0.051
-0.007
-0.05
-0.08
-0.078
-0.071
-0.07
-0.069
-0.066
-0.064
-0.065
-0.061
-0.061
-0.058
-0.052
-0.044
-0.039
-0.017
-0.001
0.015
0.033
0.051
0.055
0.066
0.073
0.078
0.083
0.086
0.083
0.079
0.073
0.067
0.06
0.051
0.043
0.023
0.003
-0.021
-0.042
-0.061
-0.068
-0.075
-0.076
-0.076
-0.075
-0.073
-0.071
-0.071
-0.07
-0.071
-0.07
-0.068
-0.067
-0.067
-0.066
-0.066
-0.064
-0.062
-0.061
-0.062
-0.061
-0.061
-0.06
-0.058
-0.057
-0.054
-0.051
-0.049
-0.046
-0.041
-0.035
-0.023
-0.01
0.001
0.01
0.014
0.013
0.003
-0.007
-0.018
-0.031
-0.044
-0.048
-0.054
-0.055
-0.054
-0.053
-0.054
-0.052
-0.054
-0.053
-0.051
-0.05
-0.054
-0.057
-0.01
0.05
0.123
0.208
0.307
0.36
0.341
0.298
0.231
0.138
0.022
-0.034
-0.065
-0.083
-0.085
-0.074
-0.062
-0.063
-0.061
-0.06
-0.058
-0.055
-0.054
-0.055
-0.049
-0.04
-0.029
-0.016
-0.002
0.007
0.022
0.039
0.056
0.071
0.084
0.088
0.09
0.092
0.094
0.095
0.092
0.088
0.075
0.065
0.053
0.041
0.025
0.017
-0.002
-0.018
-0.033
-0.045
-0.056
-0.058
-0.06
-0.059
-0.058
-0.056
-0.055
-0.054
-0.054
-0.054
-0.052
-0.05
-0.049
-0.049
-0.049
-0.049
-0.047
-0.046
-0.046
-0.046
-0.047
-0.047
-0.046
-0.044
-0.044
-0.043
-0.044
-0.044
-0.043
-0.042
-0.043
-0.043
-0.041
-0.036
-0.028
-0.019
-0.008
0.001
0.01
0.018
0.011
0.004
-0.005
-0.018
-0.032
-0.033
-0.034
-0.035
-0.034
-0.033
-0.033
-0.034
-0.034
-0.034
