-0.019
-0.019
-0.024
-0.032
-0.032
-0.028
-0.027
-0.028
-0.026
-0.026
-0.03
-0.036
-0.028
-0.022
-0.018
-0.011
0.005
0.008
0.015
0.023
0.032
0.03
0.019
0.007
-0.01
-0.023
-0.033
-0.035
-0.037
-0.041
-0.045
-0.045
-0.043
-0.042
-0.043
-0.042
-0.046
-0.054
-0.059
-0.048
0.018
0.102
0.203
0.31
0.4
0.418
0.351
0.261
0.154
0.05
-0.042
-0.063
-0.075
-0.076
-0.078
-0.079
-0.078
-0.076
-0.074
-0.072
-0.063
-0.053
-0.039
-0.023
-0.006
0.004
0.021
0.035
0.051
0.065
0.078
0.082
0.084
0.081
-0.002
-0.018
-0.055
-0.224
-0.488
-0.583
-0.685
-0.682
-0.534
-0.354
-0.324
-0.316
-0.538
-0.679
-0.769
-0.883
-1.059
-1.073
-1.165
-1.147
-1.031
-0.984
-0.89
-0.805
-0.816
-0.918
-0.94
-1.024
-1.079
-1.114
-1.079
-1.066
-1.058
-1.082
-1.027
-0.972
-0.862
-0.835
-0.825
-0.904
-0.774
-0.677
-0.478
-0.379
-0.367
-0.506
-0.476
-0.473
-0.335
-0.251
-0.294
-0.462
-0.459
-0.49
-0.367
-0.289
-0.328
-0.495
-0.511
-0.554
-0.456
-0.395
-0.427
-0.58
-0.724
-0.744
-0.609
-0.521
-0.508
-0.462
-0.501
-0.418
-0.184
-0.02
0.008
0.001
-0.227
-0.358
-0.307
-0.271
-0.358
-0.353
-0.487
-0.526
-0.384
-0.246
-0.254
-0.231
-0.391
-0.475
-0.398
-0.327
-0.375
-0.382
-0.534
-0.661
-0.609
-0.554
-0.541
-0.527
-0.583
-0.652
-0.611
-0.591
-0.576
-0.567
-0.599
-0.657
-0.656
-0.652
-0.648
-0.646
-0.653
-0.661
-0.672
-0.681
-0.689
-0.69
-0.695
-0.699
-0.702
-0.703
-0.7
-0.694
-0.687
-0.68
-0.674
-0.667
-0.66
-0.653
-0.646
-0.627
-0.587
-0.578
-0.57
-0.564
-0.57
-0.563
-0.448
-0.401
-0.394
-0.387
-0.411
-0.401
-0.198
-0.037
0.045
0.256
0.401
0.403
0.404
0.478
0.435
0.425
0.449
0.567
0.644
0.698
0.705
0.695
0.684
0.725
0.759
0.744
0.728
0.711
0.695
0.682
0.673
0.666
0.66
0.652
0.644
0.638
0.633
0.627
