-0.03
-0.023
-0.016
-0.008
0.002
0.009
0.016
0.023
0.026
0.025
0.023
0.021
0.006
-0.005
-0.018
-0.031
-0.04
-0.037
-0.038
-0.036
-0.034
-0.035
-0.035
-0.032
-0.031
-0.032
0.067
0.155
0.239
0.335
0.423
0.394
0.286
0.191
0.076
-0.025
-0.108
-0.095
-0.09
-0.075
-0.064
-0.058
-0.056
-0.053
-0.056
-0.056
-0.053
-0.05
-0.046
-0.039
-0.024
-0.009
0.007
0.023
0.041
0.05
0.062
0.071
0.078
0.086
0.092
0.093
0.091
0.087
0.083
0.078
0.072
0.066
0.049
0.031
0.012
-0.005
-0.021
-0.03
-0.04
-0.051
-0.058
-0.063
-0.065
-0.065
-0.065
-0.066
-0.068
-0.068
-0.066
-0.065
-0.064
-0.064
-0.064
-0.063
-0.062
-0.061
-0.06
-0.06
-0.06
-0.059
-0.058
-0.058
-0.056
-0.057
-0.057
-0.055
-0.053
-0.054
-0.052
-0.053
-0.053
-0.052
-0.05
-0.047
-0.037
-0.027
-0.015
-0.003
0.01
0.013
0.012
0.006
-0.002
-0.011
-0.02
-0.028
-0.036
-0.044
-0.049
-0.052
-0.051
-0.051
-0.049
-0.05
-0.052
-0.051
-0.049
-0.049
-0.016
0.003
0.034
0.077
0.133
0.165
0.207
0.247
0.262
0.255
0.224
0.182
0.106
0.038
-0.015
-0.051
-0.072
-0.07
-0.066
-0.066
-0.068
-0.068
-0.067
-0.066
-0.06
-0.057
-0.054
-0.047
-0.037
-0.031
-0.009
0.008
0.023
0.041
0.059
0.063
0.073
0.079
0.083
0.087
0.091
0.09
0.087
0.08
0.072
0.063
0.054
0.044
0.028
0.011
-0.008
-0.025
-0.039
-0.047
-0.053
-0.058
-0.062
-0.064
-0.063
-0.062
-0.06
-0.059
-0.059
-0.058
-0.056
-0.056
-0.055
-0.055
-0.057
-0.057
-0.055
-0.055
-0.053
-0.052
-0.053
-0.052
-0.051
-0.05
-0.048
-0.047
-0.048
-0.048
-0.046
-0.047
-0.044
-0.044
-0.044
-0.041
-0.035
-0.03
-0.015
-0.001
0.01
0.019
0.029
0.03
0.024
0.016
0.005
-0.008
-0.019
-0.025
-0.029
-0.033
-0.035
-0.037
-0.037
-0.037
-0.036
-0.035
-0.036
-0.035
-0.032
-0.032
-0.001
0.041
0.093
0.157
0.235
0.292
0.313
0.306
0.274
0.218
0.138
0.07
0.02
-0.018
-0.045
-0.057
-0.052
-0.051
-0.048
-0.047
-0.047
-0.048
-0.046
-0.046
-0.041
-0.035
-0.027
-0.018
-0.006
0.003
0.022
0.039
0.055
0.071
0.087
0.092
0.1
0.103
0.102
0.102
0.102
0.098
0.093
0.084
0.073
0.061
0.049
0.039
0.024
0.007
-0.012
-0.03
-0.045
-0.051
-0.053
-0.054
-0.053
-0.053
-0.051
-0.05
-0.049
-0.049
-0.05
-0.051
-0.05
-0.05
-0.048
-0.046
-0.047
-0.047
-0.046
-0.045
-0.046
-0.046
-0.044
-0.045
-0.046
-0.045
-0.043
-0.044
-0.047
-0.047
-0.045
-0.046
-0.044
-0.04
-0.037
-0.032
-0.025
-0.017
-0.004
0.007
0.013
0.018
0.022
0.019
0.011
-0
-0.013
-0.026
-0.037
-0.042
-0.045
-0.045
-0.046
-0.047
-0.047
-0.046
-0.046
-0.046
-0.048
-0.049
-0.052
-0.053
0.022
0.086
0.162
0.253
0.356
0.38
0.325
0.245
0.142
0.028
-0.086
-0.102
-0.101
-0.089
-0.079
-0.071
-0.064
-0.062
-0.062
-0.06
-0.06
-0.061
-0.06
-0.057
-0.048
-0.037
-0.028
-0.016
-0.001
0.006
0.024
0.042
0.056
0.068
0.081
0.085
0.089
0.091
0.077
0.065
0.047
0.029
0.012
0.01
-0.011
-0.024
-0.04
-0.054
-0.066
-0.063
-0.064
-0.063
-0.062
-0.061
-0.061
-0.059
-0.059
-0.06
-0.061
-0.061
-0.058
-0.057
-0.057
-0.057
-0.057
-0.057
-0.055
-0.055
-0.056
-0.057
-0.056
-0.055
-0.053
-0.052
-0.053
-0.054
-0.054
-0.053
-0.051
-0.05
-0.043
-0.036
-0.026
-0.014
-0
0.007
0.012
0.012
0.011
0.008
0.004
-0.003
-0.015
-0.027
-0.037
-0.044
-0.048
-0.048
-0.048
-0.049
-0.049
-0.048
-0.045
-0.044
-0.047
-0.052
-0.048
-0.031
-0.002
0.042
0.143
0.238
0.312
0.361
0.385
0.336
0.22
0.113
0.023
-0.047
-0.099
-0.086
-0.073
-0.066
-0.061
-0.059
-0.058
-0.057
-0.055
-0.055
-0.055
-0.052
-0.046
-0.041
-0.027
-0.013
0.002
0.019
