-0.003
-0.013
-0.021
-0.029
-0.037
-0.036
-0.037
-0.036
-0.034
-0.033
-0.033
-0.033
-0.029
-0.014
0.014
0.056
0.109
0.168
0.25
0.325
0.275
0.209
0.141
0.033
-0.077
-0.068
-0.057
-0.054
-0.048
-0.047
-0.049
-0.049
-0.049
-0.048
-0.045
-0.043
-0.04
-0.036
-0.017
-0.001
0.017
0.035
0.05
0.055
0.068
0.078
0.088
0.096
0.101
0.102
0.098
0.097
0.094
0.087
0.078
0.072
0.051
0.029
0.007
-0.014
-0.034
-0.042
-0.048
-0.052
-0.057
-0.061
-0.061
-0.06
-0.059
-0.058
-0.058
-0.058
-0.058
-0.057
-0.056
-0.055
-0.057
-0.058
-0.057
-0.056
-0.054
-0.053
-0.053
-0.053
-0.052
-0.051
-0.05
-0.05
-0.051
-0.053
-0.052
-0.051
-0.05
-0.048
-0.049
-0.051
-0.048
-0.043
-0.03
-0.016
-0.004
0.005
0.014
0.016
0.013
0.007
-0.003
-0.015
-0.027
-0.033
-0.038
-0.041
-0.045
-0.048
-0.048
-0.047
-0.046
-0.045
-0.046
-0.048
-0.048
-0.048
-0.02
0.019
0.069
0.128
0.201
0.258
0.287
0.291
0.267
0.218
0.145
0.078
0.022
-0.019
-0.048
-0.065
-0.068
-0.066
-0.065
-0.063
-0.062
-0.063
-0.062
-0.061
-0.056
-0.049
-0.042
-0.035
-0.025
-0.015
0.003
0.022
0.038
0.053
0.069
0.075
0.08
0.086
0.088
0.089
0.088
0.089
0.078
0.071
0.06
0.047
0.034
0.029
0.014
-0.001
-0.019
-0.036
-0.051
-0.058
-0.064
-0.065
-0.065
-0.065
-0.065
-0.062
-0.061
-0.059
-0.059
-0.059
-0.06
-0.059
-0.057
-0.055
-0.054
-0.056
-0.056
-0.056
-0.055
-0.053
-0.051
-0.051
-0.052
-0.052
-0.05
-0.048
-0.047
-0.047
-0.047
-0.048
-0.047
-0.044
-0.041
-0.038
-0.032
-0.025
-0.011
0.002
0.012
0.019
0.024
0.023
0.015
0.006
-0.005
-0.019
-0.032
-0.036
-0.038
-0.038
-0.038
-0.039
-0.04
-0.039
-0.037
-0.035
-0.033
-0.035
-0.04
-0.045
0.004
0.064
0.136
0.221
0.321
0.373
0.355
0.314
0.245
0.148
0.031
-0.027
-0.057
-0.073
-0.075
-0.066
-0.054
-0.054
-0.053
-0.05
-0.048
-0.047
-0.047
-0.046
-0.039
-0.03
-0.019
-0.008
0.005
0.014
0.032
0.05
0.067
0.08
0.093
0.096
0.099
0.102
0.104
0.102
0.1
0.097
0.088
0.079
0.067
0.051
0.034
0.023
0.006
-0.009
-0.023
-0.038
-0.052
-0.055
-0.055
-0.052
-0.049
-0.048
-0.047
-0.046
-0.046
-0.044
-0.043
-0.045
-0.047
-0.048
-0.049
-0.048
-0.046
-0.046
-0.046
-0.046
-0.044
-0.042
-0.04
-0.04
-0.041
-0.042
-0.042
-0.041
-0.039
-0.039
-0.04
-0.039
-0.037
-0.031
-0.022
-0.015
-0.007
0.001
0.01
0.018
0.025
0.028
0.026
0.022
0.008
-0.003
-0.015
-0.026
-0.038
-0.039
-0.04
-0.039
-0.038
-0.038
-0.039
-0.038
-0.038
-0.037
-0.038
-0.043
-0.044
-0.031
0.039
0.126
0.226
0.326
0.407
0.415
0.346
0.254
0.141
0.029
-0.07
-0.094
-0.099
-0.091
-0.078
-0.066
-0.059
-0.057
-0.054
-0.051
-0.05
-0.053
-0.055
-0.055
-0.041
-0.029
-0.014
0.003
0.018
0.023
0.039
0.054
0.069
0.081
0.089
0.089
0.088
0.088
0.089
0.088
0.084
0.081
0.063
0.049
0.02
-0.007
-0.035
-0.05
-0.068
-0.069
-0.07
-0.07
-0.069
-0.068
-0.068
-0.067
-0.066
-0.064
-0.061
-0.06
-0.06
-0.06
-0.06
-0.059
-0.057
-0.055
-0.056
-0.058
-0.058
-0.059
-0.058
-0.056
-0.056
-0.056
-0.056
-0.056
-0.055
-0.054
-0.054
-0.054
-0.044
-0.036
-0.024
-0.012
0
0.002
0.005
0.003
-0.002
-0.008
-0.016
-0.023
-0.031
-0.036
-0.042
-0.048
-0.051
-0.051
-0.049
-0.047
-0.047
-0.048
-0.047
-0.046
-0.043
-0.028
-0.004
0.031
0.079
0.137
0.19
0.246
0.275
0.279
0.259
0.22
0.129
0.055
-0.004
-0.05
-0.08
-0.07
-0.063
-0.059
-0.058
-0.059
-0.059
-0.058
-0.057
-0.055
-0.053
-0.049
-0.042
-0.032
-0.014
0.005
0.022
0.037
0.052
0.062
0.073
0.082
0.088
0.091
0.093
0.093
0.091
0.088
0.082
0.073
