0.029
0.018
-0.003
-0.021
-0.039
-0.055
-0.07
-0.072
-0.071
-0.073
-0.073
-0.07
-0.066
-0.065
-0.063
-0.063
-0.064
-0.065
-0.065
-0.065
-0.062
-0.061
-0.062
-0.061
-0.059
-0.059
-0.056
-0.055
-0.055
-0.055
-0.053
-0.053
-0.053
-0.053
-0.054
-0.054
-0.053
-0.051
-0.046
-0.043
-0.041
-0.035
-0.026
-0.019
-0.007
0.004
0.01
0.015
0.019
0.018
0.005
-0.006
-0.019
-0.032
-0.042
-0.042
-0.045
-0.045
-0.047
-0.047
-0.046
-0.043
-0.043
-0.043
-0.043
-0.046
-0.05
-0.05
0.029
0.097
0.177
0.273
0.378
0.395
0.335
0.275
0.188
0.078
-0.025
-0.033
-0.054
-0.062
-0.056
-0.053
-0.054
-0.054
-0.055
-0.054
-0.052
-0.049
-0.038
-0.026
-0.016
-0.004
0.012
0.019
0.037
0.055
0.069
0.083
0.096
0.098
0.099
0.101
0.099
0.098
0.097
0.098
0.083
0.068
0.051
0.031
0.01
0.002
-0.013
-0.027
-0.038
-0.046
-0.052
-0.051
-0.052
-0.052
-0.052
-0.05
-0.049
-0.047
-0.048
-0.048
-0.047
-0.046
-0.045
-0.043
-0.043
-0.043
-0.041
-0.039
-0.037
-0.037
-0.038
-0.041
-0.042
-0.041
-0.038
-0.036
-0.033
-0.032
-0.031
-0.033
-0.026
-0.019
-0.009
0.004
0.018
0.024
0.027
0.027
0.026
0.023
0.017
0.009
-0.004
-0.017
-0.027
-0.033
-0.037
-0.038
-0.039
-0.04
-0.041
-0.041
-0.038
-0.037
-0.041
-0.045
-0.037
-0.017
0.015
0.061
0.162
0.252
0.319
0.362
0.38
0.325
0.215
0.111
0.026
-0.04
-0.089
-0.082
-0.069
-0.063
-0.06
-0.057
-0.056
-0.058
-0.056
-0.058
-0.058
-0.055
-0.049
-0.044
-0.024
-0.009
0.007
0.024
0.041
0.045
0.06
0.069
0.077
0.086
0.092
0.09
0.089
0.085
0.081
0.077
0.072
0.065
0.049
0.031
0.014
-0.003
-0.018
-0.028
-0.04
-0.052
-0.06
-0.066
-0.068
-0.067
-0.066
-0.068
-0.069
-0.068
-0.066
-0.065
-0.064
-0.066
-0.067
-0.066
-0.064
-0.063
-0.062
-0.062
-0.063
-0.062
-0.061
-0.06
-0.059
-0.059
-0.06
-0.06
-0.057
-0.056
-0.055
-0.055
-0.055
-0.056
-0.054
-0.053
-0.042
-0.031
-0.018
-0.004
0.009
0.012
0.011
0.006
-0.002
-0.009
-0.018
-0.026
-0.034
-0.042
-0.048
-0.052
-0.052
-0.052
-0.051
-0.052
-0.053
-0.053
-0.052
-0.052
-0.044
-0.026
0.005
0.047
0.101
0.158
0.204
0.246
0.194
0.134
0.067
0.002
-0.074
-0.067
-0.063
-0.063
-0.064
-0.064
-0.062
-0.06
-0.057
-0.055
-0.051
-0.045
-0.035
-0.026
-0.007
0.01
0.024
0.04
0.058
0.066
0.077
0.084
0.09
0.094
0.097
0.097
0.095
0.089
0.08
0.072
0.063
0.053
0.036
0.018
-0.001
-0.018
-0.033
-0.042
-0.047
-0.052
-0.057
-0.06
-0.059
-0.059
-0.058
-0.057
-0.058
-0.058
-0.056
-0.055
-0.052
-0.051
-0.051
-0.052
-0.051
-0.051
-0.049
-0.049
-0.05
-0.049
-0.048
-0.049
-0.048
-0.046
-0.046
-0.045
-0.044
-0.044
-0.045
-0.042
-0.036
-0.03
-0.014
-0.001
0.011
0.021
0.03
0.03
0.025
0.018
0.007
-0.005
-0.016
-0.023
-0.028
-0.032
-0.035
-0.035
-0.034
-0.034
-0.032
-0.031
-0.032
-0.031
-0.029
-0.029
0.023
0.088
0.163
0.248
0.344
0.391
0.361
0.331
0.278
0.204
0.113
0.074
0.022
-0.017
-0.044
-0.056
-0.054
-0.052
-0.052
-0.051
-0.053
-0.053
-0.051
-0.049
-0.042
-0.036
-0.029
-0.02
-0.008
-0.001
0.02
0.038
0.053
0.069
0.085
0.089
0.094
0.098
0.099
0.099
0.1
0.099
0.088
0.08
0.068
0.056
0.043
0.038
0.016
-0
-0.018
-0.035
-0.049
-0.049
-0.053
-0.054
-0.056
-0.057
-0.057
-0.055
-0.055
-0.054
-0.055
-0.055
-0.054
-0.051
-0.051
-0.05
-0.051
-0.052
-0.051
-0.049
-0.049
-0.048
-0.049
-0.049
-0.049
-0.047
-0.047
-0.045
-0.043
-0.043
-0.043
-0.042
-0.04
-0.036
-0.029
-0.019
-0.008
0.002
0.009
0.014
0.019
0.021
0.021
0.016
0.003
-0.012
-0.025
-0.035
-0.043
-0.044
-0.045
-0.047
-0.047
-0.046
