0.018
0.032
0.051
0.059
0.063
0.065
0.064
0.052
0.046
0.037
0.025
0.012
-0.003
-0.02
-0.035
-0.048
-0.059
-0.068
-0.074
-0.076
-0.076
-0.076
-0.076
-0.076
-0.081
-0.081
-0.081
-0.079
-0.078
-0.072
-0.071
-0.071
-0.07
-0.068
-0.067
-0.066
-0.071
-0.081
-0.073
-0.043
0.008
0.087
0.198
0.319
0.433
0.542
0.649
0.748
0.808
0.817
0.778
0.69
0.56
0.418
0.283
0.155
0.028
-0.082
-0.161
-0.202
-0.207
-0.185
-0.157
-0.137
-0.126
-0.122
-0.121
-0.121
-0.12
-0.118
-0.116
-0.115
-0.112
-0.111
-0.11
-0.109
-0.105
-0.104
-0.103
-0.099
-0.092
-0.083
-0.069
-0.05
-0.03
-0.012
0.004
0.022
0.048
0.067
0.086
0.105
0.125
0.136
0.151
0.162
0.171
0.177
0.182
0.186
0.188
0.19
0.191
0.189
0.186
0.182
0.177
0.172
0.165
0.157
0.147
0.135
0.119
0.101
0.081
0.06
0.039
0.019
-0.007
-0.025
-0.042
-0.058
-0.075
-0.087
-0.103
-0.115
-0.123
-0.127
-0.128
-0.127
-0.125
-0.124
-0.123
-0.122
-0.121
-0.119
-0.118
-0.117
-0.115
-0.114
-0.112
-0.111
-0.11
-0.109
-0.107
-0.107
-0.106
-0.104
-0.102
-0.101
-0.101
-0.099
-0.097
-0.097
-0.096
-0.094
-0.094
-0.093
-0.093
-0.092
-0.092
-0.091
-0.089
-0.087
-0.086
-0.085
-0.084
-0.084
-0.083
-0.082
-0.089
-0.088
-0.088
-0.087
-0.087
-0.077
-0.076
-0.075
-0.073
-0.071
-0.071
-0.068
-0.046
-0.035
-0.021
-0.005
0.011
0.012
0.026
0.039
0.049
0.055
0.06
0.062
0.061
0.058
0.053
0.044
0.032
0.018
0.004
-0.011
-0.027
-0.042
-0.054
-0.061
-0.066
-0.067
-0.066
-0.067
-0.067
-0.067
-0.059
-0.058
-0.058
-0.057
-0.059
-0.067
-0.067
-0.066
-0.065
-0.063
-0.062
-0.062
-0.068
-0.077
-0.07
-0.039
0.018
0.103
0.21
0.319
0.431
0.546
0.66
0.755
0.809
0.815
0.771
0.677
0.551
0.42
0.288
0.149
0.014
-0.092
-0.151
-0.189
-0.194
-0.171
