0.018
0.09
0.195
0.269
0.38
0.489
0.602
0.714
0.794
0.822
0.802
0.729
0.608
0.47
0.339
0.209
0.074
-0.053
-0.144
-0.197
-0.215
-0.201
-0.171
-0.149
-0.135
-0.129
-0.127
-0.126
-0.129
-0.128
-0.126
-0.125
-0.124
-0.118
-0.118
-0.117
-0.117
-0.117
-0.116
-0.114
-0.108
-0.099
-0.085
-0.068
-0.049
-0.031
-0.012
0.007
0.024
0.041
0.059
0.077
0.097
0.118
0.135
0.148
0.158
0.166
0.172
0.174
0.176
0.178
0.179
0.178
0.176
0.173
0.169
0.163
0.156
0.149
0.14
0.127
0.111
0.094
0.075
0.054
0.034
0.013
-0.006
-0.024
-0.04
-0.057
-0.076
-0.094
-0.11
-0.124
-0.135
-0.142
-0.145
-0.144
-0.143
-0.141
-0.137
-0.136
-0.135
-0.133
-0.131
-0.133
-0.132
-0.13
-0.129
-0.127
-0.126
-0.125
-0.124
-0.123
-0.122
-0.12
-0.118
-0.117
-0.115
-0.115
-0.114
-0.112
-0.11
-0.11
-0.109
-0.108
-0.108
-0.107
-0.107
-0.106
-0.104
-0.102
-0.1
-0.098
-0.096
-0.096
-0.096
-0.095
-0.094
-0.093
-0.092
-0.09
-0.09
-0.09
-0.088
-0.086
-0.086
-0.084
-0.082
-0.08
-0.076
-0.066
-0.055
-0.041
-0.025
-0.007
0.009
0.023
0.035
0.045
0.052
0.055
0.055
0.054
0.051
0.042
0.03
0.018
0.004
-0.015
-0.035
-0.051
-0.071
-0.08
-0.085
-0.086
-0.087
-0.079
-0.079
-0.078
-0.078
-0.077
-0.084
-0.084
-0.084
-0.083
-0.082
-0.075
-0.074
-0.074
-0.073
-0.072
-0.075
-0.084
-0.031
-0.01
0.035
0.104
0.201
0.257
0.377
0.495
0.606
0.709
0.785
0.813
0.791
0.72
0.606
0.471
0.33
0.19
0.058
-0.058
-0.142
-0.197
-0.216
-0.203
-0.176
-0.155
-0.14
-0.133
-0.132
-0.131
-0.129
-0.128
-0.126
-0.124
-0.122
-0.12
-0.119
-0.119
-0.125
-0.124
-0.124
-0.121
-0.115
-0.098
-0.085
-0.068
-0.049
-0.031
-0.014
0.003
0.018
0.036
0.056
0.075
0.094
0.113
0.13
0.144
0.154
0.162
0.168
0.171
0.173
0.175
