-0.12
-0.119
-0.119
-0.119
-0.118
-0.117
-0.115
-0.114
-0.112
-0.111
-0.11
-0.109
-0.107
-0.106
-0.105
-0.104
-0.102
-0.1
-0.099
-0.098
-0.097
-0.096
-0.096
-0.096
-0.094
-0.094
-0.093
-0.092
-0.09
-0.089
-0.088
-0.087
-0.087
-0.087
-0.087
-0.087
-0.086
-0.086
-0.084
-0.082
-0.081
-0.079
-0.077
-0.076
-0.075
-0.075
-0.074
-0.072
-0.068
-0.06
-0.048
-0.035
-0.018
-0
0.016
0.03
0.042
0.052
0.056
0.058
0.057
0.055
0.05
0.044
0.033
0.022
0.007
-0.009
-0.026
-0.041
-0.053
-0.062
-0.068
-0.072
-0.074
-0.075
-0.076
-0.076
-0.075
-0.074
-0.072
-0.072
-0.073
-0.073
-0.072
-0.072
-0.072
-0.07
-0.071
-0.071
-0.074
-0.082
-0.085
-0.064
-0.023
0.043
0.138
0.253
0.372
0.486
0.594
0.698
0.778
0.811
0.795
0.73
0.618
0.481
0.34
0.204
0.075
-0.043
-0.134
-0.191
-0.212
-0.201
-0.175
-0.152
-0.137
-0.131
-0.13
-0.128
-0.127
-0.126
-0.125
-0.123
-0.121
-0.12
-0.119
-0.118
-0.118
-0.117
-0.116
-0.114
-0.108
-0.098
-0.085
-0.069
-0.051
-0.032
-0.015
0.002
0.018
0.037
0.057
0.076
0.095
0.115
0.133
0.146
0.155
0.162
0.175
0.179
0.181
0.184
0.185
0.176
0.174
0.17
0.165
0.159
0.153
0.146
0.137
0.126
0.114
0.097
0.077
0.055
0.036
0.016
-0.004
-0.023
-0.04
-0.057
-0.074
-0.092
-0.11
-0.124
-0.135
-0.142
-0.144
-0.143
-0.142
-0.14
-0.139
-0.138
-0.137
-0.135
-0.134
-0.132
-0.131
-0.13
-0.129
-0.128
-0.127
-0.124
-0.123
-0.121
-0.12
-0.119
-0.118
-0.117
-0.116
-0.115
-0.115
-0.114
-0.112
-0.11
-0.11
-0.109
-0.107
-0.106
-0.105
-0.104
-0.102
-0.101
-0.1
-0.099
-0.099
-0.099
-0.099
-0.099
-0.098
-0.098
-0.097
-0.095
-0.094
-0.094
-0.092
-0.091
-0.091
-0.09
-0.089
-0.088
-0.083
-0.074
-0.062
-0.046
-0.029
-0.012
0.005
0.02
0.032
0.041
0.047
0.049
0.05
0.049
