0.051
0.043
0.032
0.02
0.006
-0.009
-0.027
-0.044
-0.056
-0.065
-0.071
-0.074
-0.075
-0.075
-0.076
-0.076
-0.076
-0.075
-0.075
-0.074
-0.067
-0.066
-0.066
-0.065
-0.064
-0.071
-0.07
-0.069
-0.072
-0.081
-0.083
-0.064
-0.02
0.046
0.141
0.253
0.371
0.489
0.599
0.703
0.781
0.812
0.795
0.728
0.618
0.486
0.347
0.208
0.075
-0.042
-0.129
-0.187
-0.21
-0.199
-0.172
-0.15
-0.135
-0.126
-0.124
-0.123
-0.121
-0.12
-0.118
-0.118
-0.117
-0.115
-0.114
-0.113
-0.111
-0.109
-0.108
-0.105
-0.099
-0.09
-0.078
-0.062
-0.043
-0.024
-0.006
0.011
0.028
0.047
0.065
0.083
0.105
0.124
0.14
0.156
0.168
0.172
0.177
0.181
0.183
0.185
0.186
0.185
0.184
0.18
0.177
0.172
0.166
0.159
0.151
0.14
0.127
0.112
0.093
0.071
0.049
0.029
0.01
-0.008
-0.025
-0.041
-0.071
-0.088
-0.107
-0.122
-0.133
-0.125
-0.128
-0.127
-0.125
-0.124
-0.122
-0.12
-0.118
-0.117
-0.115
-0.114
-0.113
-0.112
-0.111
-0.11
-0.109
-0.108
-0.106
-0.105
-0.104
-0.102
-0.1
-0.098
-0.097
-0.096
-0.094
-0.094
-0.094
-0.093
-0.092
-0.091
-0.09
-0.089
-0.087
-0.087
-0.086
-0.084
-0.084
-0.083
-0.082
-0.08
-0.079
-0.078
-0.076
-0.075
-0.075
-0.075
-0.067
-0.066
-0.065
-0.065
-0.064
-0.071
-0.07
-0.069
-0.064
-0.056
-0.045
-0.03
-0.012
0.006
0.022
0.037
0.051
0.06
0.065
0.068
0.068
0.065
0.06
0.053
0.042
0.029
0.014
-0.002
-0.018
-0.032
-0.045
-0.054
-0.061
-0.064
-0.065
-0.065
-0.066
-0.066
-0.065
-0.065
-0.064
-0.063
-0.062
-0.061
-0.06
-0.059
-0.058
-0.057
-0.056
-0.055
-0.058
-0.069
-0.073
-0.055
-0.015
0.054
0.157
0.272
0.381
0.49
0.603
0.715
0.796
0.825
0.807
0.736
0.616
0.48
0.351
0.222
0.086
-0.041
-0.131
-0.186
-0.207
-0.195
-0.165
-0.143
-0.129
-0.122
-0.119
-0.119
-0.118
-0.116
