-0.044
-0.045
-0.044
-0.045
-0.046
-0.045
-0.045
-0.045
-0.044
-0.046
-0.046
-0.045
-0.043
-0.04
-0.026
-0.014
-0.002
0.011
0.023
0.023
0.018
0.012
0.002
-0.01
-0.023
-0.028
-0.035
-0.038
-0.039
-0.039
-0.041
-0.04
-0.041
-0.041
-0.04
-0.039
-0.04
-0.041
-0.011
0.031
0.084
0.148
0.225
0.281
0.299
0.295
0.265
0.208
0.125
0.057
0.003
-0.035
-0.057
-0.067
-0.064
-0.062
-0.062
-0.061
-0.06
-0.06
-0.06
-0.059
-0.056
-0.049
-0.04
-0.03
-0.019
-0.01
0.005
0.022
0.04
0.056
0.07
0.076
0.08
0.083
0.086
0.087
0.086
0.084
0.076
0.068
0.059
0.048
0.033
0.023
0.005
-0.012
-0.027
-0.042
-0.057
-0.064
-0.068
-0.071
-0.07
-0.068
-0.068
-0.067
-0.067
-0.067
-0.066
-0.065
-0.064
-0.063
-0.064
-0.064
-0.062
-0.061
-0.062
-0.062
-0.061
-0.061
-0.059
-0.057
-0.057
-0.058
-0.057
-0.056
-0.055
-0.053
-0.053
-0.054
-0.05
-0.049
-0.045
-0.038
-0.026
-0.022
-0.009
0.001
0.01
0.013
0.017
0.014
0.001
-0.011
-0.023
-0.034
-0.045
-0.046
-0.047
-0.047
-0.045
-0.044
-0.045
-0.046
-0.047
-0.047
-0.046
-0.045
-0.048
-0.051
-0
0.064
0.141
0.232
0.334
0.381
0.351
0.297
0.22
0.118
0.001
-0.049
-0.076
-0.089
-0.086
-0.072
-0.059
-0.058
-0.058
-0.058
-0.058
-0.056
-0.056
-0.055
-0.048
-0.038
-0.027
-0.013
0
0.009
0.025
0.042
0.058
0.074
0.087
0.09
0.091
0.092
0.093
0.094
0.092
0.09
0.079
0.067
0.055
0.042
0.027
0.016
-0.001
-0.018
-0.033
-0.045
-0.056
-0.058
-0.059
-0.059
-0.058
-0.057
-0.056
-0.055
-0.054
-0.054
-0.052
-0.052
-0.052
-0.052
-0.052
-0.052
-0.05
-0.048
-0.047
-0.047
-0.047
-0.046
-0.045
-0.043
-0.041
-0.04
-0.042
-0.042
-0.041
-0.04
-0.039
-0.037
-0.034
-0.029
-0.022
-0.013
-0.003
0.005
0.013
0.02
0.026
0.03
0.03
0.024
0.011
-0.004
