-0.055
-0.053
-0.053
-0.055
-0.053
-0.053
-0.052
-0.05
-0.051
-0.052
-0.051
-0.051
-0.049
-0.048
-0.036
-0.024
-0.013
-0
0.015
0.016
0.01
0.001
-0.011
-0.024
-0.035
-0.04
-0.043
-0.044
-0.046
-0.049
-0.05
-0.048
-0.047
-0.045
-0.004
0.046
0.105
0.179
0.267
0.323
0.297
0.274
0.223
0.147
0.047
0.011
-0.03
-0.056
-0.072
-0.074
-0.062
-0.061
-0.061
-0.059
-0.058
-0.059
-0.059
-0.057
-0.049
-0.04
-0.031
-0.021
-0.009
-0.001
0.018
0.036
0.052
0.067
0.081
0.085
0.092
0.096
0.097
0.096
0.095
0.092
0.086
0.078
0.067
0.052
0.038
0.027
0.011
-0.004
-0.02
-0.037
-0.05
-0.055
-0.055
-0.053
-0.052
-0.053
-0.053
-0.052
-0.051
-0.048
-0.047
-0.049
-0.05
-0.05
-0.049
-0.047
-0.046
-0.046
-0.046
-0.045
-0.044
-0.042
-0.043
-0.044
-0.045
-0.045
-0.043
-0.04
-0.039
-0.039
-0.039
-0.039
-0.037
-0.033
-0.028
-0.023
-0.015
-0.006
0.006
0.016
0.024
0.028
0.03
0.027
0.018
0.007
-0.006
-0.02
-0.033
-0.036
-0.036
-0.034
-0.033
-0.033
-0.034
-0.034
-0.033
-0.031
-0.03
-0.035
-0.041
-0.038
0.024
0.098
0.187
0.287
0.385
0.413
0.367
0.297
0.2
0.081
-0.029
-0.068
-0.083
-0.082
-0.07
-0.058
-0.05
-0.05
-0.049
-0.047
-0.045
-0.047
-0.047
-0.048
-0.038
-0.026
-0.012
-0
0.015
0.023
0.04
0.057
0.074
0.085
0.095
0.096
0.098
0.099
0.1
0.097
0.094
0.091
0.081
0.069
0.056
0.039
0.021
0.01
-0.008
-0.022
-0.035
-0.05
-0.062
-0.063
-0.063
-0.061
-0.06
-0.061
-0.062
-0.062
-0.062
-0.06
-0.058
-0.058
-0.059
-0.058
-0.057
-0.056
-0.055
-0.056
-0.058
-0.057
-0.057
-0.055
-0.053
-0.053
-0.053
-0.053
-0.053
-0.052
-0.051
-0.052
-0.055
-0.055
-0.05
-0.042
-0.032
-0.022
-0.011
-0.003
0.004
0.01
0.014
0.013
0.009
0.002
-0.011
-0.022
-0.032
-0.043
-0.052
-0.052
-0.053
-0.053
-0.051
-0.051
-0.053
-0.051
-0.056
-0.057
-0.059
-0.056
-0.044
-0.013
0.09
0.19
0.291
0.369
0.422
0.384
0.271
0.157
0.048
-0.045
-0.122
-0.11
-0.1
-0.085
-0.074
-0.067
-0.066
-0.064
-0.064
-0.062
-0.059
-0.058
-0.058
-0.055
-0.041
-0.026
-0.01
0.006
0.021
0.028
0.042
0.056
0.069
0.079
0.085
0.085
0.083
0.084
0.083
0.08
0.075
0.071
0.052
0.032
0.011
-0.008
-0.028
-0.037
-0.046
-0.054
-0.061
-0.067
-0.068
-0.067
-0.065
-0.061
-0.06
-0.062
-0.064
-0.064
-0.064
-0.064
-0.064
-0.061
-0.057
-0.055
-0.054
-0.053
-0.053
-0.054
-0.053
-0.052
-0.049
-0.048
-0.049
-0.05
-0.05
-0.049
-0.048
-0.047
-0.048
-0.05
-0.048
-0.044
-0.03
-0.016
-0.01
-0.003
-0.001
-0.008
-0.015
-0.019
-0.026
-0.031
-0.037
-0.041
-0.042
-0.041
-0.04
-0.038
-0.038
-0.039
-0.039
-0.038
-0.024
0.002
0.038
0.085
0.146
0.204
0.263
0.295
0.3
0.279
0.235
0.167
0.093
0.034
-0.011
-0.043
-0.06
-0.054
-0.049
-0.047
-0.047
-0.047
-0.047
-0.047
-0.045
-0.041
-0.037
-0.032
-0.023
-0.013
0.006
0.024
0.041
0.056
0.073
0.081
0.092
0.1
0.103
0.099
0.09
0.078
0.068
0.057
0.041
0.026
0.009
-0.01
-0.026
-0.035
-0.043
-0.046
-0.049
-0.051
-0.051
-0.049
-0.049
-0.047
-0.046
-0.046
-0.045
-0.043
-0.044
-0.043
-0.045
-0.046
-0.047
-0.043
-0.044
-0.04
-0.04
-0.04
-0.04
-0.038
-0.037
-0.035
-0.036
-0.038
-0.038
-0.038
-0.037
-0.034
-0.031
-0.031
-0.027
-0.021
-0.007
0.007
0.018
0.026
0.033
0.032
0.026
0.019
0.009
-0.005
-0.018
-0.025
-0.029
-0.031
-0.031
-0.032
-0.035
-0.038
-0.039
-0.04
-0.003
0.045
0.103
0.171
0.254
0.31
0.32
0.306
0.266
0.198
0.105
0.036
-0.01
-0.041
-0.059
-0.065
-0.058
-0.057
-0.056
-0.054
-0.054
-0.055
-0.056
-0.057
-0.051
-0.042
-0.032
-0.022
