-0.064
-0.063
-0.063
-0.062
-0.059
-0.057
-0.055
-0.048
-0.034
-0.016
0.002
0.019
0.042
0.058
0.07
0.079
0.089
0.089
0.084
0.083
0.08
0.075
0.067
0.062
0.042
0.027
0.011
-0.007
-0.025
-0.03
-0.042
-0.051
-0.057
-0.063
-0.067
-0.066
-0.067
-0.065
-0.064
-0.063
-0.064
-0.063
-0.064
-0.063
-0.062
-0.061
-0.063
-0.062
-0.061
-0.059
-0.056
-0.055
-0.056
-0.056
-0.057
-0.055
-0.053
-0.051
-0.052
-0.051
-0.051
-0.05
-0.048
-0.047
-0.047
-0.045
-0.031
-0.018
-0.003
0.01
0.021
0.021
0.019
0.015
0.003
-0.008
-0.024
-0.035
-0.046
-0.046
-0.046
-0.042
-0.04
-0.039
-0.04
-0.039
-0.009
0.034
0.088
0.156
0.235
0.293
0.31
0.303
0.268
0.208
0.125
0.058
0.009
-0.027
-0.051
-0.062
-0.057
-0.055
-0.052
-0.049
-0.049
-0.049
-0.048
-0.048
-0.043
-0.036
-0.03
-0.02
-0.008
0.002
0.021
0.039
0.055
0.07
0.085
0.091
0.098
0.102
0.103
0.102
0.103
0.101
0.096
0.088
0.077
0.063
0.049
0.038
0.023
0.007
-0.011
-0.029
-0.043
-0.049
-0.051
-0.05
-0.05
-0.05
-0.05
-0.05
-0.049
-0.049
-0.049
-0.05
-0.05
-0.049
-0.047
-0.045
-0.045
-0.046
-0.046
-0.046
-0.044
-0.043
-0.044
-0.044
-0.044
-0.043
-0.043
-0.041
-0.041
-0.041
-0.041
-0.038
-0.035
-0.032
-0.029
-0.024
-0.018
-0.011
0.001
0.012
0.02
0.025
0.029
0.03
0.016
0.006
-0.008
-0.021
-0.033
-0.032
-0.035
-0.034
-0.035
-0.037
-0.037
-0.034
-0.033
-0.03
-0.03
-0.032
-0.037
-0.04
0.034
0.099
0.176
0.267
0.369
0.392
0.362
0.307
0.225
0.116
-0.003
-0.052
-0.075
-0.084
-0.08
-0.068
-0.057
-0.057
-0.056
-0.055
-0.053
-0.054
-0.055
-0.055
-0.045
-0.034
-0.023
-0.011
0.015
0.032
0.049
0.066
0.083
0.087
0.09
0.093
0.092
0.088
0.084
0.08
0.071
0.061
0.048
0.031
0.014
0.004
-0.013
-0.026
-0.04
-0.055
-0.068
-0.07
-0.069
-0.067
-0.065
-0.065
-0.065
-0.064
-0.063
-0.062
-0.061
-0.062
-0.064
-0.065
-0.064
-0.063
-0.063
-0.064
-0.064
-0.063
-0.062
-0.06
-0.058
-0.059
-0.06
-0.06
-0.059
-0.057
-0.056
-0.057
-0.057
-0.057
-0.053
-0.046
-0.038
-0.03
-0.02
-0.011
-0.004
0.003
-0.002
-0.01
-0.023
-0.037
-0.051
-0.052
-0.053
-0.051
-0.05
-0.051
-0.051
-0.051
-0.051
-0.05
-0.053
-0.057
-0.052
-0.034
0.044
0.138
0.241
0.335
0.405
0.402
0.321
0.218
0.103
-0.002
-0.092
-0.107
-0.105
-0.09
-0.076
-0.066
-0.062
-0.06
-0.06
-0.059
-0.057
-0.058
-0.059
-0.057
-0.046
-0.031
-0.014
0.001
0.017
0.026
0.041
0.056
0.07
0.081
0.089
0.091
0.092
0.092
0.092
0.088
0.083
0.078
0.059
0.04
0.021
0.002
-0.019
-0.026
-0.035
-0.041
-0.048
-0.055
-0.06
-0.06
-0.06
-0.058
-0.056
-0.055
-0.056
-0.056
-0.056
-0.055
-0.054
-0.053
-0.053
-0.054
-0.054
-0.054
-0.052
-0.052
-0.053
-0.052
-0.051
-0.05
-0.047
-0.045
-0.045
-0.046
-0.045
-0.044
-0.042
-0.041
-0.041
-0.041
-0.031
-0.023
-0.01
0.002
0.014
0.018
0.021
0.023
0.024
0.022
0.015
0.009
-0.004
-0.015
-0.023
-0.03
-0.037
-0.037
-0.037
-0.035
-0.033
-0.032
-0.033
-0.034
-0.029
-0.031
-0.023
-0.004
0.024
0.057
0.151
0.247
0.32
0.369
0.39
0.346
0.231
0.125
0.038
-0.032
-0.088
-0.08
-0.068
-0.059
-0.052
-0.049
-0.048
-0.048
-0.048
-0.047
-0.045
-0.042
-0.038
-0.034
-0.015
0.001
0.018
0.036
0.052
0.057
0.071
0.082
0.091
0.099
0.106
0.106
0.103
0.099
0.091
0.08
0.07
0.061
0.044
0.028
0.01
-0.009
-0.025
-0.033
-0.04
-0.045
-0.05
-0.054
-0.056
-0.055
-0.053
-0.051
-0.051
-0.051
-0.052
-0.052
-0.05
-0.048
-0.049
-0.051
-0.051
-0.051
-0.051
-0.049
-0.048
-0.05
-0.049
-0.049
-0.049
-0.049
-0.049
-0.051
-0.051
-0.05
