0.402
0.4
0.372
0.321
0.256
0.187
0.119
0.052
-0.011
-0.062
-0.095
-0.111
-0.111
-0.098
-0.086
-0.076
-0.07
-0.068
-0.067
-0.067
-0.066
-0.067
-0.067
-0.066
-0.065
-0.067
-0.066
-0.066
-0.067
-0.067
-0.067
-0.065
-0.061
-0.054
-0.046
-0.035
-0.024
-0.014
-0.004
0.004
0.013
0.023
0.032
0.042
0.051
0.06
0.068
0.074
0.078
0.081
0.083
0.084
0.085
0.086
0.088
0.087
0.086
0.084
0.082
0.078
0.075
0.07
0.065
0.057
0.05
0.04
0.029
0.018
0.008
-0.002
-0.012
-0.021
-0.029
-0.037
-0.046
-0.055
-0.062
-0.068
-0.072
-0.073
-0.073
-0.073
-0.073
-0.072
-0.071
-0.071
-0.07
-0.069
-0.067
-0.066
-0.065
-0.065
-0.065
-0.066
-0.066
-0.065
-0.064
-0.064
-0.062
-0.061
-0.06
-0.059
-0.058
-0.058
-0.057
-0.057
-0.057
-0.057
-0.057
-0.056
-0.055
-0.055
-0.054
-0.053
-0.052
-0.051
-0.051
-0.051
-0.049
-0.049
-0.048
-0.046
-0.046
-0.046
-0.046
-0.046
-0.046
-0.045
-0.043
-0.041
-0.04
-0.038
-0.037
-0.035
-0.031
-0.027
-0.02
-0.012
-0.003
0.005
0.014
0.021
0.026
0.03
0.033
0.033
0.032
0.031
0.022
0.016
0.01
0.002
-0.006
-0.01
-0.018
-0.025
-0.031
-0.034
-0.036
-0.037
-0.036
-0.035
-0.034
-0.034
-0.034
-0.034
-0.034
-0.034
-0.034
-0.034
-0.033
-0.033
-0.033
-0.032
-0.031
-0.031
-0.034
-0.038
-0.011
0.006
0.036
0.081
0.138
0.173
0.229
0.285
0.34
0.387
0.411
0.41
0.384
0.333
0.266
0.198
0.131
0.063
-0.002
-0.054
-0.088
-0.105
-0.104
-0.091
-0.077
-0.068
-0.061
-0.059
-0.058
-0.057
-0.055
-0.055
-0.054
-0.054
-0.052
-0.052
-0.052
-0.05
-0.049
-0.049
-0.049
-0.046
-0.043
-0.037
-0.029
-0.018
-0.008
0.001
0.01
0.018
0.027
0.036
0.045
0.054
0.064
0.072
0.08
0.085
0.089
0.092
0.094
0.096
0.097
0.097
0.097
0.096
0.094
0.092
0.091
0.089
0.085
0.082
