0.049
0.04
0.029
0.017
0.007
-0.004
-0.015
-0.023
-0.031
-0.04
-0.048
-0.056
-0.063
-0.069
-0.073
-0.074
-0.075
-0.074
-0.073
-0.072
-0.072
-0.07
-0.07
-0.07
-0.07
-0.069
-0.068
-0.067
-0.066
-0.065
-0.064
-0.064
-0.063
-0.063
-0.062
-0.06
-0.06
-0.06
-0.06
-0.06
-0.061
-0.059
-0.058
-0.056
-0.055
-0.055
-0.055
-0.055
-0.056
-0.056
-0.055
-0.054
-0.054
-0.053
-0.052
-0.051
-0.051
-0.049
-0.049
-0.049
-0.049
-0.048
-0.048
-0.048
-0.047
-0.047
-0.048
-0.048
-0.046
-0.044
-0.04
-0.033
-0.025
-0.016
-0.007
0.003
0.011
0.017
0.022
0.026
0.025
0.025
0.024
0.023
0.02
0.017
0.01
0.003
-0.005
-0.014
-0.021
-0.028
-0.035
-0.039
-0.042
-0.043
-0.044
-0.044
-0.043
-0.043
-0.043
-0.041
-0.04
-0.04
-0.04
-0.039
-0.039
-0.038
-0.037
-0.036
-0.041
-0.043
-0.047
-0.049
-0.041
-0.016
0.016
0.063
0.12
0.177
0.234
0.291
0.345
0.388
0.408
0.403
0.374
0.321
0.254
0.185
0.117
0.05
-0.013
-0.061
-0.092
-0.106
-0.103
-0.089
-0.077
-0.068
-0.063
-0.061
-0.06
-0.059
-0.058
-0.058
-0.058
-0.057
-0.056
-0.056
-0.055
-0.054
-0.054
-0.053
-0.052
-0.048
-0.043
-0.037
-0.028
-0.019
-0.011
-0.003
0.005
0.012
0.02
0.03
0.04
0.051
0.062
0.071
0.079
0.085
0.089
0.091
0.095
0.097
0.098
0.099
0.099
0.096
0.093
0.091
0.088
0.084
0.082
0.077
0.072
0.065
0.057
0.048
0.037
0.026
0.017
0.006
-0.003
-0.011
-0.019
-0.027
-0.035
-0.044
-0.051
-0.057
-0.061
-0.062
-0.062
-0.061
-0.061
-0.059
-0.058
-0.058
-0.057
-0.056
-0.055
-0.054
-0.054
-0.053
-0.053
-0.053
-0.053
-0.052
-0.052
-0.051
-0.05
-0.049
-0.049
-0.047
-0.046
-0.046
-0.046
-0.046
-0.046
-0.045
-0.045
-0.044
-0.043
-0.043
-0.043
-0.043
-0.041
-0.041
-0.041
-0.04
-0.04
-0.04
-0.04
-0.04
-0.041
-0.04
-0.039
-0.039
