-0.067
-0.069
-0.068
-0.067
-0.065
-0.061
-0.049
-0.035
-0.019
-0.002
0.014
0.023
0.037
0.05
0.064
0.077
0.087
0.088
0.086
0.084
0.082
0.08
0.076
0.073
0.057
0.041
0.026
0.01
-0.006
-0.014
-0.03
-0.044
-0.054
-0.062
-0.069
-0.068
-0.068
-0.068
-0.067
-0.065
-0.064
-0.064
-0.064
-0.065
-0.065
-0.063
-0.061
-0.06
-0.06
-0.061
-0.061
-0.059
-0.056
-0.055
-0.056
-0.056
-0.055
-0.053
-0.052
-0.051
-0.051
-0.051
-0.05
-0.047
-0.045
-0.043
-0.037
-0.03
-0.02
-0.007
0.008
0.015
0.019
0.02
0.018
0.015
0.01
0.003
-0.009
-0.02
-0.029
-0.035
-0.039
-0.038
-0.039
-0.04
-0.04
-0.04
-0.039
-0.039
-0.029
-0.032
-0.023
-0.001
0.032
0.064
0.165
0.255
0.228
0.186
0.137
0.034
-0.068
-0.063
-0.052
-0.046
-0.042
-0.04
-0.037
-0.037
-0.035
-0.035
-0.035
-0.032
-0.026
-0.022
-0.002
0.013
0.029
0.047
0.065
0.068
0.084
0.093
0.102
0.11
0.117
0.115
0.113
0.109
0.105
0.101
0.094
0.086
0.068
0.048
0.026
0.004
-0.016
-0.026
-0.035
-0.042
-0.044
-0.044
-0.044
-0.045
-0.044
-0.043
-0.043
-0.044
-0.043
-0.041
-0.041
-0.043
-0.042
-0.04
-0.041
-0.041
-0.039
-0.041
-0.042
-0.044
-0.043
-0.04
-0.038
-0.039
-0.036
-0.037
-0.037
-0.036
-0.034
-0.033
-0.02
-0.01
0.001
0.014
0.026
0.026
0.022
0.017
0.007
-0.006
-0.018
-0.025
-0.032
-0.036
-0.036
-0.037
-0.04
-0.04
-0.042
-0.041
-0.039
-0.037
-0.038
-0.038
-0.009
0.034
0.109
0.174
0.251
0.309
0.325
0.297
0.267
0.211
0.127
0.059
0.006
-0.032
-0.055
-0.064
-0.06
-0.058
-0.059
-0.058
-0.057
-0.056
-0.057
-0.056
-0.053
-0.047
-0.038
-0.028
-0.018
-0.008
0.008
0.025
0.043
0.06
0.073
0.079
0.083
0.087
0.091
0.094
0.093
0.091
0.083
0.074
0.064
0.053
0.038
0.027
0.007
-0.011
-0.025
-0.04
-0.056
-0.061
