0.077
0.069
0.061
0.053
0.043
0.033
0.023
0.013
0.003
-0.006
-0.015
-0.025
-0.034
-0.043
-0.051
-0.057
-0.062
-0.063
-0.062
-0.062
-0.061
-0.06
-0.06
-0.059
-0.058
-0.059
-0.057
-0.056
-0.056
-0.055
-0.053
-0.053
-0.052
-0.051
-0.051
-0.051
-0.051
-0.051
-0.051
-0.05
-0.05
-0.049
-0.049
-0.049
-0.048
-0.048
-0.048
-0.047
-0.046
-0.045
-0.045
-0.045
-0.045
-0.044
-0.044
-0.043
-0.042
-0.042
-0.041
-0.041
-0.039
-0.038
-0.037
-0.037
-0.037
-0.038
-0.039
-0.038
-0.038
-0.038
-0.036
-0.035
-0.031
-0.026
-0.019
-0.01
-0.002
0.005
0.013
0.019
0.024
0.028
0.032
0.032
0.032
0.03
0.026
0.02
0.014
0.008
-0
-0.007
-0.015
-0.022
-0.028
-0.033
-0.035
-0.036
-0.037
-0.037
-0.037
-0.037
-0.037
-0.035
-0.034
-0.034
-0.034
-0.034
-0.034
-0.034
-0.034
-0.034
-0.033
-0.032
-0.036
-0.039
-0.009
0.007
0.036
0.08
0.136
0.168
0.225
0.283
0.339
0.386
0.411
0.411
0.385
0.334
0.268
0.201
0.133
0.065
0
-0.052
-0.087
-0.106
-0.107
-0.095
-0.083
-0.075
-0.069
-0.068
-0.067
-0.066
-0.064
-0.063
-0.063
-0.062
-0.062
-0.063
-0.063
-0.063
-0.062
-0.062
-0.061
-0.058
-0.053
-0.048
-0.04
-0.03
-0.021
-0.012
-0.004
0.004
0.011
0.021
0.031
0.041
0.052
0.061
0.069
0.074
0.078
0.081
0.083
0.084
0.084
0.085
0.085
0.084
0.082
0.08
0.078
0.076
0.073
0.07
0.065
0.058
0.051
0.042
0.032
0.022
0.012
0.002
-0.008
-0.017
-0.026
-0.035
-0.043
-0.053
-0.061
-0.068
-0.072
-0.074
-0.074
-0.074
-0.073
-0.072
-0.071
-0.071
-0.07
-0.069
-0.068
-0.068
-0.068
-0.067
-0.066
-0.066
-0.065
-0.064
-0.063
-0.063
-0.063
-0.063
-0.063
-0.063
-0.062
-0.061
-0.06
-0.06
-0.059
-0.058
-0.059
-0.059
-0.058
-0.058
-0.059
-0.059
-0.058
-0.057
-0.057
-0.056
-0.056
-0.055
-0.055
-0.055
-0.055
-0.055
