-0.054
-0.051
-0.051
-0.048
-0.045
-0.044
-0.043
-0.042
-0.042
-0.043
-0.042
-0.04
-0.039
-0.037
-0.033
-0.027
-0.018
-0.005
0.008
0.017
0.022
0.026
0.027
0.026
0.023
0.017
0.001
-0.012
-0.023
-0.031
-0.037
-0.037
-0.037
-0.039
-0.038
-0.037
-0.035
-0.034
-0.036
-0.042
-0.044
-0.034
-0.013
0.021
0.114
0.216
0.307
0.374
0.415
0.383
0.273
0.154
0.053
-0.028
-0.091
-0.086
-0.073
-0.062
-0.055
-0.05
-0.047
-0.046
-0.047
-0.049
-0.05
-0.048
-0.043
-0.039
-0.026
-0.011
0.005
0.023
0.042
0.051
0.064
0.074
0.084
0.095
0.104
0.105
0.105
0.1
0.096
0.093
0.089
0.081
0.066
0.048
0.031
0.015
-0
-0.009
-0.02
-0.033
-0.044
-0.05
-0.054
-0.056
-0.054
-0.056
-0.057
-0.055
-0.053
-0.055
-0.054
-0.056
-0.057
-0.055
-0.051
-0.051
-0.049
-0.051
-0.053
-0.053
-0.051
-0.052
-0.05
-0.05
-0.051
-0.049
-0.047
-0.048
-0.048
-0.049
-0.05
-0.049
-0.048
-0.047
-0.039
-0.03
-0.019
-0.005
0.01
0.015
0.016
0.014
0.008
0.001
-0.004
-0.012
-0.021
-0.031
-0.041
-0.051
-0.054
-0.052
-0.049
-0.048
-0.049
-0.042
-0.024
0.008
0.053
0.109
0.202
0.268
0.31
0.329
0.325
0.257
0.154
0.066
-0.006
-0.057
-0.093
-0.081
-0.071
-0.067
-0.068
-0.066
-0.064
-0.064
-0.063
-0.064
-0.063
-0.058
-0.049
-0.041
-0.024
-0.009
0.006
0.023
0.04
0.049
0.062
0.07
0.075
0.082
0.088
0.087
0.084
0.079
0.072
0.065
0.06
0.053
0.039
0.02
-0.001
-0.019
-0.035
-0.045
-0.054
-0.063
-0.069
-0.076
-0.078
-0.075
-0.071
-0.07
-0.068
-0.069
-0.071
-0.071
-0.068
-0.067
-0.064
-0.063
-0.064
-0.065
-0.063
-0.063
-0.061
-0.06
-0.061
-0.062
-0.059
-0.058
-0.056
-0.055
-0.055
-0.055
-0.053
-0.049
-0.035
-0.022
-0.01
0.002
0.015
0.017
0.016
0.011
0.001
-0.01
-0.02
-0.027
-0.033
-0.039
-0.046
-0.049
-0.05
-0.05
-0.046
-0.044
-0.045
-0.045
-0.043
-0.043
-0.023
0.006
0.046
0.097
0.162
0.218
0.239
0.237
0.21
0.155
0.075
0.012
-0.031
-0.06
-0.075
-0.072
-0.057
-0.052
-0.049
-0.047
-0.047
-0.047
-0.045
-0.044
-0.021
0.002
0.025
0.051
0.079
0.086
0.093
0.1
0.101
0.102
0.103
0.104
0.094
0.088
0.078
0.067
0.056
0.052
0.03
0.014
-0.005
-0.023
-0.038
-0.038
-0.045
-0.047
-0.051
-0.055
-0.055
-0.052
-0.052
-0.049
-0.048
-0.048
-0.047
-0.043
-0.044
-0.043
-0.044
-0.045
-0.044
-0.041
-0.042
-0.039
-0.037
-0.037
-0.038
-0.037
-0.038
-0.04
-0.039
-0.037
-0.035
-0.034
-0.033
-0.035
-0.036
-0.031
-0.016
-0.002
0.012
0.026
0.038
0.039
0.026
0.018
0.004
-0.011
-0.024
-0.024
-0.031
-0.033
-0.032
-0.033
-0.035
-0.034
-0.034
-0.036
-0.036
-0.037
-0.039
-0.034
0.028
0.102
0.193
0.296
0.394
0.419
0.364
0.283
0.18
0.065
-0.039
-0.073
-0.085
-0.087
-0.076
-0.062
-0.051
-0.053
-0.052
-0.053
-0.054
-0.051
-0.048
-0.047
-0.033
-0.024
-0.013
0.002
0.02
0.023
0.039
0.052
0.065
0.079
0.093
0.095
0.096
0.094
0.091
0.09
0.089
0.086
0.074
0.059
0.043
0.029
0.014
0.005
-0.011
-0.027
-0.045
-0.059
-0.067
-0.065
-0.062
-0.06
-0.059
-0.061
-0.063
-0.063
-0.061
-0.06
-0.058
-0.06
-0.06
-0.059
-0.055
-0.054
-0.053
-0.055
-0.057
-0.057
-0.055
-0.055
-0.053
-0.054
-0.056
-0.056
-0.055
-0.055
-0.045
-0.039
-0.032
-0.021
-0.007
-0.003
0.004
0.007
0.007
0.006
0.005
-0.001
-0.012
-0.025
-0.038
-0.046
-0.052
-0.052
-0.052
-0.054
-0.056
-0.055
-0.053
-0.051
-0.054
-0.057
-0.063
-0.059
-0.042
-0.01
0.078
0.177
0.272
0.348
0.4
0.377
0.279
0.161
0.052
-0.038
-0.107
-0.107
-0.093
-0.082
-0.076
-0.071
-0.069
-0.068
-0.065
-0.064
-0.064
-0.063
-0.059
-0.055
-0.041
-0.028
