-0.066
-0.069
-0.067
-0.065
-0.064
-0.064
-0.065
-0.065
-0.064
-0.063
-0.062
-0.062
-0.063
-0.063
-0.061
-0.06
-0.059
-0.058
-0.057
-0.058
-0.056
-0.054
-0.054
-0.056
-0.057
-0.058
-0.057
-0.054
-0.053
-0.052
-0.053
-0.051
-0.045
-0.038
-0.031
-0.022
-0.009
0.001
0.01
0.018
0.022
0.018
0.005
-0.008
-0.02
-0.031
-0.044
-0.046
-0.049
-0.05
-0.05
-0.049
-0.049
-0.048
-0.049
-0.049
-0.048
-0.048
-0.051
-0.054
-0.002
0.062
0.1
0.13
0.147
0.092
0.011
-0.039
-0.065
-0.077
-0.074
-0.06
-0.046
-0.046
-0.046
-0.046
-0.044
-0.042
-0.041
-0.041
-0.035
-0.026
-0.015
-0.001
0.014
0.022
0.038
0.053
0.069
0.085
0.102
0.107
0.106
0.103
0.092
0.078
0.065
0.052
0.037
0.028
0.011
-0.006
-0.021
-0.034
-0.043
-0.045
-0.046
-0.046
-0.045
-0.043
-0.041
-0.04
-0.041
-0.041
-0.041
-0.039
-0.036
-0.033
-0.031
-0.033
-0.035
-0.034
-0.035
-0.035
-0.032
-0.03
-0.03
-0.03
-0.031
-0.032
-0.031
-0.03
-0.028
-0.028
-0.025
-0.021
-0.014
-0.005
0.006
0.013
0.02
0.025
0.03
0.033
0.035
0.03
0.018
0.004
-0.008
-0.018
-0.026
-0.025
-0.023
-0.023
-0.023
-0.024
-0.023
-0.026
-0.031
-0.033
-0.025
-0.008
0.066
0.155
0.257
0.353
0.425
0.425
0.347
0.242
0.123
0.02
-0.065
-0.082
-0.079
-0.067
-0.055
-0.046
-0.038
-0.039
-0.039
-0.04
-0.041
-0.041
-0.039
-0.037
-0.022
-0.005
0.012
0.03
0.051
0.061
0.071
0.08
0.09
0.097
0.099
0.095
0.082
0.065
0.049
0.033
0.018
0.008
-0.005
-0.02
-0.034
-0.043
-0.05
-0.05
-0.049
-0.049
-0.05
-0.049
-0.046
-0.047
-0.045
-0.045
-0.046
-0.045
-0.043
-0.043
-0.042
-0.043
-0.045
-0.045
-0.045
-0.045
-0.044
-0.042
-0.043
-0.044
-0.044
-0.044
-0.045
-0.047
-0.046
-0.043
-0.042
-0.042
-0.031
-0.023
-0.015
-0.003
0.012
0.014
0.018
0.019
0.016
0.013
0.009
0.003
-0.007
-0.019
-0.03
-0.038
-0.042
-0.042
-0.041
-0.042
-0.044
-0.044
-0.044
-0.044
-0.039
-0.044
-0.041
-0.024
0.005
0.04
0.137
0.232
0.281
0.332
0.359
0.316
0.203
0.13
0.047
-0.022
-0.077
-0.068
-0.064
-0.064
-0.063
-0.061
-0.061
-0.061
-0.061
-0.058
-0.053
-0.045
-0.038
-0.029
-0.015
0.002
0.02
0.038
0.054
0.063
0.071
0.079
0.087
0.092
0.093
0.092
0.086
0.081
0.076
0.069
0.059
0.049
0.029
0.011
-0.004
-0.019
-0.036
-0.044
-0.054
-0.062
-0.065
-0.065
-0.065
-0.064
-0.065
-0.065
-0.063
-0.061
-0.06
-0.059
-0.06
-0.061
-0.06
-0.057
-0.054
-0.052
-0.05
-0.05
-0.051
-0.054
-0.055
-0.056
-0.056
-0.054
-0.053
-0.052
-0.053
-0.054
-0.053
-0.05
-0.046
-0.041
-0.029
-0.017
-0.003
0.011
0.021
0.022
0.016
0.008
-0.001
-0.011
-0.022
-0.029
-0.037
-0.043
-0.045
-0.044
-0.043
-0.042
-0.044
-0.045
-0.044
-0.043
-0.043
-0.042
-0.017
0.02
0.071
0.134
0.208
0.265
0.269
0.271
0.251
0.206
0.135
0.09
0.033
-0.012
-0.042
-0.056
-0.056
-0.057
-0.055
-0.054
-0.053
-0.049
-0.047
-0.048
-0.046
-0.041
-0.034
-0.023
-0.011
-0.002
0.014
0.03
0.048
0.066
0.082
0.089
0.094
0.096
0.099
0.102
0.103
0.102
0.094
0.085
0.076
0.066
0.054
0.044
0.027
0.008
-0.008
-0.023
-0.037
-0.044
-0.049
-0.053
-0.053
-0.051
-0.049
-0.048
-0.048
-0.049
-0.048
-0.046
-0.044
-0.044
-0.043
-0.043
-0.043
-0.04
-0.038
-0.038
-0.039
-0.041
-0.042
-0.041
-0.038
-0.039
-0.038
-0.039
-0.039
-0.038
-0.035
-0.035
-0.035
-0.035
-0.033
-0.027
-0.019
-0.011
0.002
0.013
0.022
0.03
0.036
0.035
0.024
0.011
-0.003
-0.015
-0.025
-0.029
-0.032
-0.035
-0.037
-0.037
-0.035
-0.034
-0.034
-0.035
-0.035
-0.036
-0.038
-0.043
0.005
0.063
0.135
0.222
0.323
0.373
0.354
0.308
0.237
0.142
