-0.092
-0.091
-0.09
-0.089
-0.088
-0.087
-0.086
-0.086
-0.086
-0.086
-0.085
-0.085
-0.081
-0.074
-0.063
-0.049
-0.031
-0.013
0.003
0.018
0.032
0.043
0.051
0.055
0.055
0.053
0.05
0.044
0.036
0.025
0.011
-0.005
-0.023
-0.039
-0.053
-0.064
-0.071
-0.076
-0.078
-0.078
-0.077
-0.079
-0.079
-0.078
-0.077
-0.075
-0.074
-0.072
-0.071
-0.071
-0.071
-0.07
-0.07
-0.07
-0.071
-0.078
-0.086
-0.075
-0.042
0.016
0.106
0.223
0.341
0.451
0.56
0.67
0.769
0.82
0.819
0.769
0.625
0.486
0.346
0.216
0.087
0.003
-0.103
-0.173
-0.206
-0.206
-0.18
-0.153
-0.135
-0.125
-0.122
-0.121
-0.12
-0.118
-0.123
-0.121
-0.12
-0.119
-0.118
-0.109
-0.109
-0.107
-0.106
-0.104
-0.1
-0.092
-0.08
-0.064
-0.044
-0.026
-0.008
0.011
0.028
0.046
0.064
0.082
0.1
0.121
0.138
0.152
0.164
0.171
0.178
0.182
0.186
0.188
0.19
0.19
0.189
0.186
0.182
0.177
0.171
0.165
0.157
0.146
0.134
0.117
0.098
0.078
0.058
0.037
0.016
-0.004
-0.021
-0.038
-0.056
-0.074
-0.091
-0.107
-0.117
-0.125
-0.128
-0.129
-0.127
-0.125
-0.122
-0.12
-0.119
-0.117
-0.117
-0.117
-0.115
-0.114
-0.113
-0.111
-0.109
-0.108
-0.108
-0.107
-0.105
-0.105
-0.104
-0.103
-0.101
-0.101
-0.101
-0.1
-0.1
-0.1
-0.099
-0.098
-0.097
-0.095
-0.093
-0.092
-0.091
-0.091
-0.09
-0.09
-0.089
-0.088
-0.086
-0.084
-0.083
-0.082
-0.081
-0.08
-0.079
-0.078
-0.076
-0.076
-0.075
-0.074
-0.073
-0.072
-0.067
-0.059
-0.048
-0.035
-0.019
-0.002
0.015
0.031
0.045
0.055
0.062
0.066
0.068
0.066
0.063
0.057
0.047
0.035
0.021
0.006
-0.011
-0.028
-0.043
-0.053
-0.064
-0.068
-0.069
-0.068
-0.068
-0.065
-0.065
-0.065
-0.065
-0.065
-0.065
-0.065
-0.065
-0.065
-0.063
-0.062
-0.061
-0.061
-0.062
-0.07
-0.078
-0.066
-0.029
0.034
0.122
0.231
