0.052
0.031
0.011
-0.01
-0.027
-0.03
-0.046
-0.064
-0.083
-0.1
-0.113
-0.123
-0.129
-0.132
-0.131
-0.129
-0.129
-0.128
-0.127
-0.126
-0.126
-0.125
-0.123
-0.121
-0.12
-0.119
-0.118
-0.117
-0.117
-0.116
-0.115
-0.114
-0.114
-0.112
-0.11
-0.109
-0.108
-0.107
-0.104
-0.105
-0.105
-0.104
-0.103
-0.104
-0.103
-0.102
-0.101
-0.101
-0.099
-0.098
-0.097
-0.096
-0.095
-0.094
-0.093
-0.092
-0.091
-0.09
-0.09
-0.089
-0.088
-0.087
-0.087
-0.086
-0.088
-0.087
-0.085
-0.079
-0.069
-0.053
-0.039
-0.023
-0.006
0.01
0.026
0.037
0.046
0.051
0.054
0.054
0.051
0.047
0.04
0.028
0.015
0
-0.015
-0.031
-0.047
-0.06
-0.069
-0.076
-0.079
-0.079
-0.083
-0.083
-0.082
-0.081
-0.08
-0.075
-0.075
-0.074
-0.073
-0.074
-0.073
-0.072
-0.072
-0.073
-0.072
-0.076
-0.085
-0.086
-0.063
-0.016
0.057
0.156
0.267
0.381
0.499
0.613
0.716
0.786
0.809
0.782
0.706
0.589
0.457
0.321
0.147
0.011
-0.104
-0.184
-0.233
-0.215
-0.199
-0.172
-0.152
-0.139
-0.132
-0.13
-0.129
-0.128
-0.126
-0.125
-0.124
-0.123
-0.122
-0.121
-0.12
-0.119
-0.118
-0.117
-0.114
-0.108
-0.098
-0.084
-0.067
-0.047
-0.027
-0.009
0.007
0.023
0.041
0.061
0.08
0.099
0.118
0.133
0.146
0.155
0.162
0.165
0.168
0.171
0.173
0.174
0.173
0.172
0.168
0.163
0.158
0.153
0.145
0.135
0.124
0.109
0.092
0.074
0.049
0.028
0.009
-0.009
-0.028
-0.042
-0.062
-0.079
-0.101
-0.118
-0.131
-0.14
-0.145
-0.141
-0.139
-0.138
-0.138
-0.137
-0.14
-0.139
-0.139
-0.138
-0.136
-0.132
-0.13
-0.127
-0.124
-0.123
-0.121
-0.12
-0.119
-0.118
-0.116
-0.115
-0.113
-0.112
-0.111
-0.111
-0.109
-0.108
-0.107
-0.106
-0.105
-0.105
-0.104
-0.104
-0.104
-0.104
-0.102
-0.101
-0.1
-0.098
-0.096
-0.095
-0.095
-0.094
-0.093
-0.092
-0.091
-0.089
-0.087
-0.085
