-0.036
-0.036
-0.036
-0.036
-0.035
-0.036
-0.036
-0.036
-0.036
-0.036
-0.035
-0.034
-0.031
-0.025
-0.018
-0.009
0.001
0.009
0.017
0.024
0.03
0.034
0.037
0.038
0.038
0.037
0.035
0.031
0.025
0.019
0.012
0.003
-0.005
-0.012
-0.018
-0.023
-0.026
-0.028
-0.028
-0.029
-0.03
-0.03
-0.029
-0.03
-0.03
-0.03
-0.03
-0.029
-0.029
-0.028
-0.028
-0.028
-0.027
-0.027
-0.03
-0.035
-0.032
-0.018
0.007
0.047
0.102
0.16
0.216
0.272
0.328
0.379
0.411
0.418
0.4
0.357
0.293
0.224
0.156
0.089
0.023
-0.034
-0.073
-0.096
-0.1
-0.09
-0.076
-0.066
-0.06
-0.058
-0.057
-0.056
-0.056
-0.056
-0.056
-0.055
-0.054
-0.054
-0.053
-0.053
-0.05
-0.05
-0.049
-0.046
-0.042
-0.038
-0.031
-0.023
-0.014
-0.006
0.003
0.011
0.02
0.028
0.038
0.048
0.057
0.066
0.075
0.081
0.086
0.089
0.091
0.092
0.092
0.093
0.093
0.092
0.091
0.089
0.087
0.084
0.081
0.078
0.074
0.068
0.06
0.05
0.04
0.028
0.018
0.008
-0.001
-0.01
-0.018
-0.027
-0.037
-0.047
-0.055
-0.061
-0.066
-0.069
-0.069
-0.068
-0.069
-0.068
-0.066
-0.065
-0.065
-0.064
-0.063
-0.063
-0.063
-0.063
-0.061
-0.061
-0.061
-0.06
-0.059
-0.059
-0.059
-0.058
-0.058
-0.058
-0.058
-0.057
-0.057
-0.056
-0.055
-0.055
-0.055
-0.054
-0.053
-0.053
-0.053
-0.053
-0.053
-0.054
-0.054
-0.053
-0.052
-0.051
-0.051
-0.049
-0.05
-0.05
-0.05
-0.049
-0.048
-0.046
-0.046
-0.046
-0.046
-0.046
-0.045
-0.044
-0.041
-0.036
-0.03
-0.022
-0.013
-0.004
0.004
0.01
0.014
0.018
0.021
0.022
0.023
0.023
0.021
0.017
0.01
0.002
-0.005
-0.013
-0.021
-0.028
-0.034
-0.039
-0.042
-0.042
-0.042
-0.042
-0.042
-0.043
-0.043
-0.044
-0.044
-0.043
-0.043
-0.042
-0.041
-0.041
-0.042
-0.042
-0.042
-0.044
-0.047
-0.052
-0.05
-0.036
-0.01
0.03
0.083
0.141
