-0.078
-0.079
-0.079
-0.079
-0.079
-0.078
-0.077
-0.077
-0.076
-0.076
-0.075
-0.075
-0.074
-0.072
-0.07
-0.069
-0.069
-0.073
-0.084
-0.082
-0.058
-0.012
0.064
0.174
0.291
0.402
0.564
0.674
0.782
0.853
0.871
0.783
0.702
0.573
0.434
0.303
0.176
0.044
-0.076
-0.161
-0.207
-0.22
-0.202
-0.174
-0.151
-0.138
-0.132
-0.129
-0.127
-0.126
-0.126
-0.124
-0.115
-0.114
-0.112
-0.111
-0.112
-0.12
-0.12
-0.119
-0.116
-0.106
-0.095
-0.079
-0.061
-0.043
-0.025
-0.007
0.011
0.029
0.047
0.066
0.084
0.104
0.124
0.14
0.152
0.162
0.17
0.175
0.177
0.18
0.191
0.191
0.19
0.188
0.185
0.17
0.164
0.158
0.137
0.128
0.117
0.102
0.085
0.08
0.061
0.041
0.02
-0.001
-0.019
-0.035
-0.052
-0.071
-0.089
-0.105
-0.118
-0.127
-0.132
-0.133
-0.132
-0.13
-0.128
-0.127
-0.125
-0.124
-0.122
-0.121
-0.12
-0.119
-0.117
-0.116
-0.115
-0.113
-0.112
-0.111
-0.108
-0.107
-0.106
-0.106
-0.105
-0.105
-0.104
-0.103
-0.101
-0.101
-0.1
-0.1
-0.099
-0.098
-0.097
-0.095
-0.093
-0.092
-0.091
-0.09
-0.093
-0.092
-0.091
-0.089
-0.087
-0.082
-0.081
-0.08
-0.08
-0.079
-0.078
-0.077
-0.077
-0.075
-0.074
-0.072
-0.069
-0.063
-0.054
-0.042
-0.027
-0.009
0.01
0.027
0.041
0.053
0.061
0.066
0.068
0.067
0.065
0.06
0.051
0.039
0.026
0.012
-0.006
-0.023
-0.039
-0.051
-0.06
-0.065
-0.067
-0.068
-0.068
-0.068
-0.069
-0.07
-0.07
-0.069
-0.069
-0.068
-0.066
-0.065
-0.064
-0.064
-0.063
-0.062
-0.062
-0.067
-0.075
-0.071
-0.044
0.009
0.085
0.186
0.299
0.416
0.533
0.643
0.742
0.806
0.82
0.784
0.703
0.584
0.452
0.313
0.175
0.043
-0.067
-0.145
-0.191
-0.203
-0.183
-0.156
-0.135
-0.122
-0.117
-0.117
-0.116
-0.115
-0.114
-0.112
-0.118
-0.117
-0.116
-0.114
-0.114
-0.105
-0.105
-0.103
-0.1
-0.094
