-0.06
-0.069
-0.063
-0.05
-0.04
-0.039
-0.039
-0.038
-0.037
-0.037
-0.037
-0.036
-0.026
-0.015
-0.004
0.008
0.021
0.026
0.043
0.059
0.074
0.087
0.097
0.098
0.098
0.1
0.101
0.1
0.097
0.094
0.079
0.068
0.055
0.04
0.024
0.02
0
-0.017
-0.031
-0.043
-0.054
-0.054
-0.053
-0.052
-0.052
-0.052
-0.05
-0.049
-0.048
-0.048
-0.049
-0.05
-0.05
-0.049
-0.047
-0.047
-0.047
-0.048
-0.047
-0.046
-0.045
-0.046
-0.046
-0.048
-0.047
-0.046
-0.045
-0.045
-0.046
-0.047
-0.045
-0.045
-0.036
-0.027
-0.017
-0.007
0.006
0.012
0.017
0.017
0.014
0.009
0.003
-0.004
-0.013
-0.022
-0.031
-0.04
-0.045
-0.045
-0.044
-0.043
-0.043
-0.045
-0.045
-0.045
-0.048
-0.051
-0.044
-0.027
0.003
0.048
0.146
0.235
0.3
0.34
0.359
0.308
0.198
0.1
0.018
-0.049
-0.098
-0.084
-0.074
-0.067
-0.065
-0.065
-0.065
-0.062
-0.06
-0.059
-0.045
-0.031
-0.015
0.005
0.028
0.038
0.05
0.061
0.068
0.073
0.077
0.079
0.076
0.074
0.071
0.066
0.06
0.056
0.036
0.019
0
-0.018
-0.034
-0.037
-0.047
-0.055
-0.063
-0.069
-0.074
-0.072
-0.069
-0.067
-0.067
-0.067
-0.065
-0.065
-0.063
-0.062
-0.061
-0.063
-0.063
-0.063
-0.061
-0.06
-0.06
-0.06
-0.06
-0.058
-0.056
-0.054
-0.054
-0.055
-0.055
-0.055
-0.053
-0.05
-0.05
-0.051
-0.051
-0.05
-0.04
-0.027
-0.015
-0.004
0.005
0.004
-0.001
-0.006
-0.012
-0.021
-0.028
-0.035
-0.042
-0.047
-0.049
-0.049
-0.046
-0.044
-0.043
-0.044
-0.044
-0.044
-0.037
-0.019
0.009
0.049
0.1
0.155
0.224
0.269
0.289
0.284
0.256
0.191
0.108
0.042
-0.01
-0.049
-0.074
-0.066
-0.06
-0.058
-0.057
-0.058
-0.058
-0.057
-0.055
-0.051
-0.047
-0.042
-0.034
-0.025
-0.008
0.009
0.025
0.039
0.055
0.063
0.072
0.08
0.086
0.088
0.089
0.088
0.086
0.082
0.076
0.067
0.057
0.047
0.032
0.018
0.002
-0.014
-0.029
-0.038
-0.045
-0.05
-0.054
-0.057
-0.057
-0.056
-0.056
-0.054
-0.053
-0.053
-0.054
-0.054
-0.053
-0.051
-0.051
-0.051
-0.05
-0.05
-0.05
-0.048
-0.047
-0.048
-0.047
-0.047
-0.047
-0.046
-0.045
-0.044
-0.043
-0.042
-0.04
-0.039
-0.04
-0.041
-0.038
-0.032
-0.018
-0.004
0.008
0.018
0.025
0.025
0.02
0.013
0.004
-0.008
-0.02
-0.026
-0.032
-0.036
-0.038
-0.041
-0.042
-0.041
-0.039
-0.037
-0.036
-0.037
-0.037
-0.037
-0.009
0.03
0.08
0.141
0.214
0.269
0.294
0.293
0.267
0.214
0.138
0.071
0.017
-0.021
-0.047
-0.061
-0.061
-0.058
-0.057
-0.056
-0.056
-0.056
-0.051
-0.046
-0.035
-0.027
-0.015
-0.008
0.012
0.026
0.044
0.06
0.075
0.078
0.082
0.086
0.088
0.087
0.086
0.086
0.075
0.069
0.061
0.049
0.035
0.029
0.006
-0.01
-0.027
-0.044
-0.06
-0.061
-0.066
-0.067
-0.066
-0.066
-0.067
-0.066
-0.066
-0.064
-0.063
-0.062
-0.062
-0.061
-0.061
-0.06
-0.058
-0.058
-0.058
-0.057
-0.058
-0.057
-0.057
-0.058
-0.058
-0.056
-0.057
-0.055
-0.054
-0.055
-0.055
-0.053
-0.05
-0.045
-0.036
-0.027
-0.014
-0.003
0.007
0.015
0.017
0.011
-0.001
-0.016
-0.029
-0.038
-0.045
-0.044
-0.044
-0.046
-0.046
-0.045
-0.043
-0.043
-0.042
-0.045
-0.05
-0.055
-0.048
-0.032
0.044
0.133
0.238
0.341
0.421
0.422
0.345
0.238
0.115
0.005
-0.085
-0.104
-0.104
-0.094
-0.082
-0.071
-0.064
-0.062
-0.061
-0.063
-0.064
-0.063
-0.061
-0.059
-0.048
-0.036
-0.023
-0.006
0.013
0.022
0.039
0.051
0.062
0.074
0.085
0.087
0.087
0.084
0.082
0.081
0.08
0.077
0.065
0.048
0.031
0.013
-0.003
-0.01
-0.024
-0.04
-0.053
-0.064
-0.072
-0.071
-0.069
-0.07
-0.07
-0.07
-0.068
-0.067
-0.065
-0.065
-0.066
-0.065
-0.063
-0.061
-0.06
-0.06
-0.061
-0.061
-0.06
-0.06
