0.097
0.099
0.092
0.089
0.083
0.074
0.064
0.06
0.039
0.023
0.007
-0.011
-0.029
-0.032
-0.043
-0.051
-0.056
-0.058
-0.06
-0.06
-0.059
-0.057
-0.058
-0.06
-0.058
-0.056
-0.057
-0.054
-0.052
-0.052
-0.051
-0.049
-0.049
-0.047
-0.045
-0.046
-0.046
-0.045
-0.046
-0.045
-0.043
-0.044
-0.044
-0.042
-0.043
-0.042
-0.038
-0.032
-0.025
-0.016
-0.003
0.008
0.016
0.023
0.03
0.03
0.023
0.017
0.007
-0.006
-0.018
-0.021
-0.03
-0.036
-0.038
-0.038
-0.037
-0.036
-0.035
-0.036
-0.037
-0.037
-0.037
-0.041
0.005
0.06
0.126
0.207
0.304
0.358
0.347
0.309
0.245
0.158
0.05
-0.01
-0.043
-0.065
-0.075
-0.07
-0.055
-0.055
-0.054
-0.053
-0.054
-0.054
-0.052
-0.052
-0.045
-0.036
-0.027
-0.015
0
0.009
0.027
0.042
0.056
0.07
0.086
0.09
0.095
0.096
0.094
0.093
0.092
0.09
0.083
0.072
0.059
0.045
0.03
0.02
0.004
-0.013
-0.031
-0.047
-0.058
-0.062
-0.064
-0.064
-0.065
-0.066
-0.065
-0.063
-0.061
-0.061
-0.062
-0.062
-0.061
-0.06
-0.058
-0.058
-0.059
-0.059
-0.057
-0.057
-0.056
-0.056
-0.058
-0.059
-0.059
-0.059
-0.056
-0.055
-0.056
-0.056
-0.053
-0.053
-0.047
-0.043
-0.039
-0.032
-0.023
-0.016
-0.004
0.004
0.009
0.012
0.014
0.01
-0.003
-0.014
-0.027
-0.039
-0.049
-0.048
-0.049
-0.05
-0.051
-0.051
-0.05
-0.048
-0.05
-0.049
-0.052
-0.058
-0.059
-0.047
0.02
0.1
0.192
0.294
0.384
0.401
0.344
0.261
0.15
0.033
-0.066
-0.094
-0.101
-0.095
-0.082
-0.072
-0.065
-0.066
-0.064
-0.062
-0.063
-0.063
-0.061
-0.06
-0.048
-0.035
-0.022
-0.008
0.009
0.017
0.035
0.05
0.062
0.073
0.084
0.086
0.089
0.09
0.088
0.085
0.083
0.079
0.068
0.055
0.038
0.019
0.002
-0.007
-0.021
-0.033
-0.046
-0.058
-0.065
-0.065
-0.063
-0.06
-0.06
-0.061
-0.061
-0.061
-0.06
-0.059
