0.814
0.771
0.675
0.541
0.408
0.278
0.147
0.012
-0.099
-0.171
-0.208
-0.213
-0.189
-0.163
-0.144
-0.133
-0.129
-0.127
-0.124
-0.123
-0.121
-0.12
-0.117
-0.117
-0.116
-0.114
-0.112
-0.112
-0.111
-0.109
-0.105
-0.098
-0.085
-0.069
-0.052
-0.034
-0.016
0.002
0.019
0.036
0.055
0.074
0.093
0.114
0.132
0.146
0.158
0.168
0.175
0.179
0.181
0.183
0.185
0.185
0.185
0.183
0.18
0.176
0.17
0.163
0.156
0.145
0.131
0.115
0.099
0.079
0.058
0.039
0.018
-0.001
-0.017
-0.033
-0.051
-0.07
-0.087
-0.103
-0.115
-0.124
-0.128
-0.128
-0.127
-0.125
-0.123
-0.123
-0.122
-0.121
-0.113
-0.111
-0.11
-0.109
-0.108
-0.113
-0.112
-0.111
-0.109
-0.108
-0.106
-0.105
-0.104
-0.104
-0.102
-0.101
-0.101
-0.1
-0.098
-0.098
-0.097
-0.096
-0.094
-0.093
-0.093
-0.092
-0.091
-0.091
-0.09
-0.089
-0.083
-0.082
-0.082
-0.081
-0.08
-0.085
-0.084
-0.082
-0.081
-0.079
-0.078
-0.077
-0.077
-0.077
-0.077
-0.077
-0.074
-0.067
-0.056
-0.043
-0.027
-0.009
0.009
0.023
0.036
0.047
0.056
0.062
0.065
0.064
0.061
0.054
0.043
0.031
0.018
0.003
-0.015
-0.031
-0.053
-0.064
-0.072
-0.075
-0.077
-0.07
-0.07
-0.07
-0.07
-0.069
-0.067
-0.066
-0.065
-0.064
-0.063
-0.062
-0.062
-0.062
-0.062
-0.062
-0.063
-0.069
-0.076
-0.068
-0.037
0.018
0.142
0.248
0.365
0.485
0.599
0.66
0.755
0.81
0.816
0.773
0.682
0.556
0.418
0.276
0.142
0.016
-0.088
-0.161
-0.202
-0.207
-0.185
-0.159
-0.139
-0.127
-0.123
-0.121
-0.119
-0.119
-0.118
-0.117
-0.124
-0.122
-0.121
-0.12
-0.12
-0.111
-0.11
-0.109
-0.105
-0.097
-0.086
-0.071
-0.053
-0.034
-0.017
0
0.016
0.034
0.054
0.073
0.091
0.11
0.129
0.144
0.156
0.165
0.171
0.175
0.178
0.182
0.184
0.185
0.183
0.18
0.175
0.169
0.162
0.155
0.146
0.136
