-0.014
-0.029
-0.043
-0.054
-0.063
-0.068
-0.071
-0.073
-0.075
-0.075
-0.074
-0.072
-0.07
-0.069
-0.068
-0.066
-0.065
-0.065
-0.065
-0.065
-0.064
-0.063
-0.065
-0.072
-0.044
-0.034
-0.002
0.058
0.151
0.226
0.336
0.446
0.558
0.673
0.769
0.817
0.815
0.763
0.659
0.525
0.393
0.264
0.131
-0.004
-0.109
-0.175
-0.207
-0.207
-0.181
-0.155
-0.137
-0.126
-0.123
-0.122
-0.124
-0.123
-0.124
-0.122
-0.12
-0.115
-0.114
-0.112
-0.111
-0.111
-0.11
-0.108
-0.104
-0.097
-0.084
-0.068
-0.051
-0.033
-0.016
0.001
0.017
0.034
0.053
0.072
0.092
0.112
0.129
0.143
0.154
0.163
0.169
0.172
0.174
0.176
0.179
0.178
0.176
0.174
0.17
0.164
0.157
0.151
0.144
0.134
0.121
0.105
0.087
0.067
0.047
0.025
0.004
-0.014
-0.03
-0.048
-0.066
-0.082
-0.098
-0.114
-0.126
-0.133
-0.138
-0.138
-0.137
-0.135
-0.135
-0.134
-0.133
-0.132
-0.131
-0.129
-0.128
-0.127
-0.126
-0.126
-0.125
-0.124
-0.123
-0.123
-0.122
-0.121
-0.119
-0.118
-0.118
-0.117
-0.115
-0.114
-0.113
-0.109
-0.108
-0.107
-0.106
-0.105
-0.104
-0.104
-0.103
-0.101
-0.101
-0.1
-0.099
-0.098
-0.098
-0.098
-0.097
-0.096
-0.095
-0.095
-0.094
-0.094
-0.093
-0.091
-0.089
-0.088
-0.087
-0.086
-0.082
-0.075
-0.065
-0.052
-0.037
-0.02
-0.002
0.012
0.024
0.035
0.044
0.048
0.049
0.048
0.046
0.04
0.03
0.019
0.006
-0.01
-0.03
-0.047
-0.061
-0.071
-0.078
-0.081
-0.082
-0.083
-0.083
-0.082
-0.082
-0.082
-0.082
-0.081
-0.08
-0.078
-0.076
-0.075
-0.075
-0.075
-0.074
-0.074
-0.075
-0.082
-0.04
-0.029
0.006
0.065
0.15
0.208
0.326
0.444
0.555
0.66
0.751
0.8
0.798
0.747
0.651
0.522
0.381
0.242
0.111
-0.013
-0.112
-0.18
-0.215
-0.215
-0.19
-0.165
-0.147
-0.137
-0.134
-0.133
-0.126
-0.125
-0.124
-0.123
-0.122
-0.127
-0.125
-0.124
