-0.029
-0.03
-0.029
-0.03
-0.03
-0.029
-0.027
-0.026
-0.027
-0.018
0.004
0.037
0.083
0.141
0.226
0.285
0.321
0.333
0.322
0.253
0.156
0.074
0.009
-0.039
-0.07
-0.06
-0.053
-0.05
-0.049
-0.048
-0.046
-0.046
-0.046
-0.047
-0.045
-0.041
-0.033
-0.025
-0.008
0.007
0.023
0.041
0.06
0.069
0.079
0.086
0.093
0.099
0.104
0.103
0.102
0.096
0.088
0.081
0.074
0.064
0.048
0.029
0.011
-0.006
-0.021
-0.031
-0.039
-0.047
-0.053
-0.056
-0.055
-0.055
-0.055
-0.056
-0.057
-0.058
-0.057
-0.057
-0.055
-0.056
-0.057
-0.057
-0.055
-0.055
-0.054
-0.054
-0.054
-0.054
-0.052
-0.051
-0.049
-0.049
-0.05
-0.049
-0.047
-0.047
-0.047
-0.048
-0.048
-0.048
-0.044
-0.039
-0.026
-0.013
-0.001
0.012
0.024
0.026
0.021
0.012
0.001
-0.011
-0.023
-0.03
-0.035
-0.041
-0.046
-0.049
-0.049
-0.049
-0.047
-0.048
-0.049
-0.048
-0.047
-0.047
-0.025
0.008
0.052
0.108
0.181
0.217
0.231
0.22
0.182
0.114
0.05
-0
-0.037
-0.058
-0.064
-0.06
-0.058
-0.058
-0.059
-0.059
-0.058
-0.058
-0.053
-0.048
-0.042
-0.034
-0.022
-0.013
0.004
0.021
0.035
0.051
0.068
0.075
0.082
0.087
0.09
0.09
0.088
0.087
0.082
0.073
0.064
0.056
0.046
0.035
0.02
0.004
-0.015
-0.032
-0.047
-0.055
-0.06
-0.062
-0.063
-0.062
-0.061
-0.06
-0.06
-0.061
-0.062
-0.061
-0.06
-0.057
-0.056
-0.055
-0.056
-0.055
-0.054
-0.052
-0.052
-0.051
-0.05
-0.05
-0.048
-0.045
-0.044
-0.045
-0.045
-0.045
-0.045
-0.043
-0.04
-0.038
-0.037
-0.034
-0.027
-0.02
-0.007
0.005
0.013
0.021
0.026
0.026
0.014
0.004
-0.009
-0.023
-0.034
-0.033
-0.037
-0.037
-0.038
-0.039
-0.038
-0.036
-0.037
-0.036
-0.037
-0.039
-0.04
-0.043
0.025
0.083
0.151
0.234
0.333
0.364
0.326
0.288
0.223
0.133
0.022
-0.009
-0.043
-0.063
-0.07
-0.064
