-0.096
-0.095
-0.087
-0.087
-0.087
-0.086
-0.086
-0.092
-0.092
-0.091
-0.096
-0.095
-0.094
-0.092
-0.092
-0.086
-0.086
-0.085
-0.085
-0.084
-0.082
-0.08
-0.074
-0.065
-0.053
-0.038
-0.021
-0.003
0.013
0.027
0.038
0.046
0.052
0.054
0.054
0.052
0.047
0.038
0.026
0.012
-0.002
-0.018
-0.036
-0.051
-0.062
-0.07
-0.076
-0.079
-0.08
-0.082
-0.082
-0.082
-0.081
-0.08
-0.086
-0.085
-0.079
-0.078
-0.076
-0.068
-0.066
-0.071
-0.071
-0.072
-0.078
-0.087
-0.083
-0.056
-0.004
0.074
0.177
0.288
0.405
0.524
0.635
0.732
0.793
0.806
0.768
0.683
0.563
0.431
0.294
0.154
0.023
-0.085
-0.161
-0.205
-0.215
-0.195
-0.17
-0.151
-0.139
-0.134
-0.133
-0.132
-0.128
-0.126
-0.125
-0.124
-0.123
-0.125
-0.124
-0.122
-0.121
-0.12
-0.118
-0.115
-0.108
-0.097
-0.083
-0.065
-0.047
-0.028
-0.011
0.005
0.021
0.04
0.06
0.078
0.097
0.116
0.132
0.146
0.155
0.162
0.167
0.169
0.172
0.174
0.176
0.175
0.172
0.168
0.163
0.157
0.15
0.143
0.134
0.122
0.109
0.092
0.071
0.049
0.028
0.01
-0.009
-0.026
-0.043
-0.061
-0.079
-0.097
-0.114
-0.127
-0.136
-0.141
-0.141
-0.139
-0.138
-0.137
-0.134
-0.133
-0.131
-0.129
-0.128
-0.127
-0.126
-0.125
-0.125
-0.125
-0.124
-0.123
-0.122
-0.121
-0.119
-0.117
-0.115
-0.113
-0.111
-0.11
-0.11
-0.11
-0.108
-0.107
-0.107
-0.107
-0.106
-0.105
-0.104
-0.104
-0.111
-0.111
-0.11
-0.108
-0.106
-0.096
-0.095
-0.093
-0.091
-0.09
-0.088
-0.087
-0.085
-0.085
-0.084
-0.083
-0.084
-0.083
-0.082
-0.079
-0.073
-0.064
-0.051
-0.034
-0.016
0.001
0.016
0.03
0.041
0.049
0.054
0.055
0.054
0.051
0.046
0.036
0.025
0.012
-0.003
-0.02
-0.035
-0.049
-0.06
-0.07
-0.076
-0.078
-0.078
-0.079
-0.078
-0.078
-0.078
-0.077
-0.076
-0.075
-0.075
-0.074
-0.074
-0.072
-0.071
-0.07
