0.565
0.68
0.773
0.818
0.814
0.759
0.652
0.517
0.385
0.256
0.122
-0.011
-0.113
-0.177
-0.206
-0.203
-0.176
-0.151
-0.133
-0.124
-0.122
-0.122
-0.121
-0.12
-0.119
-0.117
-0.115
-0.114
-0.113
-0.111
-0.109
-0.108
-0.107
-0.106
-0.101
-0.093
-0.081
-0.064
-0.046
-0.029
-0.011
0.007
0.025
0.042
0.062
0.081
0.102
0.121
0.139
0.153
0.164
0.173
0.18
0.184
0.186
0.188
0.19
0.191
0.19
0.187
0.183
0.177
0.171
0.164
0.157
0.146
0.132
0.115
0.095
0.073
0.052
0.032
0.012
-0.006
-0.021
-0.037
-0.056
-0.073
-0.089
-0.103
-0.114
-0.121
-0.124
-0.125
-0.124
-0.122
-0.122
-0.121
-0.121
-0.12
-0.118
-0.117
-0.116
-0.115
-0.113
-0.112
-0.111
-0.109
-0.107
-0.107
-0.106
-0.105
-0.104
-0.103
-0.101
-0.099
-0.098
-0.097
-0.095
-0.093
-0.092
-0.091
-0.091
-0.09
-0.09
-0.09
-0.089
-0.088
-0.088
-0.087
-0.079
-0.078
-0.077
-0.075
-0.074
-0.08
-0.079
-0.077
-0.076
-0.075
-0.074
-0.073
-0.073
-0.073
-0.072
-0.071
-0.068
-0.061
-0.051
-0.038
-0.022
-0.004
0.014
0.028
0.04
0.049
0.056
0.061
0.062
0.062
0.062
0.056
0.045
0.033
0.02
0.002
-0.016
-0.031
-0.044
-0.054
-0.06
-0.065
-0.067
-0.068
-0.068
-0.068
-0.068
-0.067
-0.066
-0.066
-0.066
-0.065
-0.065
-0.065
-0.066
-0.066
-0.065
-0.065
-0.066
-0.073
-0.078
-0.064
-0.027
0.033
0.121
0.231
0.35
0.468
0.578
0.684
0.771
0.815
0.81
0.757
0.657
0.527
0.388
0.248
0.116
-0.006
-0.102
-0.168
-0.2
-0.197
-0.171
-0.147
-0.13
-0.121
-0.118
-0.118
-0.117
-0.117
-0.116
-0.115
-0.12
-0.119
-0.118
-0.117
-0.115
-0.109
-0.108
-0.106
-0.102
-0.094
-0.082
-0.066
-0.046
-0.027
-0.009
0.008
0.024
0.042
0.063
0.082
0.1
0.119
0.137
0.152
0.163
0.171
0.176
0.18
0.184
0.187
0.185
0.184
0.182
0.179
0.174
0.171
