-0.047
-0.047
-0.049
-0.049
-0.051
-0.057
-0.063
-0.056
0.045
0.141
0.247
0.346
0.419
0.378
0.266
0.15
0.041
-0.048
-0.117
-0.104
-0.092
-0.079
-0.071
-0.067
-0.064
-0.063
-0.063
-0.063
-0.064
-0.063
-0.059
-0.054
-0.038
-0.017
0.004
0.024
0.044
0.054
0.063
0.068
0.074
0.08
0.085
0.087
0.086
0.085
0.081
0.076
0.073
0.07
0.052
0.036
0.017
-0
-0.016
-0.02
-0.033
-0.044
-0.055
-0.064
-0.07
-0.068
-0.067
-0.065
-0.066
-0.065
-0.064
-0.061
-0.06
-0.059
-0.059
-0.058
-0.057
-0.056
-0.055
-0.053
-0.055
-0.056
-0.057
-0.058
-0.057
-0.056
-0.055
-0.053
-0.054
-0.053
-0.051
-0.048
-0.045
-0.04
-0.029
-0.018
-0.004
0.01
0.021
0.024
0.02
0.014
0.008
0.001
-0.01
-0.018
-0.024
-0.031
-0.037
-0.04
-0.042
-0.043
-0.043
-0.041
-0.04
-0.039
-0.023
0.004
0.044
0.096
0.159
0.217
0.265
0.288
0.289
0.266
0.217
0.15
0.077
0.02
-0.02
-0.046
-0.059
-0.053
-0.052
-0.053
-0.052
-0.05
-0.048
-0.046
-0.045
-0.042
-0.036
-0.027
-0.017
-0.007
0.01
0.026
0.043
0.062
0.079
0.087
0.093
0.097
0.101
0.104
0.106
0.104
0.097
0.089
0.08
0.072
0.062
0.052
0.033
0.015
-0.003
-0.018
-0.032
-0.039
-0.044
-0.05
-0.053
-0.052
-0.051
-0.052
-0.05
-0.05
-0.049
-0.046
-0.044
-0.046
-0.045
-0.046
-0.047
-0.046
-0.045
-0.046
-0.046
-0.047
-0.048
-0.046
-0.045
-0.047
-0.046
-0.047
-0.047
-0.045
-0.042
-0.042
-0.042
-0.043
-0.042
-0.038
-0.031
-0.025
-0.012
-0.001
0.009
0.018
0.027
0.027
0.02
0.01
-0.002
-0.013
-0.023
-0.029
-0.034
-0.038
-0.005
0.042
0.104
0.178
0.262
0.318
0.319
0.293
0.244
0.173
0.078
0.013
-0.028
-0.059
-0.076
-0.078
-0.065
-0.064
-0.063
-0.064
-0.064
-0.062
-0.06
-0.06
-0.053
-0.047
-0.039
-0.028
-0.014
-0.005
0.012
0.027
0.042
0.058
