-0.04
-0.04
-0.041
-0.041
-0.04
-0.04
-0.037
-0.037
-0.037
-0.037
-0.036
-0.036
-0.027
-0.019
-0.009
0.003
0.017
0.023
0.029
0.031
0.028
0.024
0.02
0.012
0.001
-0.012
-0.024
-0.033
-0.039
-0.039
-0.037
-0.036
-0.036
-0.036
-0.034
-0.034
-0.036
-0.039
-0.034
-0.016
0.014
0.059
0.161
0.253
0.322
0.367
0.389
0.338
0.224
0.121
0.032
-0.039
-0.091
-0.079
-0.065
-0.058
-0.055
-0.055
-0.054
-0.054
-0.053
-0.052
-0.036
-0.021
-0.005
0.017
0.042
0.052
0.066
0.078
0.086
0.092
0.099
0.099
0.099
0.096
0.09
0.084
0.077
0.069
0.054
0.036
0.017
-0.001
-0.018
-0.026
-0.036
-0.045
-0.055
-0.062
-0.065
-0.065
-0.063
-0.063
-0.064
-0.067
-0.066
-0.066
-0.064
-0.063
-0.063
-0.064
-0.063
-0.062
-0.06
-0.058
-0.059
-0.06
-0.059
-0.058
-0.055
-0.054
-0.054
-0.056
-0.056
-0.055
-0.053
-0.051
-0.039
-0.029
-0.019
-0.007
0.009
0.012
0.013
0.011
0.004
-0.006
-0.016
-0.025
-0.033
-0.039
-0.045
-0.05
-0.053
-0.052
-0.05
-0.048
-0.049
-0.05
-0.049
-0.049
-0.042
-0.024
0.005
0.044
0.096
0.154
0.228
0.277
0.297
0.292
0.264
0.195
0.108
0.039
-0.013
-0.053
-0.081
-0.073
-0.066
-0.064
-0.062
-0.059
-0.057
-0.053
-0.045
-0.037
-0.016
0.003
0.019
0.034
0.052
0.06
0.069
0.077
0.083
0.085
0.086
0.087
0.079
0.071
0.062
0.049
0.034
0.025
0.007
-0.006
-0.021
-0.035
-0.046
-0.049
-0.058
-0.062
-0.065
-0.068
-0.068
-0.066
-0.067
-0.064
-0.063
-0.063
-0.062
-0.059
-0.06
-0.058
-0.056
-0.057
-0.057
-0.054
-0.054
-0.054
-0.054
-0.055
-0.056
-0.053
-0.054
-0.052
-0.051
-0.051
-0.051
-0.047
-0.048
-0.046
-0.041
-0.034
-0.027
-0.017
-0.005
0.005
0.012
0.017
0.023
0.024
0.014
0.003
-0.008
-0.02
-0.033
-0.036
-0.038
-0.041
-0.042
-0.041
-0.039
-0.038
-0.037
-0.037
-0.039
-0.04
