-0.132
-0.13
-0.128
-0.121
-0.12
-0.118
-0.118
-0.118
-0.117
-0.116
-0.115
-0.114
-0.111
-0.11
-0.109
-0.107
-0.106
-0.105
-0.104
-0.103
-0.102
-0.1
-0.1
-0.098
-0.096
-0.095
-0.095
-0.094
-0.1
-0.099
-0.099
-0.097
-0.097
-0.089
-0.088
-0.087
-0.086
-0.086
-0.084
-0.083
-0.082
-0.081
-0.079
-0.079
-0.079
-0.078
-0.077
-0.077
-0.077
-0.076
-0.075
-0.074
-0.068
-0.06
-0.048
-0.032
-0.015
0.004
0.02
0.034
0.045
0.054
0.059
0.061
0.06
0.058
0.054
0.045
0.034
0.021
0.006
-0.013
-0.03
-0.044
-0.056
-0.065
-0.071
-0.074
-0.076
-0.076
-0.076
-0.075
-0.075
-0.074
-0.072
-0.072
-0.072
-0.071
-0.071
-0.071
-0.071
-0.07
-0.077
-0.078
-0.082
-0.091
-0.089
-0.057
-0.01
0.063
0.167
0.287
0.404
0.515
0.622
0.726
0.798
0.818
0.788
0.711
0.589
0.446
0.307
0.176
0.048
-0.066
-0.151
-0.201
-0.215
-0.197
-0.17
-0.148
-0.137
-0.131
-0.13
-0.128
-0.126
-0.122
-0.121
-0.12
-0.119
-0.119
-0.118
-0.117
-0.116
-0.115
-0.114
-0.112
-0.106
-0.097
-0.083
-0.065
-0.046
-0.028
-0.011
0.006
0.023
0.042
0.061
0.08
0.1
0.12
0.138
0.15
0.16
0.167
0.171
0.173
0.174
0.176
0.177
0.176
0.174
0.171
0.166
0.159
0.152
0.145
0.137
0.126
0.113
0.096
0.076
0.054
0.034
0.014
-0.007
-0.026
-0.043
-0.059
-0.077
-0.095
-0.112
-0.125
-0.133
-0.139
-0.136
-0.134
-0.133
-0.132
-0.13
-0.132
-0.13
-0.129
-0.128
-0.127
-0.127
-0.127
-0.127
-0.126
-0.125
-0.124
-0.123
-0.122
-0.121
-0.12
-0.119
-0.118
-0.116
-0.115
-0.114
-0.112
-0.11
-0.109
-0.108
-0.107
-0.102
-0.101
-0.1
-0.098
-0.096
-0.1
-0.099
-0.098
-0.098
-0.099
-0.098
-0.098
-0.097
-0.096
-0.095
-0.093
-0.092
-0.092
-0.091
-0.09
-0.089
-0.088
-0.087
-0.085
-0.08
-0.069
-0.056
-0.041
-0.024
-0.008
0.008
0.021
0.032
0.041
