0.058
-0.005
-0.042
-0.067
-0.078
-0.071
-0.056
-0.055
-0.052
-0.049
-0.049
-0.051
-0.054
-0.055
-0.051
-0.039
-0.027
-0.015
-0.003
0.005
0.02
0.037
0.054
0.069
0.082
0.085
0.087
0.089
0.092
0.093
0.091
0.088
0.075
0.058
0.041
0.025
0.008
-0.001
-0.016
-0.026
-0.037
-0.049
-0.062
-0.065
-0.066
-0.067
-0.065
-0.063
-0.062
-0.064
-0.063
-0.063
-0.061
-0.06
-0.06
-0.062
-0.061
-0.061
-0.059
-0.057
-0.057
-0.059
-0.058
-0.058
-0.057
-0.055
-0.055
-0.057
-0.056
-0.057
-0.055
-0.052
-0.052
-0.054
-0.048
-0.042
-0.034
-0.023
-0.009
-0.002
0.006
0.013
0.018
0.018
0.015
0.009
-0.004
-0.017
-0.028
-0.038
-0.048
-0.051
-0.051
-0.052
-0.052
-0.052
-0.052
-0.054
-0.055
-0.056
-0.056
-0.057
-0.06
-0.054
0.037
0.116
0.21
0.314
0.406
0.399
0.307
0.201
0.087
-0.022
-0.115
-0.102
-0.088
-0.074
-0.066
-0.063
-0.062
-0.062
-0.062
-0.061
-0.061
-0.064
-0.064
-0.059
-0.045
-0.028
-0.011
0.004
0.02
0.03
0.046
0.061
0.073
0.081
0.088
0.089
0.088
0.088
0.087
0.082
0.077
0.073
0.059
0.045
0.029
0.01
-0.009
-0.019
-0.032
-0.043
-0.052
-0.061
-0.067
-0.065
-0.063
-0.061
-0.06
-0.06
-0.061
-0.061
-0.06
-0.058
-0.056
-0.056
-0.056
-0.055
-0.054
-0.053
-0.052
-0.052
-0.052
-0.051
-0.05
-0.049
-0.047
-0.048
-0.048
-0.048
-0.047
-0.045
-0.043
-0.043
-0.044
-0.043
-0.033
-0.021
-0.008
0.005
0.017
0.023
0.025
0.025
0.023
0.016
0.006
-0.002
-0.014
-0.022
-0.028
-0.035
-0.039
-0.038
-0.039
-0.037
-0.035
-0.035
-0.035
-0.034
-0.017
-0.008
0.012
0.042
0.083
0.119
0.184
0.254
0.297
0.314
0.306
0.265
0.163
0.081
0.015
-0.037
-0.075
-0.063
-0.055
-0.05
-0.047
-0.047
-0.047
-0.046
-0.046
-0.044
-0.038
-0.031
-0.014
0.005
0.025
0.043
0.06
0.069
0.079
0.088
0.096
0.101
