0.552
0.663
0.756
0.806
0.808
0.759
0.664
0.538
0.406
0.269
0.13
-0
-0.102
-0.17
-0.206
-0.208
-0.184
-0.159
-0.142
-0.131
-0.127
-0.125
-0.124
-0.123
-0.117
-0.116
-0.116
-0.115
-0.113
-0.117
-0.116
-0.114
-0.112
-0.11
-0.106
-0.098
-0.086
-0.071
-0.054
-0.035
-0.016
0.002
0.018
0.034
0.054
0.074
0.094
0.114
0.132
0.146
0.16
0.169
0.174
0.178
0.182
0.184
0.186
0.187
0.186
0.183
0.178
0.172
0.167
0.161
0.152
0.141
0.129
0.113
0.095
0.074
0.053
0.032
0.013
-0.005
-0.022
-0.04
-0.058
-0.074
-0.092
-0.108
-0.119
-0.127
-0.13
-0.13
-0.129
-0.127
-0.125
-0.123
-0.119
-0.117
-0.116
-0.115
-0.114
-0.115
-0.115
-0.114
-0.113
-0.112
-0.111
-0.11
-0.108
-0.108
-0.107
-0.105
-0.103
-0.102
-0.101
-0.1
-0.099
-0.098
-0.097
-0.096
-0.095
-0.094
-0.092
-0.091
-0.09
-0.089
-0.088
-0.086
-0.085
-0.084
-0.084
-0.083
-0.083
-0.083
-0.082
-0.08
-0.079
-0.077
-0.073
-0.072
-0.072
-0.071
-0.07
-0.072
-0.069
-0.062
-0.053
-0.04
-0.022
-0.005
0.011
0.026
0.039
0.051
0.059
0.064
0.066
0.065
0.061
0.054
0.045
0.033
0.019
0.003
-0.014
-0.029
-0.042
-0.052
-0.059
-0.063
-0.066
-0.066
-0.067
-0.068
-0.068
-0.067
-0.066
-0.066
-0.065
-0.063
-0.063
-0.062
-0.06
-0.059
-0.06
-0.06
-0.062
-0.07
-0.079
-0.07
-0.038
0.018
0.106
0.221
0.339
0.449
0.557
0.667
0.766
0.818
0.82
0.773
0.633
0.496
0.357
0.226
0.072
-0.013
-0.121
-0.192
-0.227
-0.202
-0.177
-0.149
-0.13
-0.119
-0.114
-0.113
-0.111
-0.11
-0.109
-0.108
-0.107
-0.105
-0.103
-0.102
-0.102
-0.102
-0.101
-0.1
-0.096
-0.087
-0.061
-0.046
-0.028
-0.011
0.006
0.008
0.025
0.042
0.06
0.078
0.097
0.118
0.137
0.151
0.163
0.171
0.176
0.18
0.183
0.185
0.187
0.188
0.187
0.184
0.179
0.173
