0.055
0.034
0.015
-0.005
-0.024
-0.041
-0.059
-0.076
-0.092
-0.108
-0.121
-0.13
-0.136
-0.137
-0.137
-0.136
-0.143
-0.142
-0.142
-0.142
-0.14
-0.13
-0.13
-0.128
-0.125
-0.124
-0.122
-0.12
-0.118
-0.117
-0.116
-0.114
-0.113
-0.113
-0.112
-0.111
-0.111
-0.11
-0.109
-0.108
-0.107
-0.106
-0.105
-0.103
-0.102
-0.101
-0.1
-0.099
-0.098
-0.098
-0.096
-0.095
-0.095
-0.094
-0.093
-0.093
-0.092
-0.091
-0.09
-0.09
-0.088
-0.087
-0.086
-0.086
-0.085
-0.084
-0.082
-0.077
-0.066
-0.053
-0.037
-0.02
-0.003
0.012
0.025
0.036
0.046
0.052
0.054
0.054
0.052
0.046
0.037
0.026
0.013
-0.003
-0.019
-0.034
-0.048
-0.061
-0.07
-0.075
-0.078
-0.079
-0.079
-0.08
-0.08
-0.079
-0.079
-0.078
-0.078
-0.078
-0.078
-0.078
-0.078
-0.077
-0.076
-0.076
-0.077
-0.082
-0.091
-0.088
-0.063
-0.013
0.067
0.178
0.292
0.401
0.511
0.624
0.731
0.797
0.813
0.778
0.692
0.561
0.426
0.295
0.166
0.031
-0.086
-0.166
-0.208
-0.218
-0.197
-0.168
-0.148
-0.135
-0.13
-0.128
-0.127
-0.126
-0.125
-0.124
-0.122
-0.122
-0.121
-0.119
-0.118
-0.118
-0.117
-0.116
-0.113
-0.107
-0.095
-0.079
-0.06
-0.043
-0.025
-0.008
0.009
0.025
0.043
0.062
0.082
0.103
0.122
0.137
0.15
0.16
0.168
0.172
0.175
0.177
0.18
0.18
0.179
0.178
0.179
0.173
0.166
0.16
0.153
0.138
0.126
0.111
0.093
0.073
0.053
0.032
0.011
-0.008
-0.024
-0.04
-0.058
-0.076
-0.094
-0.11
-0.122
-0.131
-0.136
-0.137
-0.136
-0.134
-0.133
-0.131
-0.13
-0.128
-0.124
-0.123
-0.122
-0.12
-0.119
-0.121
-0.12
-0.118
-0.117
-0.115
-0.113
-0.112
-0.111
-0.112
-0.111
-0.111
-0.111
-0.11
-0.108
-0.106
-0.105
-0.103
-0.102
-0.1
-0.1
-0.099
-0.098
-0.097
-0.096
-0.095
-0.094
-0.092
-0.09
-0.089
-0.087
-0.086
-0.086
-0.086
-0.09
-0.089
-0.088
-0.087
