-0.109
-0.108
-0.104
-0.097
-0.087
-0.071
-0.051
-0.032
-0.015
0.002
0.018
0.035
0.054
0.071
0.09
0.111
0.13
0.145
0.157
0.166
0.173
0.178
0.182
0.185
0.186
0.185
0.184
0.18
0.176
0.171
0.164
0.157
0.15
0.141
0.129
0.113
0.094
0.073
0.051
0.03
0.009
-0.012
-0.03
-0.046
-0.062
-0.079
-0.096
-0.111
-0.131
-0.138
-0.143
-0.143
-0.142
-0.132
-0.132
-0.131
-0.13
-0.13
-0.129
-0.128
-0.126
-0.125
-0.123
-0.122
-0.122
-0.12
-0.118
-0.117
-0.116
-0.115
-0.114
-0.113
-0.114
-0.113
-0.111
-0.11
-0.109
-0.108
-0.106
-0.105
-0.104
-0.103
-0.103
-0.103
-0.103
-0.102
-0.102
-0.101
-0.1
-0.098
-0.097
-0.096
-0.094
-0.093
-0.094
-0.094
-0.094
-0.094
-0.093
-0.092
-0.091
-0.09
-0.089
-0.088
-0.084
-0.077
-0.066
-0.052
-0.035
-0.018
-0.001
0.014
0.028
0.038
0.046
0.05
0.052
0.05
0.047
0.04
0.031
0.018
0.003
-0.011
-0.028
-0.044
-0.058
-0.07
-0.079
-0.084
-0.085
-0.086
-0.086
-0.085
-0.084
-0.082
-0.081
-0.081
-0.079
-0.079
-0.079
-0.078
-0.08
-0.08
-0.079
-0.078
-0.08
-0.083
-0.091
-0.083
-0.051
0.008
0.095
0.202
0.313
0.426
0.544
0.657
0.75
0.8
0.802
0.752
0.654
0.528
0.397
0.263
0.124
-0.008
-0.109
-0.177
-0.212
-0.215
-0.194
-0.168
-0.151
-0.14
-0.135
-0.13
-0.129
-0.128
-0.127
-0.127
-0.126
-0.126
-0.124
-0.123
-0.122
-0.12
-0.118
-0.115
-0.111
-0.102
-0.09
-0.076
-0.059
-0.041
-0.022
-0.005
0.012
0.029
0.048
0.068
0.088
0.107
0.124
0.139
0.151
0.161
0.167
0.171
0.175
0.178
0.179
0.179
0.177
0.174
0.17
0.164
0.158
0.151
0.143
0.132
0.119
0.104
0.088
0.067
0.045
0.024
0.005
-0.013
-0.029
-0.046
-0.063
-0.08
-0.097
-0.112
-0.119
-0.128
-0.132
-0.132
-0.131
-0.135
-0.134
-0.133
-0.133
-0.132
-0.13
-0.129
-0.127
-0.125
