0.021
0.018
0.012
0.003
-0.009
-0.018
-0.027
-0.034
-0.039
-0.044
-0.048
-0.049
-0.047
-0.045
-0.043
-0.042
-0.042
-0.043
-0.034
-0.011
0.022
0.065
0.12
0.177
0.242
0.282
0.297
0.284
0.247
0.178
0.095
0.031
-0.016
-0.052
-0.076
-0.068
-0.065
-0.063
-0.062
-0.062
-0.063
-0.063
-0.063
-0.06
-0.054
-0.049
-0.043
-0.033
-0.015
0.004
0.022
0.039
0.055
0.063
0.071
0.078
0.085
0.088
0.088
0.088
0.084
0.079
0.073
0.064
0.052
0.042
0.02
0.003
-0.013
-0.031
-0.049
-0.053
-0.059
-0.063
-0.064
-0.066
-0.068
-0.068
-0.068
-0.068
-0.066
-0.065
-0.065
-0.064
-0.064
-0.063
-0.062
-0.062
-0.063
-0.063
-0.063
-0.062
-0.061
-0.059
-0.06
-0.059
-0.059
-0.059
-0.059
-0.057
-0.055
-0.054
-0.052
-0.049
-0.047
-0.047
-0.046
-0.042
-0.03
-0.017
-0.004
0.007
0.015
0.014
0.005
-0.002
-0.011
-0.022
-0.035
-0.038
-0.044
-0.049
-0.052
-0.053
-0.053
-0.052
-0.051
-0.049
-0.049
-0.05
0.005
0.051
0.107
0.174
0.253
0.285
0.274
0.238
0.179
0.095
-0.009
-0.055
-0.077
-0.085
-0.08
-0.068
-0.06
-0.06
-0.059
-0.059
-0.059
-0.057
-0.054
-0.054
-0.044
-0.032
-0.021
-0.01
0.006
0.015
0.033
0.05
0.064
0.077
0.09
0.093
0.096
0.098
0.097
0.094
0.091
0.087
0.078
0.067
0.053
0.037
0.022
0.012
-0.003
-0.018
-0.032
-0.045
-0.057
-0.059
-0.057
-0.054
-0.053
-0.051
-0.051
-0.052
-0.051
-0.051
-0.049
-0.046
-0.046
-0.048
-0.047
-0.047
-0.045
-0.043
-0.042
-0.043
-0.042
-0.041
-0.041
-0.039
-0.032
-0.027
-0.023
-0.014
-0.002
0.005
0.014
0.021
0.025
0.024
0.023
0.019
0.008
-0.004
-0.015
-0.027
-0.036
-0.037
-0.036
-0.036
-0.036
-0.037
-0.038
-0.038
-0.043
-0.042
-0.046
-0.049
-0.042
-0.015
0.064
0.159
0.26
0.351
0.418
0.413
0.332
0.227
0.111
0.007
-0.079
-0.092
-0.089
-0.075
-0.063
-0.056
-0.054
-0.052
-0.053
-0.051
-0.05
-0.051
-0.05
-0.045
-0.033
-0.018
-0.002
0.012
0.028
0.039
0.055
0.071
0.084
0.092
0.1
0.101
0.102
0.102
0.1
0.096
0.092
0.088
0.075
0.062
0.045
0.026
0.007
-0.002
-0.017
-0.028
-0.038
-0.048
-0.057
-0.057
-0.057
-0.056
-0.055
-0.056
-0.057
-0.056
-0.054
-0.052
-0.05
-0.051
-0.051
-0.051
-0.051
-0.05
-0.049
-0.05
-0.051
-0.05
-0.049
-0.047
-0.045
-0.045
-0.046
-0.046
-0.046
-0.045
-0.044
-0.045
-0.046
-0.046
-0.039
-0.03
-0.019
-0.008
0.004
0.011
0.016
0.019
0.018
0.012
0.004
-0.005
-0.016
-0.026
-0.034
-0.042
-0.049
-0.049
-0.05
-0.049
-0.047
-0.047
-0.047
-0.046
-0.049
-0.052
-0.045
-0.028
0.001
0.049
0.152
0.247
0.316
0.357
0.375
0.321
0.202
0.101
0.017
-0.053
-0.108
-0.094
-0.083
-0.073
-0.067
-0.064
-0.049
-0.033
-0.016
0.001
0.021
0.03
0.044
0.055
0.066
0.074
0.079
0.079
0.078
0.076
0.074
0.068
0.06
0.053
0.037
0.021
0.005
-0.013
-0.031
-0.041
-0.053
-0.061
-0.068
-0.073
-0.077
-0.077
-0.076
-0.074
-0.072
-0.071
-0.071
-0.071
-0.071
-0.071
-0.069
-0.069
-0.07
-0.07
-0.069
-0.068
-0.065
-0.064
-0.065
-0.064
-0.065
-0.064
-0.063
-0.061
-0.062
-0.061
-0.061
-0.06
-0.057
-0.056
-0.056
-0.054
-0.043
-0.03
-0.016
-0.002
0.01
0.013
0.008
0.004
-0.001
-0.009
-0.02
-0.025
-0.034
-0.041
-0.045
-0.048
-0.051
-0.051
-0.051
-0.05
-0.048
-0.047
-0.048
-0.048
-0.018
0.002
0.034
0.077
0.13
0.163
0.208
0.254
0.276
0.273
0.242
0.199
0.118
0.052
-0.001
-0.037
-0.06
-0.059
-0.057
-0.054
-0.052
-0.054
-0.056
-0.057
-0.054
-0.048
-0.041
-0.03
-0.017
-0.009
0.01
0.025
0.04
0.053
0.065
0.067
0.078
0.086
0.093
0.099
0.1
0.097
0.09
0.084
0.079
0.071
0.061
0.053
0.032
0.01
