-0.082
-0.077
-0.069
-0.057
-0.043
-0.026
-0.009
0.006
0.02
0.033
0.043
0.049
0.053
0.054
0.052
0.049
0.043
0.033
0.021
0.007
-0.009
-0.027
-0.042
-0.054
-0.064
-0.072
-0.077
-0.078
-0.075
-0.075
-0.075
-0.074
-0.073
-0.076
-0.076
-0.075
-0.079
-0.078
-0.076
-0.074
-0.073
-0.066
-0.065
-0.067
-0.077
-0.081
-0.064
-0.025
0.039
0.137
0.256
0.371
0.48
0.588
0.697
0.784
0.82
0.805
0.742
0.629
0.488
0.352
0.223
0.094
-0.031
-0.128
-0.186
-0.209
-0.2
-0.172
-0.147
-0.131
-0.123
-0.121
-0.119
-0.118
-0.116
-0.115
-0.114
-0.113
-0.111
-0.11
-0.108
-0.106
-0.105
-0.104
-0.102
-0.097
-0.088
-0.076
-0.059
-0.039
-0.02
-0.002
0.015
0.032
0.051
0.069
0.088
0.108
0.13
0.146
0.159
0.169
0.175
0.179
0.183
0.186
0.188
0.189
0.189
0.186
0.182
0.177
0.172
0.165
0.158
0.15
0.14
0.125
0.108
0.088
0.068
0.047
0.027
0.007
-0.011
-0.026
-0.042
-0.058
-0.075
-0.093
-0.107
-0.118
-0.125
-0.128
-0.128
-0.126
-0.125
-0.124
-0.122
-0.12
-0.12
-0.118
-0.116
-0.116
-0.115
-0.114
-0.113
-0.111
-0.11
-0.108
-0.106
-0.104
-0.102
-0.101
-0.1
-0.1
-0.101
-0.1
-0.099
-0.098
-0.097
-0.096
-0.094
-0.093
-0.092
-0.09
-0.09
-0.089
-0.089
-0.088
-0.088
-0.087
-0.086
-0.084
-0.083
-0.082
-0.08
-0.079
-0.078
-0.077
-0.076
-0.075
-0.074
-0.074
-0.076
-0.075
-0.074
-0.069
-0.06
-0.045
-0.031
-0.014
0.016
0.032
0.045
0.057
0.067
0.06
0.064
0.066
0.064
0.06
0.053
0.043
0.03
0.016
0
-0.017
-0.034
-0.047
-0.056
-0.063
-0.066
-0.067
-0.07
-0.071
-0.071
-0.07
-0.07
-0.066
-0.065
-0.064
-0.063
-0.062
-0.062
-0.061
-0.061
-0.061
-0.061
-0.063
-0.072
-0.077
-0.059
-0.016
0.052
0.147
0.257
0.369
0.487
0.602
0.708
0.786
0.818
0.8
0.733
0.623
0.492
0.358
