-0.048
-0.046
-0.045
-0.045
-0.042
-0.037
-0.024
-0.009
0.003
0.012
0.019
0.02
0.015
0.01
0.001
-0.011
-0.025
-0.032
-0.037
-0.04
-0.042
-0.045
-0.046
-0.046
-0.046
-0.045
-0.045
-0.047
-0.048
-0.048
-0.018
0.023
0.076
0.138
0.213
0.27
0.294
0.293
0.267
0.213
0.135
0.067
0.013
-0.026
-0.053
-0.068
-0.069
-0.067
-0.068
-0.066
-0.065
-0.066
-0.067
-0.065
-0.061
-0.053
-0.044
-0.035
-0.024
-0.015
0.004
0.021
0.038
0.053
0.067
0.07
0.076
0.082
0.085
0.086
0.086
0.085
0.074
0.066
0.057
0.045
0.03
0.025
0.008
-0.009
-0.025
-0.042
-0.058
-0.064
-0.067
-0.068
-0.067
-0.067
-0.068
-0.068
-0.068
-0.067
-0.065
-0.066
-0.066
-0.064
-0.063
-0.061
-0.059
-0.059
-0.06
-0.06
-0.06
-0.058
-0.057
-0.057
-0.057
-0.057
-0.056
-0.055
-0.054
-0.055
-0.056
-0.055
-0.054
-0.05
-0.045
-0.04
-0.035
-0.027
-0.015
-0.002
0.008
0.015
0.02
0.018
0.009
-0.001
-0.012
-0.025
-0.037
-0.041
-0.043
-0.043
-0.042
-0.042
-0.043
-0.043
-0.044
-0.043
-0.04
-0.041
-0.046
-0.05
0
0.063
0.137
0.224
0.323
0.372
0.348
0.302
0.231
0.132
0.014
-0.041
-0.07
-0.085
-0.085
-0.073
-0.061
-0.06
-0.059
-0.058
-0.048
-0.036
-0.024
-0.012
0.001
0.01
0.027
0.044
0.062
0.077
0.089
0.092
0.094
0.096
0.098
0.097
0.094
0.092
0.082
0.071
0.059
0.045
0.028
0.018
-0
-0.016
-0.031
-0.045
-0.058
-0.061
-0.062
-0.059
-0.057
-0.055
-0.056
-0.055
-0.054
-0.053
-0.052
-0.05
-0.048
-0.048
-0.047
-0.045
-0.045
-0.046
-0.047
-0.047
-0.046
-0.045
-0.043
-0.042
-0.042
-0.042
-0.042
-0.041
-0.039
-0.038
-0.039
-0.039
-0.037
-0.031
-0.022
-0.012
0.002
0.014
0.022
0.027
0.029
0.023
0.01
-0.001
-0.012
-0.021
-0.029
-0.031
-0.032
-0.032
-0.03
-0.03
-0.03
-0.03
-0.035
-0.041
-0.039
-0.024
