0.027
0.023
0.013
0
-0.013
-0.025
-0.033
-0.033
-0.032
-0.033
-0.034
-0.036
-0.035
-0.035
-0.033
-0.032
-0.036
-0.042
-0.041
-0.03
0.04
0.123
0.218
0.319
0.406
0.419
0.357
0.269
0.155
0.04
-0.057
-0.083
-0.088
-0.08
-0.068
-0.059
-0.052
-0.051
-0.05
-0.05
-0.05
-0.051
-0.051
-0.049
-0.037
-0.024
-0.012
0.003
0.019
0.029
0.046
0.061
0.073
0.084
0.095
0.098
0.101
0.102
0.099
0.096
0.093
0.089
0.071
0.056
0.039
0.02
0.003
0.001
-0.014
-0.027
-0.041
-0.053
-0.062
-0.063
-0.064
-0.062
-0.06
-0.06
-0.061
-0.06
-0.062
-0.063
-0.064
-0.061
-0.062
-0.059
-0.059
-0.058
-0.056
-0.053
-0.052
-0.051
-0.052
-0.053
-0.052
-0.051
-0.049
-0.047
-0.049
-0.051
-0.051
-0.052
-0.046
-0.037
-0.03
-0.02
-0.006
0.001
0.008
0.013
0.012
0.007
0.002
-0.005
-0.015
-0.024
-0.034
-0.044
-0.051
-0.051
-0.051
-0.049
-0.049
-0.051
-0.052
-0.052
-0.052
-0.055
-0.057
-0.048
-0.026
0.01
0.107
0.21
0.197
0.162
0.115
0.011
-0.094
-0.088
-0.072
-0.059
-0.052
-0.05
-0.05
-0.05
-0.049
-0.048
-0.048
-0.049
-0.047
-0.043
-0.028
-0.011
0.005
0.02
0.036
0.045
0.06
0.074
0.084
0.09
0.097
0.098
0.098
0.098
0.095
0.09
0.084
0.077
0.063
0.049
0.031
0.011
-0.007
-0.016
-0.028
-0.037
-0.046
-0.055
-0.061
-0.06
-0.059
-0.057
-0.055
-0.056
-0.057
-0.056
-0.054
-0.051
-0.051
-0.052
-0.052
-0.052
-0.05
-0.048
-0.047
-0.048
-0.049
-0.049
-0.047
-0.045
-0.045
-0.046
-0.046
-0.046
-0.045
-0.043
-0.042
-0.043
-0.043
-0.041
-0.031
-0.018
-0.005
0.007
0.019
0.024
0.026
0.027
0.023
0.014
0.004
-0.004
-0.014
-0.022
-0.028
-0.035
-0.04
-0.04
-0.039
-0.036
-0.035
-0.035
-0.036
-0.035
-0.037
-0.026
-0.005
0.026
0.069
0.126
0.218
0.287
0.304
0.317
0.307
0.238
0.137
0.083
0.018
-0.033
-0.071
-0.06
-0.053
-0.047
-0.045
-0.045
-0.046
-0.047
-0.046
-0.043
-0.038
-0.034
-0.028
-0.02
-0.002
0.015
0.033
0.048
0.063
0.069
0.079
0.089
0.096
0.101
0.103
0.104
0.098
0.097
0.093
0.085
0.075
0.07
0.048
0.032
0.013
-0.005
-0.024
-0.027
-0.038
-0.04
-0.044
-0.049
-0.052
-0.051
-0.052
-0.05
-0.048
-0.048
-0.049
-0.048
-0.049
-0.047
-0.045
-0.045
-0.046
-0.045
-0.047
-0.045
-0.044
-0.044
-0.044
-0.042
-0.043
-0.041
-0.039
-0.039
-0.04
-0.039
-0.04
-0.039
-0.038
-0.038
-0.038
-0.034
-0.021
-0.007
0.007
0.021
0.033
0.033
0.026
0.022
0.013
0
-0.013
-0.018
-0.026
-0.033
-0.037
-0.038
-0.037
-0.036
-0.035
-0.036
-0.037
-0.039
-0.04
-0.043
0.002
0.056
0.12
0.198
0.292
0.346
0.34
0.308
0.248
0.163
0.058
-0.006
-0.041
-0.064
-0.075
-0.072
-0.058
-0.058
-0.056
-0.056
-0.056
-0.057
-0.057
-0.056
-0.047
-0.039
-0.03
-0.019
-0.004
0.005
0.022
0.038
0.052
0.065
0.08
0.085
0.09
0.092
0.092
0.091
0.091
0.089
0.081
0.07
0.056
0.039
0.023
0.012
-0.003
-0.019
-0.035
-0.051
-0.062
-0.065
-0.065
-0.065
-0.066
-0.068
-0.067
-0.068
-0.066
-0.064
-0.065
-0.066
-0.065
-0.064
-0.063
-0.061
-0.061
-0.062
-0.061
-0.06
-0.06
-0.059
-0.059
-0.059
-0.059
-0.057
-0.057
-0.056
-0.057
-0.058
-0.057
-0.054
-0.048
-0.043
-0.038
-0.031
-0.022
-0.016
-0.007
0.002
0.008
0.011
0.013
0.013
-0.002
-0.014
-0.028
-0.041
-0.052
-0.049
-0.047
-0.046
-0.047
-0.049
-0.049
-0.049
-0.051
-0.049
-0.049
-0.054
-0.056
-0.046
0.02
0.099
0.19
0.292
0.386
0.407
0.354
0.275
0.167
0.048
-0.056
-0.089
-0.098
-0.093
-0.08
-0.069
-0.061
-0.061
-0.058
-0.055
-0.055
-0.056
-0.056
-0.056
-0.046
-0.033
-0.021
-0.008
0.008
0.017
0.035
0.053
0.066
0.077
0.088
0.091
