0.07
0.09
0.11
0.126
0.139
0.151
0.16
0.166
0.171
0.174
0.176
0.178
0.178
0.177
0.182
0.178
0.173
0.168
0.162
0.146
0.134
0.12
0.104
0.086
0.065
0.044
0.023
0.003
-0.014
-0.03
-0.047
-0.066
-0.083
-0.1
-0.115
-0.125
-0.133
-0.136
-0.137
-0.136
-0.134
-0.134
-0.133
-0.132
-0.129
-0.127
-0.124
-0.122
-0.121
-0.12
-0.12
-0.119
-0.124
-0.123
-0.123
-0.121
-0.12
-0.112
-0.111
-0.109
-0.108
-0.107
-0.105
-0.103
-0.102
-0.102
-0.101
-0.101
-0.1
-0.099
-0.096
-0.094
-0.093
-0.092
-0.091
-0.09
-0.09
-0.088
-0.096
-0.095
-0.094
-0.093
-0.097
-0.088
-0.088
-0.087
-0.086
-0.08
-0.08
-0.078
-0.077
-0.072
-0.064
-0.053
-0.04
-0.023
-0.005
0.011
0.025
0.038
0.049
0.056
0.06
0.061
0.06
0.056
0.05
0.04
0.015
0.002
-0.014
-0.031
-0.047
-0.045
-0.056
-0.063
-0.068
-0.07
-0.07
-0.069
-0.07
-0.069
-0.069
-0.069
-0.068
-0.067
-0.066
-0.066
-0.065
-0.064
-0.063
-0.062
-0.061
-0.062
-0.069
-0.077
-0.064
-0.029
0.03
0.117
0.23
0.35
0.466
0.575
0.68
0.77
0.817
0.813
0.761
0.662
0.529
0.387
0.25
0.12
-0.003
-0.102
-0.17
-0.202
-0.199
-0.174
-0.149
-0.13
-0.121
-0.118
-0.116
-0.115
-0.115
-0.114
-0.111
-0.11
-0.109
-0.108
-0.111
-0.11
-0.11
-0.108
-0.105
-0.096
-0.088
-0.077
-0.063
-0.045
-0.027
-0.009
0.008
0.025
0.044
0.064
0.081
0.099
0.133
0.151
0.165
0.176
0.185
0.177
0.181
0.184
0.187
0.188
0.188
0.186
0.175
0.17
0.165
0.16
0.155
0.157
0.147
0.134
0.119
0.099
0.076
0.055
0.035
0.015
-0.004
-0.021
-0.037
-0.053
-0.069
-0.087
-0.102
-0.113
-0.121
-0.124
-0.124
-0.124
-0.122
-0.121
-0.12
-0.119
-0.118
-0.117
-0.116
-0.115
-0.114
-0.113
-0.113
-0.111
-0.11
-0.11
-0.11
-0.109
-0.108
-0.108
-0.106
-0.103
-0.102
-0.101
