-0.013
-0.002
0.011
0.017
0.017
0.018
0.014
0.007
-0.001
-0.003
-0.016
-0.024
-0.033
-0.039
-0.044
-0.041
-0.042
-0.04
-0.041
-0.041
-0.04
-0.037
-0.023
-0.019
-0.006
0.02
0.057
0.094
0.17
0.25
0.301
0.329
0.333
0.294
0.19
0.099
0.022
-0.039
-0.083
-0.076
-0.064
-0.056
-0.055
-0.056
-0.055
-0.055
-0.053
-0.051
-0.049
-0.047
-0.041
-0.035
-0.02
-0.003
0.013
0.027
0.042
0.052
0.065
0.077
0.085
0.091
0.096
0.097
0.096
0.094
0.089
0.081
0.072
0.065
0.048
0.032
0.013
-0.007
-0.025
-0.034
-0.043
-0.049
-0.055
-0.062
-0.066
-0.067
-0.068
-0.065
-0.064
-0.065
-0.064
-0.062
-0.063
-0.063
-0.061
-0.062
-0.061
-0.059
-0.058
-0.059
-0.058
-0.057
-0.056
-0.054
-0.054
-0.056
-0.058
-0.058
-0.057
-0.054
-0.052
-0.052
-0.052
-0.05
-0.038
-0.025
-0.011
0.002
0.013
0.015
0.013
0.009
0.002
-0.008
-0.02
-0.028
-0.036
-0.041
-0.045
-0.05
-0.052
-0.052
-0.05
-0.048
-0.047
-0.049
-0.05
-0.051
-0.038
-0.012
0.025
0.071
0.13
0.187
0.245
0.278
0.286
0.267
0.223
0.155
0.078
0.02
-0.024
-0.057
-0.075
-0.069
-0.067
-0.064
-0.063
-0.064
-0.065
-0.064
-0.06
-0.054
-0.043
-0.031
-0.019
-0.01
0.006
0.02
0.031
0.042
0.056
0.064
0.073
0.081
0.087
0.09
0.091
0.091
0.087
0.082
0.075
0.065
0.052
0.042
0.025
0.01
-0.006
-0.025
-0.043
-0.052
-0.059
-0.062
-0.062
-0.062
-0.062
-0.062
-0.061
-0.059
-0.057
-0.058
-0.058
-0.057
-0.056
-0.054
-0.052
-0.052
-0.053
-0.053
-0.054
-0.052
-0.051
-0.051
-0.052
-0.05
-0.05
-0.049
-0.047
-0.045
-0.044
-0.043
-0.041
-0.039
-0.04
-0.04
-0.037
-0.03
-0.018
-0.003
0.01
0.02
0.027
0.027
0.016
0.002
-0.011
-0.023
-0.036
-0.038
-0.038
-0.035
-0.036
-0.039
-0.039
-0.038
-0.039
-0.037
-0.034
-0.033
-0.035
-0.037
0.019
0.067
