0.023
0.02
0.01
-0.001
-0.013
-0.027
-0.038
-0.042
-0.044
-0.043
-0.042
-0.043
-0.044
-0.043
-0.042
-0.039
-0.037
-0.039
-0.044
-0.044
0.014
0.085
0.168
0.264
0.364
0.401
0.36
0.295
0.206
0.093
-0.022
-0.065
-0.083
-0.087
-0.077
-0.064
-0.054
-0.054
-0.053
-0.051
-0.048
-0.047
-0.047
-0.047
-0.038
-0.028
-0.015
-0.002
0.013
0.021
0.038
0.055
0.071
0.084
0.094
0.096
0.097
0.099
0.1
0.099
0.096
0.092
0.082
0.071
0.058
0.042
0.024
0.014
-0.004
-0.018
-0.029
-0.042
-0.053
-0.054
-0.054
-0.054
-0.052
-0.052
-0.053
-0.052
-0.051
-0.05
-0.048
-0.048
-0.049
-0.048
-0.047
-0.044
-0.042
-0.04
-0.04
-0.04
-0.04
-0.038
-0.037
-0.037
-0.038
-0.038
-0.04
-0.04
-0.038
-0.038
-0.033
-0.026
-0.019
-0.011
0
0.008
0.015
0.021
0.026
0.026
0.023
0.017
0.004
-0.008
-0.019
-0.028
-0.038
-0.038
-0.039
-0.038
-0.037
-0.038
-0.039
-0.039
-0.039
-0.039
-0.042
-0.042
-0.032
-0.009
0.073
0.172
0.274
0.359
0.418
0.404
0.313
0.201
0.089
-0.008
-0.09
-0.099
-0.092
-0.078
-0.066
-0.058
-0.055
-0.053
-0.053
-0.052
-0.051
-0.05
-0.05
-0.048
-0.037
-0.023
-0.008
0.009
0.024
0.034
0.047
0.061
0.075
0.086
0.094
0.095
0.094
0.094
0.092
0.09
0.084
0.078
0.062
0.046
0.03
0.013
-0.006
-0.015
-0.028
-0.04
-0.049
-0.057
-0.064
-0.064
-0.064
-0.063
-0.062
-0.061
-0.062
-0.063
-0.063
-0.063
-0.061
-0.059
-0.06
-0.06
-0.06
-0.059
-0.057
-0.055
-0.055
-0.055
-0.055
-0.055
-0.056
-0.055
-0.053
-0.053
-0.052
-0.05
-0.048
-0.048
-0.05
-0.051
-0.04
-0.032
-0.021
-0.008
0.003
0.005
0.007
0.008
0.007
0.004
-0.004
-0.01
-0.023
-0.033
-0.04
-0.047
-0.053
-0.054
-0.053
-0.053
-0.052
-0.05
-0.048
-0.049
-0.039
-0.038
-0.028
-0.007
0.024
0.058
0.146
0.236
0.3
0.339
