-0.058
-0.039
-0.022
-0.005
0.012
0.029
0.048
0.067
0.087
0.106
0.126
0.143
0.157
0.165
0.17
0.174
0.178
0.181
0.184
0.185
0.185
0.181
0.178
0.174
0.168
0.162
0.154
0.145
0.132
0.118
0.101
0.081
0.059
0.039
0.021
0.002
-0.017
-0.034
-0.05
-0.066
-0.084
-0.102
-0.116
-0.126
-0.131
-0.133
-0.131
-0.13
-0.129
-0.127
-0.118
-0.116
-0.115
-0.113
-0.113
-0.119
-0.118
-0.116
-0.115
-0.113
-0.111
-0.109
-0.109
-0.109
-0.11
-0.109
-0.108
-0.107
-0.104
-0.1
-0.099
-0.098
-0.097
-0.097
-0.096
-0.095
-0.088
-0.087
-0.085
-0.083
-0.082
-0.087
-0.087
-0.086
-0.086
-0.086
-0.084
-0.083
-0.083
-0.082
-0.08
-0.08
-0.08
-0.079
-0.078
-0.078
-0.078
-0.077
-0.075
-0.069
-0.059
-0.045
-0.028
-0.012
0.004
0.019
0.04
0.051
0.06
0.066
0.068
0.062
0.06
0.056
0.048
0.038
0.025
0.01
-0.007
-0.023
-0.037
-0.048
-0.057
-0.063
-0.065
-0.067
-0.068
-0.069
-0.069
-0.068
-0.068
-0.067
-0.066
-0.066
-0.065
-0.064
-0.063
-0.062
-0.062
-0.062
-0.061
-0.065
-0.075
-0.073
-0.049
-0.002
0.075
0.182
0.295
0.403
0.513
0.629
0.738
0.808
0.828
0.798
0.715
0.588
0.454
0.323
0.193
0.056
-0.064
-0.146
-0.192
-0.205
-0.186
-0.158
-0.138
-0.125
-0.119
-0.117
-0.116
-0.113
-0.111
-0.11
-0.109
-0.108
-0.108
-0.109
-0.109
-0.107
-0.106
-0.105
-0.102
-0.096
-0.086
-0.072
-0.055
-0.037
-0.02
-0.001
0.017
0.034
0.052
0.072
0.093
0.114
0.133
0.148
0.171
0.18
0.187
0.192
0.193
0.183
0.185
0.186
0.186
0.186
0.182
0.176
0.17
0.163
0.158
0.149
0.136
0.121
0.104
0.083
0.062
0.042
0.022
0.002
-0.016
-0.032
-0.049
-0.068
-0.085
-0.101
-0.109
-0.119
-0.125
-0.126
-0.125
-0.129
-0.128
-0.126
-0.125
-0.123
-0.122
-0.121
-0.119
-0.119
-0.117
-0.116
-0.116
-0.116
-0.115
-0.115
