-0.216
-0.159
0.006
0.027
0.06
0.103
0.195
0.159
0.122
-0.049
-0.158
-0.224
-0.219
-0.201
-0.116
-0.175
-0.188
-0.189
-0.139
-0.124
-0.024
-0.007
-0.008
-0.009
0.024
0.03
0.044
0.061
0.075
0.089
0.104
0.112
0.125
0.135
0.142
0.147
0.151
0.151
0.149
0.146
0.141
0.134
0.125
0.118
0.103
0.086
0.068
0.05
0.032
0.023
0.013
0.005
-0.002
-0.009
-0.013
-0.012
-0.01
-0.009
-0.01
-0.012
-0.013
-0.014
-0.013
-0.012
-0.012
-0.013
-0.013
-0.013
-0.012
-0.01
-0.011
-0.012
-0.013
-0.012
-0.011
-0.009
-0.009
-0.01
-0.011
-0.011
-0.011
-0.009
-0.009
-0.011
-0.011
-0.01
-0
0.012
0.024
0.034
0.045
0.048
0.049
0.047
0.042
0.032
0.023
0.014
0.006
-0
-0.007
-0.013
-0.017
-0.017
-0.031
-0.03
-0.028
-0.031
-0.104
-0.145
-0.145
-0.218
-0.28
-0.176
-0.067
-0.021
0.117
0.145
0.062
0.034
0.025
-0.036
-0.019
-0.077
-0.221
-0.288
-0.291
-0.283
-0.187
-0.177
-0.27
-0.31
-0.288
-0.284
-0.19
-0.175
-0.258
-0.3
-0.273
-0.26
-0.151
-0.12
-0.184
-0.225
-0.187
-0.176
-0.078
-0.058
-0.127
-0.189
-0.161
-0.156
-0.202
-0.214
-0.319
-0.402
-0.386
-0.254
-0.325
-0.264
-0.212
-0.264
-0.409
-0.399
-0.494
-0.646
-0.798
-0.712
-0.513
-0.34
-0.308
-0.214
-0.258
-0.32
-0.299
-0.168
-0.189
-0.105
-0.037
-0.039
-0.108
-0.1
-0.169
-0.235
-0.356
-0.324
-0.195
-0.069
-0.118
-0.039
-0.107
-0.144
-0.144
-0.025
-0.071
0.014
-0.046
-0.066
-0.066
0.039
0.069
0.176
0.188
0.194
0.198
0.216
0.21
0.221
0.212
0.199
0.183
0.178
0.168
0.16
0.156
0.155
0.152
0.153
0.153
0.151
0.148
0.146
0.192
0.25
0.32
0.403
0.496
0.539
0.513
0.46
0.383
0.283
0.171
0.121
0.095
0.081
0.079
0.088
0.098
0.097
0.097
0.097
0.095
0.093
0.094
0.093
0.099
0.106
0.114
0.123
