-0.048
-0.051
-0.054
-0.057
-0.057
-0.055
-0.056
-0.053
-0.053
-0.054
-0.054
-0.053
-0.007
0.03
0.077
0.135
0.204
0.238
0.242
0.25
0.233
0.189
0.121
0.083
0.026
-0.017
-0.047
-0.062
-0.065
-0.064
-0.063
-0.063
-0.064
-0.064
-0.063
-0.062
-0.054
-0.045
-0.035
-0.023
-0.008
0
0.017
0.033
0.046
0.059
0.073
0.076
0.08
0.081
0.081
0.079
0.079
0.077
0.069
0.059
0.046
0.032
0.018
0.007
-0.009
-0.027
-0.042
-0.055
-0.064
-0.066
-0.066
-0.067
-0.067
-0.066
-0.064
-0.062
-0.059
-0.06
-0.06
-0.059
-0.057
-0.058
-0.057
-0.057
-0.058
-0.057
-0.054
-0.053
-0.052
-0.053
-0.052
-0.05
-0.049
-0.048
-0.046
-0.047
-0.046
-0.044
-0.04
-0.036
-0.029
-0.02
-0.012
-0.002
0.009
0.015
0.02
0.024
0.026
0.022
0.01
-0.004
-0.019
-0.03
-0.038
-0.039
-0.038
-0.039
-0.041
-0.041
-0.039
-0.039
-0.039
-0.04
-0.044
-0.049
-0.046
-0.031
0.065
0.149
0.247
0.352
0.439
0.423
0.332
0.239
0.121
0.007
-0.087
-0.085
-0.089
-0.081
-0.069
-0.057
-0.049
-0.049
-0.048
-0.048
-0.05
-0.049
-0.047
-0.046
-0.033
-0.022
-0.008
0.008
0.028
0.037
0.055
0.069
0.081
0.094
0.107
0.109
0.111
0.11
0.107
0.105
0.105
0.101
0.089
0.072
0.055
0.039
0.023
0.013
-0.001
-0.018
-0.033
-0.044
-0.05
-0.05
-0.049
-0.05
-0.053
-0.055
-0.053
-0.054
-0.052
-0.052
-0.054
-0.054
-0.051
-0.05
-0.048
-0.048
-0.051
-0.051
-0.049
-0.048
-0.047
-0.047
-0.05
-0.05
-0.048
-0.047
-0.045
-0.044
-0.045
-0.046
-0.046
-0.046
-0.04
-0.033
-0.026
-0.016
-0.003
0.004
0.011
0.016
0.016
0.013
0.009
0.003
-0.007
-0.018
-0.029
-0.039
-0.046
-0.046
-0.045
-0.044
-0.046
-0.047
-0.047
-0.047
-0.047
-0.05
-0.05
-0.04
-0.019
0.017
0.114
0.213
0.296
0.354
0.39
0.352
0.245
0.137
0.041
-0.039
-0.099
-0.093
-0.079
-0.067
-0.06
-0.058
-0.056
-0.056
-0.054
-0.054
-0.054
-0.055
-0.052
-0.047
-0.032
-0.016
-0
0.016
0.032
0.041
0.055
0.069
0.078
0.084
0.089
0.089
0.089
0.088
0.085
0.08
0.074
0.068
0.055
0.041
0.024
0.006
-0.011
-0.02
-0.032
-0.042
-0.051
-0.06
-0.066
-0.065
-0.063
-0.061
-0.059
-0.06
-0.061
-0.062
-0.061
-0.059
-0.059
-0.059
-0.06
-0.06
-0.06
-0.059
-0.06
-0.061
-0.062
-0.062
-0.061
-0.059
-0.058
-0.059
-0.059
-0.058
-0.059
-0.058
-0.056
-0.054
-0.052
-0.046
-0.034
-0.023
-0.014
-0.004
0.006
0.01
0.007
0.006
0
-0.007
-0.014
-0.016
-0.028
-0.035
-0.044
-0.051
-0.055
-0.052
-0.052
-0.049
-0.048
-0.049
-0.028
-0.016
0.031
0.066
0.114
0.149
0.207
0.241
0.274
0.282
0.268
0.23
0.141
0.065
0.004
-0.045
-0.078
-0.073
-0.067
-0.063
-0.061
-0.062
-0.063
-0.061
-0.058
-0.055
-0.051
-0.046
-0.04
-0.033
-0.014
0.004
0.021
0.038
0.054
0.061
0.071
0.08
0.087
0.091
0.093
0.095
0.088
0.084
0.078
0.068
0.058
0.054
0.033
0.012
-0.007
-0.027
-0.047
-0.053
-0.058
-0.061
-0.062
-0.061
-0.059
-0.057
-0.055
-0.055
-0.054
-0.053
-0.051
-0.05
-0.05
-0.051
-0.052
-0.052
-0.05
-0.049
-0.048
-0.048
-0.047
-0.046
-0.044
-0.044
-0.043
-0.045
-0.046
-0.046
-0.044
-0.043
-0.041
-0.041
-0.039
-0.034
-0.026
-0.018
-0.003
0.008
0.016
0.024
0.032
0.031
0.025
0.015
0.003
-0.011
-0.022
-0.028
-0.032
-0.036
-0.038
-0.038
-0.036
-0.035
-0.033
-0.033
-0.033
-0.033
-0.033
-0.037
0.008
0.062
0.127
0.206
0.301
0.353
0.318
0.281
0.219
0.135
0.03
-0.003
-0.038
-0.06
-0.07
-0.065
-0.051
-0.05
-0.049
-0.048
-0.048
-0.048
-0.046
-0.045
-0.035
-0.027
-0.019
-0.007
0.007
0.012
0.032
0.048
0.062
0.077
0.091
0.093
0.097
0.098
0.097
0.096
0.096
0.093
