-0.059
-0.053
-0.038
-0.02
-0.003
0.013
0.027
0.038
0.049
0.056
0.059
0.06
0.058
0.054
0.035
0.025
0.014
0
-0.016
-0.02
-0.036
-0.049
-0.059
-0.067
-0.072
-0.074
-0.073
-0.073
-0.073
-0.072
-0.071
-0.071
-0.071
-0.07
-0.07
-0.069
-0.068
-0.068
-0.068
-0.067
-0.067
-0.069
-0.078
-0.084
-0.069
-0.033
0.029
0.123
0.242
0.357
0.465
0.572
0.681
0.771
0.814
0.806
0.75
0.642
0.502
0.363
0.18
0.051
-0.074
-0.174
-0.236
-0.207
-0.201
-0.174
-0.151
-0.136
-0.129
-0.127
-0.127
-0.126
-0.124
-0.123
-0.122
-0.121
-0.12
-0.12
-0.119
-0.118
-0.116
-0.115
-0.113
-0.108
-0.1
-0.087
-0.071
-0.052
-0.035
-0.018
-0.001
0.018
0.037
0.057
0.075
0.094
0.114
0.131
0.144
0.155
0.162
0.167
0.171
0.174
0.175
0.177
0.175
0.173
0.169
0.165
0.16
0.156
0.15
0.143
0.133
0.119
0.102
0.081
0.06
0.04
0.02
-0.001
-0.019
-0.035
-0.051
-0.068
-0.085
-0.102
-0.117
-0.127
-0.134
-0.138
-0.139
-0.137
-0.136
-0.136
-0.134
-0.133
-0.132
-0.131
-0.13
-0.128
-0.127
-0.126
-0.124
-0.122
-0.121
-0.12
-0.119
-0.118
-0.118
-0.117
-0.118
-0.118
-0.117
-0.115
-0.114
-0.111
-0.11
-0.109
-0.108
-0.106
-0.105
-0.104
-0.103
-0.103
-0.102
-0.101
-0.1
-0.099
-0.096
-0.094
-0.093
-0.092
-0.091
-0.091
-0.091
-0.091
-0.09
-0.09
-0.089
-0.087
-0.086
-0.085
-0.083
-0.077
-0.068
-0.055
-0.041
-0.024
-0.007
0.009
0.024
0.036
0.045
0.05
0.054
0.054
0.052
0.048
0.04
0.028
0.014
-0.001
-0.016
-0.032
-0.047
-0.06
-0.068
-0.074
-0.077
-0.078
-0.078
-0.079
-0.08
-0.08
-0.078
-0.078
-0.078
-0.077
-0.069
-0.069
-0.068
-0.066
-0.065
-0.071
-0.07
-0.073
-0.082
-0.084
-0.065
-0.022
0.049
0.144
0.253
0.364
0.48
0.596
0.703
0.78
0.81
0.791
0.721
0.609
0.479
0.347
0.209
0.07
