-0.143
-0.138
-0.137
-0.135
-0.133
-0.127
-0.126
-0.125
-0.124
-0.123
-0.121
-0.12
-0.119
-0.118
-0.116
-0.113
-0.106
-0.096
-0.081
-0.062
-0.044
-0.026
-0.008
0.01
0.027
0.046
0.065
0.083
0.104
0.123
0.135
0.146
0.155
0.163
0.168
0.175
0.177
0.18
0.18
0.179
0.177
0.172
0.167
0.16
0.154
0.147
0.137
0.125
0.11
0.092
0.071
0.051
0.031
0.011
-0.009
-0.027
-0.043
-0.059
-0.077
-0.095
-0.11
-0.122
-0.13
-0.133
-0.134
-0.133
-0.131
-0.129
-0.128
-0.127
-0.126
-0.125
-0.124
-0.123
-0.122
-0.121
-0.12
-0.119
-0.118
-0.117
-0.116
-0.116
-0.115
-0.115
-0.114
-0.112
-0.11
-0.108
-0.106
-0.104
-0.102
-0.101
-0.1
-0.099
-0.098
-0.097
-0.097
-0.095
-0.094
-0.093
-0.092
-0.091
-0.092
-0.091
-0.09
-0.089
-0.089
-0.087
-0.086
-0.085
-0.083
-0.081
-0.078
-0.077
-0.076
-0.075
-0.074
-0.072
-0.066
-0.057
-0.043
-0.027
-0.011
0.007
0.025
0.039
0.05
0.059
0.064
0.065
0.064
0.061
0.056
0.047
0.035
0.022
0.006
-0.01
-0.026
-0.041
-0.052
-0.06
-0.065
-0.068
-0.068
-0.069
-0.069
-0.068
-0.068
-0.067
-0.066
-0.064
-0.064
-0.063
-0.061
-0.061
-0.061
-0.061
-0.061
-0.061
-0.067
-0.076
-0.069
-0.039
0.017
0.099
0.204
0.315
0.431
0.547
0.659
0.756
0.812
0.821
0.778
0.688
0.564
0.433
0.296
0.157
0.025
-0.081
-0.154
-0.195
-0.201
-0.179
-0.153
-0.135
-0.124
-0.12
-0.119
-0.117
-0.115
-0.114
-0.112
-0.11
-0.109
-0.108
-0.107
-0.106
-0.106
-0.105
-0.103
-0.099
-0.092
-0.081
-0.066
-0.049
-0.029
-0.01
0.008
0.024
0.04
0.058
0.077
0.096
0.115
0.133
0.157
0.17
0.179
0.186
0.19
0.184
0.187
0.189
0.19
0.19
0.188
0.184
0.179
0.172
0.165
0.157
0.147
0.133
0.119
0.102
0.08
0.058
0.037
0.018
-0.001
-0.018
-0.034
-0.052
-0.069
-0.086
-0.102
-0.115
