0.063
0.056
0.04
0.025
0.008
-0.011
-0.028
-0.038
-0.045
-0.05
-0.054
-0.058
-0.059
-0.058
-0.057
-0.055
-0.055
-0.056
-0.056
-0.055
-0.054
-0.052
-0.05
-0.051
-0.051
-0.049
-0.05
-0.049
-0.048
-0.049
-0.049
-0.046
-0.046
-0.044
-0.043
-0.044
-0.045
-0.042
-0.043
-0.041
-0.04
-0.039
-0.036
-0.029
-0.015
-0
0.014
0.024
0.032
0.033
0.023
0.018
0.009
-0.003
-0.017
-0.019
-0.027
-0.031
-0.033
-0.035
-0.036
-0.034
-0.032
-0.03
-0.029
-0.03
-0.03
-0.029
-0.005
0.031
0.077
0.133
0.201
0.259
0.296
0.309
0.296
0.255
0.188
0.119
0.057
0.011
-0.022
-0.043
-0.05
-0.047
-0.046
-0.044
-0.042
-0.044
-0.045
-0.045
-0.042
-0.035
-0.027
-0.018
-0.009
-0
0.017
0.034
0.05
0.065
0.081
0.087
0.094
0.101
0.105
0.106
0.106
0.104
0.098
0.093
0.085
0.073
0.05
0.029
0.007
-0.016
-0.036
-0.044
-0.049
-0.051
-0.05
-0.05
-0.051
-0.052
-0.052
-0.052
-0.05
-0.05
-0.05
-0.05
-0.05
-0.049
-0.047
-0.047
-0.049
-0.048
-0.048
-0.047
-0.046
-0.047
-0.048
-0.048
-0.049
-0.048
-0.046
-0.047
-0.048
-0.048
-0.048
-0.046
-0.041
-0.037
-0.032
-0.025
-0.012
0.002
0.014
0.021
0.026
0.025
0.015
0.005
-0.005
-0.018
-0.032
-0.037
-0.042
-0.045
-0.044
-0.044
-0.046
-0.045
-0.046
-0.046
-0.045
-0.046
-0.051
-0.055
-0.01
0.049
0.119
0.2
0.295
0.35
0.337
0.301
0.241
0.154
0.041
-0.021
-0.058
-0.079
-0.086
-0.079
-0.066
-0.065
-0.066
-0.065
-0.063
-0.062
-0.063
-0.062
-0.057
-0.048
-0.037
-0.026
-0.014
-0.005
0.012
0.029
0.046
0.061
0.074
0.077
0.08
0.083
0.085
0.085
0.082
0.078
0.068
0.058
0.048
0.035
0.019
0.008
-0.011
-0.028
-0.042
-0.055
-0.069
-0.073
-0.076
-0.075
-0.073
-0.071
-0.07
-0.07
-0.07
-0.069
-0.067
-0.065
-0.065
-0.065
-0.064
-0.063
-0.061
-0.059
