0.004
0.026
0.046
0.065
0.084
0.089
0.093
0.096
0.099
0.101
0.102
0.1
0.091
0.081
0.069
0.054
0.039
0.029
0.012
-0.004
-0.018
-0.033
-0.045
-0.048
-0.051
-0.051
-0.049
-0.05
-0.049
-0.049
-0.05
-0.05
-0.05
-0.051
-0.051
-0.049
-0.049
-0.048
-0.047
-0.047
-0.046
-0.046
-0.046
-0.045
-0.043
-0.044
-0.043
-0.042
-0.041
-0.04
-0.038
-0.039
-0.038
-0.038
-0.037
-0.033
-0.026
-0.02
-0.011
-0.002
0.008
0.016
0.024
0.027
0.029
0.026
0.014
0.002
-0.009
-0.021
-0.032
-0.034
-0.035
-0.037
-0.036
-0.036
-0.035
-0.034
-0.034
-0.034
-0.034
-0.038
-0.042
-0.037
0.026
0.102
0.195
0.298
0.393
0.417
0.363
0.283
0.181
0.064
-0.03
-0.056
-0.069
-0.069
-0.056
-0.055
-0.055
-0.055
-0.054
-0.054
-0.054
-0.053
-0.043
-0.032
-0.018
-0.003
0.026
0.045
0.063
0.078
0.093
0.092
0.092
0.092
0.092
0.091
0.089
0.085
0.073
0.058
0.044
0.028
0.011
0.002
-0.015
-0.03
-0.043
-0.054
-0.064
-0.064
-0.063
-0.062
-0.061
-0.061
-0.061
-0.061
-0.06
-0.062
-0.061
-0.059
-0.06
-0.06
-0.058
-0.059
-0.059
-0.058
-0.058
-0.058
-0.057
-0.058
-0.058
-0.057
-0.058
-0.057
-0.057
-0.056
-0.055
-0.053
-0.053
-0.052
-0.043
-0.036
-0.026
-0.016
-0.005
-0.002
0.005
0.009
0.012
0.012
0.009
0.003
-0.01
-0.023
-0.034
-0.042
-0.05
-0.05
-0.051
-0.051
-0.052
-0.052
-0.052
-0.052
-0.052
-0.056
-0.059
-0.052
-0.034
-0.005
0.086
0.188
0.286
0.36
0.407
0.381
0.277
0.157
0.049
-0.04
-0.111
-0.109
-0.096
-0.082
-0.072
-0.067
-0.066
-0.065
-0.065
-0.065
-0.064
-0.062
-0.06
-0.056
-0.043
-0.028
-0.011
0.006
0.023
0.033
0.047
0.059
0.071
0.08
0.087
0.087
0.085
0.082
0.08
0.077
0.072
0.068
0.054
0.038
0.02
0.003
-0.015
-0.024
-0.037
-0.049
-0.057
-0.064
-0.07
-0.068
-0.068
-0.067
