0.011
0.014
0.016
0.014
0.004
-0.006
-0.018
-0.031
-0.042
-0.045
-0.046
-0.045
-0.044
-0.046
-0.048
-0.047
-0.046
-0.045
-0.044
-0.046
-0.051
-0.048
0.013
0.087
0.174
0.272
0.371
0.402
0.358
0.291
0.197
0.08
-0.032
-0.071
-0.088
-0.09
-0.079
-0.067
-0.059
-0.059
-0.058
-0.055
-0.053
-0.053
-0.055
-0.055
-0.047
-0.035
-0.022
-0.007
0.008
0.017
0.035
0.053
0.068
0.08
0.092
0.093
0.096
0.098
0.099
0.096
0.092
0.089
0.078
0.067
0.054
0.038
0.019
0.009
-0.007
-0.02
-0.031
-0.044
-0.054
-0.057
-0.057
-0.056
-0.053
-0.053
-0.053
-0.052
-0.052
-0.051
-0.05
-0.051
-0.051
-0.05
-0.05
-0.047
-0.045
-0.045
-0.046
-0.045
-0.045
-0.042
-0.041
-0.041
-0.041
-0.041
-0.041
-0.04
-0.038
-0.038
-0.038
-0.037
-0.032
-0.024
-0.015
-0.006
0.004
0.011
0.017
0.023
0.024
0.024
0.02
0.015
0.002
-0.006
-0.015
-0.026
-0.036
-0.037
-0.038
-0.037
-0.036
-0.035
-0.036
-0.035
-0.036
-0.037
-0.038
-0.036
-0.022
0.004
0.089
0.189
0.29
0.37
0.424
0.406
0.31
0.196
0.087
-0.007
-0.086
-0.092
-0.083
-0.07
-0.059
-0.053
-0.051
-0.05
-0.05
-0.048
-0.047
-0.046
-0.046
-0.043
-0.029
-0.014
0.002
0.018
0.032
0.038
0.052
0.066
0.078
0.088
0.094
0.094
0.092
0.091
0.087
0.084
0.078
0.074
0.056
0.045
0.03
0.014
-0.006
-0.013
-0.028
-0.04
-0.048
-0.056
-0.063
-0.063
-0.063
-0.062
-0.061
-0.061
-0.063
-0.063
-0.064
-0.064
-0.063
-0.062
-0.062
-0.061
-0.061
-0.06
-0.059
-0.058
-0.057
-0.057
-0.056
-0.056
-0.057
-0.058
-0.058
-0.059
-0.06
-0.058
-0.056
-0.053
-0.04
-0.028
-0.015
-0.004
0.005
0.007
0.008
0.008
0.008
0.003
-0.004
-0.01
-0.021
-0.033
-0.042
-0.049
-0.053
-0.053
-0.051
-0.049
-0.049
-0.049
-0.048
-0.047
-0.035
-0.01
0.025
0.07
0.129
0.187
0.247
0.281
0.289
0.272
0.23
0.162
0.085
0.025
-0.022
-0.057
-0.077
-0.071
-0.067
-0.064
-0.063
-0.063
-0.062
-0.062
-0.06
-0.056
-0.034
-0.013
0.008
0.031
0.056
0.063
0.071
0.079
0.083
0.084
0.085
0.085
0.081
0.078
0.07
0.059
0.048
0.039
0.022
0.006
-0.011
-0.03
-0.048
-0.056
-0.062
-0.065
-0.067
-0.069
-0.069
-0.069
-0.068
-0.066
-0.065
-0.066
-0.065
-0.064
-0.063
-0.061
-0.059
-0.06
-0.06
-0.059
-0.058
-0.057
-0.056
-0.057
-0.058
-0.057
-0.056
-0.053
-0.052
-0.053
-0.053
-0.052
-0.052
-0.049
-0.046
-0.044
-0.04
-0.033
-0.019
-0.005
0.007
0.016
0.024
0.024
0.013
0.006
-0.004
-0.018
-0.032
-0.033
-0.039
-0.04
-0.041
-0.042
-0.044
-0.042
-0.043
-0.042
-0.042
-0.042
-0.043
-0.043
0.014
0.062
0.12
0.19
0.273
0.308
0.32
0.308
0.27
0.204
0.114
0.048
0.001
-0.031
-0.051
-0.059
-0.054
-0.054
-0.054
-0.052
-0.05
-0.05
-0.05
-0.049
-0.042
-0.034
-0.024
-0.015
-0.004
0.004
0.021
0.04
0.059
0.074
0.088
0.094
0.098
0.102
0.103
0.102
0.099
0.097
0.089
0.082
0.073
0.061
0.046
0.036
0.019
0.003
-0.012
-0.029
-0.044
-0.049
-0.053
-0.054
-0.054
-0.055
-0.057
-0.057
-0.055
-0.052
-0.051
-0.05
-0.05
-0.051
-0.051
-0.05
-0.048
-0.047
-0.046
-0.046
-0.047
-0.046
-0.045
-0.044
-0.044
-0.044
-0.045
-0.045
-0.044
-0.039
-0.033
-0.027
-0.02
-0.012
0
0.012
0.021
0.026
0.028
0.025
0.014
0.003
-0.008
-0.021
-0.033
-0.037
-0.039
-0.039
-0.037
-0.037
-0.038
-0.038
-0.039
-0.038
-0.037
-0.039
-0.045
-0.046
0.01
0.08
0.162
0.257
0.358
0.396
0.358
0.298
0.214
0.103
-0.012
-0.057
-0.08
-0.087
-0.079
-0.066
-0.057
-0.056
-0.057
-0.057
-0.047
-0.035
-0.024
-0.011
0.001
0.009
0.024
0.042
0.058
0.073
0.085
0.088
0.088
0.09
0.091
0.089
0.086
0.082
