-0.124
-0.128
-0.128
-0.128
-0.126
-0.124
-0.123
-0.122
-0.121
-0.12
-0.12
-0.118
-0.117
-0.115
-0.113
-0.113
-0.112
-0.111
-0.11
-0.108
-0.106
-0.105
-0.104
-0.103
-0.102
-0.1
-0.098
-0.097
-0.094
-0.094
-0.094
-0.093
-0.091
-0.091
-0.089
-0.087
-0.086
-0.087
-0.086
-0.086
-0.086
-0.086
-0.085
-0.084
-0.083
-0.082
-0.081
-0.08
-0.079
-0.079
-0.079
-0.079
-0.079
-0.079
-0.078
-0.075
-0.069
-0.059
-0.045
-0.028
-0.011
0.006
0.024
0.037
0.047
0.056
0.061
0.058
0.058
0.055
0.049
0.04
0.029
0.016
-0
-0.017
-0.032
-0.045
-0.056
-0.065
-0.07
-0.073
-0.075
-0.076
-0.076
-0.076
-0.076
-0.075
-0.074
-0.073
-0.073
-0.071
-0.071
-0.07
-0.071
-0.07
-0.07
-0.07
-0.076
-0.086
-0.078
-0.049
0.003
0.086
0.199
0.317
0.428
0.537
0.647
0.749
0.807
0.815
0.773
0.682
0.548
0.408
0.276
0.147
0.016
-0.096
-0.173
-0.212
-0.216
-0.194
-0.167
-0.147
-0.136
-0.132
-0.131
-0.13
-0.128
-0.127
-0.126
-0.125
-0.124
-0.124
-0.123
-0.121
-0.12
-0.119
-0.118
-0.114
-0.108
-0.098
-0.073
-0.054
-0.034
-0.016
0.002
0.011
0.03
0.048
0.067
0.086
0.106
0.124
0.135
0.146
0.155
0.162
0.166
0.174
0.176
0.179
0.179
0.178
0.175
0.171
0.165
0.159
0.152
0.144
0.135
0.123
0.107
0.09
0.07
0.048
0.028
0.007
-0.013
-0.03
-0.045
-0.063
-0.081
-0.099
-0.122
-0.134
-0.144
-0.148
-0.151
-0.143
-0.142
-0.139
-0.137
-0.135
-0.134
-0.134
-0.134
-0.133
-0.132
-0.131
-0.13
-0.129
-0.129
-0.128
-0.127
-0.125
-0.123
-0.121
-0.12
-0.12
-0.118
-0.117
-0.117
-0.115
-0.113
-0.112
-0.11
-0.109
-0.107
-0.105
-0.104
-0.103
-0.101
-0.101
-0.101
-0.101
-0.101
-0.101
-0.1
-0.099
-0.097
-0.096
-0.094
-0.092
-0.091
-0.09
-0.089
-0.088
-0.088
-0.087
-0.086
-0.083
-0.076
-0.066
-0.052
-0.037
-0.02
-0.003
