0.039
0.028
0.018
0.009
0
-0.008
-0.017
-0.026
-0.035
-0.044
-0.049
-0.054
-0.057
-0.058
-0.057
-0.059
-0.058
-0.058
-0.058
-0.058
-0.058
-0.056
-0.055
-0.054
-0.052
-0.051
-0.051
-0.05
-0.049
-0.048
-0.048
-0.048
-0.047
-0.047
-0.046
-0.045
-0.044
-0.043
-0.043
-0.044
-0.042
-0.042
-0.042
-0.041
-0.04
-0.042
-0.042
-0.042
-0.042
-0.042
-0.042
-0.041
-0.04
-0.04
-0.04
-0.039
-0.039
-0.039
-0.038
-0.038
-0.039
-0.038
-0.037
-0.038
-0.038
-0.038
-0.037
-0.035
-0.031
-0.026
-0.018
-0.009
0
0.009
0.018
0.023
0.028
0.031
0.033
0.033
0.032
0.03
0.026
0.02
0.014
0.007
-0.002
-0.011
-0.019
-0.026
-0.032
-0.036
-0.037
-0.038
-0.039
-0.04
-0.039
-0.04
-0.039
-0.038
-0.037
-0.036
-0.035
-0.034
-0.035
-0.034
-0.035
-0.034
-0.035
-0.036
-0.042
-0.042
-0.032
-0.01
0.025
0.075
0.133
0.191
0.249
0.306
0.359
0.398
0.414
0.403
0.368
0.311
0.242
0.173
0.104
0.037
-0.023
-0.069
-0.097
-0.108
-0.101
-0.088
-0.077
-0.069
-0.065
-0.065
-0.065
-0.065
-0.063
-0.062
-0.061
-0.06
-0.058
-0.057
-0.056
-0.055
-0.056
-0.057
-0.056
-0.054
-0.05
-0.043
-0.033
-0.023
-0.015
-0.006
0.002
0.01
0.018
0.028
0.037
0.046
0.055
0.063
0.071
0.076
0.08
0.083
0.084
0.083
0.084
0.084
0.084
0.083
0.081
0.08
0.077
0.074
0.071
0.067
0.061
0.054
0.046
0.037
0.025
0.015
0.005
-0.005
-0.015
-0.024
-0.032
-0.04
-0.048
-0.057
-0.065
-0.07
-0.075
-0.076
-0.076
-0.074
-0.074
-0.074
-0.074
-0.072
-0.071
-0.071
-0.069
-0.068
-0.068
-0.067
-0.066
-0.066
-0.066
-0.066
-0.065
-0.065
-0.063
-0.063
-0.062
-0.061
-0.06
-0.06
-0.06
-0.061
-0.06
-0.06
-0.06
-0.059
-0.057
-0.056
-0.057
-0.056
-0.055
-0.055
-0.055
-0.054
-0.053
-0.054
-0.053
-0.052
-0.052
-0.051
-0.05
-0.05
-0.05
-0.049
