0.703
0.583
0.452
0.317
0.177
0.04
-0.066
-0.143
-0.187
-0.198
-0.179
-0.158
-0.139
-0.126
-0.121
-0.119
-0.116
-0.114
-0.112
-0.111
-0.11
-0.11
-0.11
-0.11
-0.109
-0.109
-0.108
-0.106
-0.102
-0.094
-0.083
-0.07
-0.054
-0.036
-0.017
0.002
0.019
0.037
0.056
0.077
0.097
0.115
0.132
0.147
0.16
0.169
0.176
0.18
0.183
0.185
0.187
0.188
0.186
0.183
0.179
0.173
0.168
0.162
0.156
0.147
0.135
0.12
0.104
0.083
0.06
0.037
0.018
-0.001
-0.018
-0.035
-0.063
-0.079
-0.096
-0.111
-0.125
-0.123
-0.129
-0.13
-0.13
-0.129
-0.128
-0.128
-0.127
-0.126
-0.125
-0.124
-0.123
-0.122
-0.12
-0.119
-0.119
-0.118
-0.117
-0.116
-0.116
-0.115
-0.113
-0.112
-0.111
-0.11
-0.11
-0.109
-0.108
-0.106
-0.104
-0.1
-0.099
-0.097
-0.096
-0.095
-0.095
-0.094
-0.095
-0.094
-0.094
-0.093
-0.093
-0.092
-0.091
-0.09
-0.09
-0.09
-0.089
-0.089
-0.088
-0.087
-0.086
-0.085
-0.084
-0.083
-0.081
-0.075
-0.066
-0.054
-0.026
-0.008
0.008
0.023
0.036
0.036
0.045
0.051
0.053
0.053
0.052
0.047
0.038
0.027
0.015
-0.001
-0.02
-0.036
-0.049
-0.061
-0.071
-0.077
-0.08
-0.081
-0.082
-0.083
-0.082
-0.082
-0.082
-0.081
-0.074
-0.073
-0.072
-0.07
-0.069
-0.075
-0.075
-0.075
-0.075
-0.08
-0.089
-0.085
-0.059
-0.011
0.067
0.177
0.295
0.408
0.516
0.624
0.729
0.797
0.812
0.778
0.695
0.565
0.424
0.291
0.162
0.034
-0.061
-0.144
-0.19
-0.199
-0.179
-0.173
-0.151
-0.139
-0.134
-0.133
-0.132
-0.132
-0.131
-0.131
-0.129
-0.128
-0.126
-0.124
-0.122
-0.121
-0.12
-0.12
-0.117
-0.111
-0.102
-0.088
-0.069
-0.05
-0.033
-0.014
0.005
0.024
0.043
0.061
0.096
0.115
0.134
0.15
0.162
0.154
0.16
0.164
0.167
0.169
0.171
0.173
0.172
0.17
0.166
0.161
0.155
0.148
0.141
0.131
0.119
0.104
