0.058
0.048
0.032
0.013
-0.005
-0.022
-0.037
-0.046
-0.051
-0.057
-0.061
-0.062
-0.06
-0.059
-0.057
-0.057
-0.058
-0.059
-0.059
-0.059
-0.057
-0.057
-0.058
-0.057
-0.055
-0.054
-0.051
-0.051
-0.051
-0.051
-0.049
-0.049
-0.047
-0.046
-0.046
-0.047
-0.046
-0.046
-0.045
-0.045
-0.046
-0.044
-0.039
-0.034
-0.019
-0.005
0.008
0.019
0.029
0.029
0.024
0.015
0.003
-0.01
-0.021
-0.027
-0.03
-0.033
-0.036
-0.038
-0.037
-0.037
-0.036
-0.036
-0.037
-0.037
-0.036
-0.038
-0.004
0.04
0.094
0.161
0.243
0.298
0.315
0.304
0.269
0.209
0.127
0.061
0.012
-0.024
-0.048
-0.057
-0.051
-0.049
-0.048
-0.047
-0.049
-0.049
-0.049
-0.048
-0.04
-0.032
-0.025
-0.016
-0.003
0.003
0.022
0.039
0.054
0.07
0.085
0.088
0.094
0.099
0.1
0.101
0.102
0.1
0.088
0.078
0.065
0.052
0.039
0.034
0.013
-0.003
-0.021
-0.038
-0.053
-0.053
-0.057
-0.058
-0.059
-0.059
-0.058
-0.056
-0.056
-0.055
-0.056
-0.057
-0.056
-0.054
-0.054
-0.053
-0.054
-0.055
-0.054
-0.053
-0.052
-0.052
-0.053
-0.053
-0.052
-0.05
-0.05
-0.048
-0.046
-0.046
-0.046
-0.046
-0.044
-0.039
-0.031
-0.021
-0.009
0
0.007
0.011
0.016
0.018
0.017
0.012
-0.002
-0.015
-0.026
-0.035
-0.043
-0.044
-0.045
-0.047
-0.047
-0.045
-0.043
-0.042
-0.043
-0.046
-0.051
-0.052
-0.043
-0.02
0.059
0.155
0.258
0.347
0.41
0.4
0.312
0.198
0.083
-0.015
-0.087
-0.094
-0.086
-0.072
-0.061
-0.062
-0.063
-0.065
-0.065
-0.063
-0.061
-0.058
-0.046
-0.033
-0.018
-0.001
0.017
0.027
0.04
0.053
0.065
0.076
0.086
0.088
0.087
0.085
0.082
0.081
0.078
0.072
0.058
0.041
0.024
0.008
-0.008
-0.016
-0.031
-0.044
-0.055
-0.063
-0.069
-0.067
-0.068
-0.07
-0.069
-0.068
-0.066
-0.064
-0.064
-0.065
-0.066
-0.065
-0.064
-0.063
-0.061
-0.062
-0.061
-0.06
