0.182
0.182
0.18
0.177
0.172
0.167
0.161
0.155
0.147
0.136
0.122
0.103
0.083
0.062
0.043
0.023
0.003
-0.014
-0.031
-0.048
-0.066
-0.085
-0.103
-0.116
-0.126
-0.133
-0.136
-0.135
-0.133
-0.133
-0.131
-0.129
-0.128
-0.126
-0.125
-0.123
-0.123
-0.122
-0.121
-0.121
-0.111
-0.108
-0.107
-0.105
-0.103
-0.11
-0.108
-0.106
-0.106
-0.105
-0.105
-0.104
-0.103
-0.102
-0.102
-0.1
-0.101
-0.101
-0.1
-0.099
-0.098
-0.096
-0.094
-0.093
-0.093
-0.091
-0.09
-0.089
-0.089
-0.088
-0.078
-0.077
-0.074
-0.071
-0.069
-0.078
-0.078
-0.078
-0.078
-0.077
-0.071
-0.062
-0.05
-0.036
-0.02
-0.002
0.015
0.029
0.041
0.051
0.057
0.061
0.062
0.061
0.057
0.049
0.039
0.026
0.011
-0.005
-0.021
-0.038
-0.052
-0.06
-0.066
-0.069
-0.07
-0.069
-0.068
-0.067
-0.067
-0.066
-0.066
-0.067
-0.066
-0.064
-0.063
-0.062
-0.061
-0.06
-0.059
-0.057
-0.06
-0.069
-0.073
-0.054
-0.01
0.059
0.154
0.263
0.377
0.494
0.606
0.71
0.752
0.783
0.764
0.697
0.587
0.495
0.36
0.221
0.084
-0.035
-0.122
-0.178
-0.202
-0.19
-0.163
-0.141
-0.126
-0.117
-0.115
-0.113
-0.113
-0.112
-0.111
-0.111
-0.11
-0.108
-0.105
-0.101
-0.098
-0.097
-0.091
-0.089
-0.084
-0.075
-0.062
-0.052
-0.033
-0.014
0.004
0.021
0.037
0.054
0.074
0.094
0.113
0.132
0.15
0.164
0.176
0.184
0.188
0.191
0.194
0.197
0.198
0.198
0.196
0.192
0.187
0.182
0.177
0.17
0.161
0.149
0.136
0.118
0.098
0.074
0.052
0.032
0.012
-0.006
-0.024
-0.042
-0.059
-0.075
-0.092
-0.106
-0.116
-0.122
-0.125
-0.124
-0.123
-0.123
-0.122
-0.12
-0.119
-0.118
-0.117
-0.116
-0.114
-0.114
-0.112
-0.111
-0.109
-0.108
-0.107
-0.106
-0.104
-0.104
-0.104
-0.103
-0.098
-0.098
-0.097
-0.095
-0.093
-0.098
-0.097
-0.096
-0.096
-0.096
-0.094
-0.093
-0.092
-0.091
