-0.045
-0.045
-0.045
-0.042
-0.043
-0.041
-0.041
-0.042
-0.042
-0.038
-0.04
-0.038
-0.038
-0.04
-0.041
-0.039
-0.04
-0.038
-0.035
-0.036
-0.036
-0.03
-0.02
-0.009
0.003
0.013
0.023
0.027
0.02
0.013
0.005
-0.007
-0.021
-0.026
-0.031
-0.037
-0.039
-0.041
-0.041
-0.04
-0.04
-0.041
-0.041
-0.039
-0.037
-0.038
-0.004
0.041
0.097
0.165
0.249
0.305
0.315
0.299
0.26
0.197
0.11
0.044
-0.004
-0.039
-0.06
-0.066
-0.057
-0.056
-0.055
-0.056
-0.056
-0.055
-0.053
-0.053
-0.048
-0.043
-0.036
-0.025
-0.012
-0.003
0.014
0.028
0.043
0.06
0.076
0.081
0.086
0.088
0.088
0.09
0.092
0.089
0.082
0.071
0.059
0.047
0.034
0.024
0.002
-0.021
-0.041
-0.057
-0.07
-0.07
-0.068
-0.069
-0.07
-0.072
-0.071
-0.07
-0.067
-0.067
-0.065
-0.065
-0.066
-0.065
-0.062
-0.062
-0.061
-0.062
-0.063
-0.064
-0.061
-0.061
-0.055
-0.053
-0.05
-0.044
-0.036
-0.031
-0.018
-0.008
-0.001
0.006
0.012
0.01
-0.003
-0.016
-0.03
-0.042
-0.052
-0.053
-0.053
-0.054
-0.056
-0.056
-0.054
-0.053
-0.052
-0.052
-0.052
-0.055
-0.058
-0.059
-0.002
0.065
0.146
0.243
0.346
0.385
0.35
0.287
0.198
0.086
-0.027
-0.072
-0.091
-0.098
-0.092
-0.078
-0.065
-0.065
-0.063
-0.062
-0.064
-0.065
-0.063
-0.063
-0.053
-0.043
-0.032
-0.019
-0.002
0.005
0.024
0.04
0.054
0.067
0.082
0.085
0.088
0.088
0.086
0.084
0.084
0.082
0.067
0.055
0.028
-0.003
-0.033
-0.047
-0.062
-0.063
-0.061
-0.061
-0.061
-0.061
-0.059
-0.058
-0.054
-0.054
-0.055
-0.056
-0.054
-0.055
-0.053
-0.052
-0.053
-0.052
-0.048
-0.046
-0.043
-0.042
-0.044
-0.046
-0.045
-0.046
-0.044
-0.043
-0.043
-0.044
-0.042
-0.042
-0.037
-0.031
-0.025
-0.016
-0.005
0.003
0.014
0.02
0.022
0.023
0.023
0.018
0.008
-0.004
-0.018
-0.03
-0.038
-0.039
-0.037
-0.037
-0.037
-0.038
-0.044
-0.046
-0.034
-0.012
0.02
0.07
0.152
0.231
0.309
0.376
0.42
0.412
0.328
0.22
0.102
0
-0.083
-0.095
-0.088
-0.073
-0.063
-0.057
-0.052
-0.052
-0.05
-0.049
-0.05
-0.051
-0.05
-0.047
-0.034
-0.02
-0.007
0.008
0.025
0.033
0.05
0.065
0.077
0.087
0.098
0.1
0.101
0.101
0.097
0.092
0.088
0.084
0.066
0.049
0.031
0.011
-0.01
-0.019
-0.031
-0.043
-0.053
-0.06
-0.062
-0.059
-0.057
-0.056
-0.056
-0.058
-0.06
-0.061
-0.06
-0.057
-0.057
-0.055
-0.055
-0.055
-0.054
-0.051
-0.052
-0.05
-0.051
-0.053
-0.053
-0.049
-0.049
-0.048
-0.046
-0.046
-0.047
-0.045
-0.035
-0.023
-0.01
0.004
0.018
0.021
0.019
0.016
0.011
0.005
-0
-0.003
-0.016
-0.025
-0.036
-0.045
-0.051
-0.049
-0.05
-0.048
-0.048
-0.049
-0.05
-0.047
-0.04
-0.042
-0.034
-0.015
0.016
0.053
0.143
0.236
0.302
0.344
0.36
0.32
0.208
0.113
0.035
-0.03
-0.081
-0.073
-0.069
-0.069
-0.068
-0.067
-0.065
-0.064
-0.064
-0.064
-0.06
-0.054
-0.044
-0.034
-0.017
-0.001
0.017
0.035
0.053
0.061
0.069
0.074
0.078
0.082
0.086
0.085
0.081
0.074
0.066
0.058
0.049
0.04
0.023
0.004
-0.014
-0.03
-0.046
-0.055
-0.062
-0.069
-0.073
-0.075
-0.073
-0.072
-0.072
-0.072
-0.073
-0.072
-0.069
-0.067
-0.067
-0.067
-0.068
-0.069
-0.069
-0.068
-0.067
-0.067
-0.067
-0.066
-0.064
-0.063
-0.062
-0.063
-0.064
-0.062
-0.06
-0.058
-0.055
-0.055
-0.056
-0.054
-0.05
-0.045
-0.032
-0.019
-0.007
0.005
0.016
0.017
0.01
0
-0.011
-0.022
-0.033
-0.036
-0.04
-0.046
-0.049
-0.05
-0.052
-0.052
-0.051
-0.049
-0.049
-0.049
0.006
0.047
0.1
0.166
0.245
0.277
0.272
0.264
0.232
0.177
0.098
0.057
0.007
-0.031
-0.058
-0.068
-0.063
-0.063
-0.062
-0.062
-0.063
-0.062
-0.059
-0.057
-0.05
-0.044
