-0.045
-0.044
-0.044
-0.046
-0.05
-0.053
-0.047
-0.03
0.044
0.134
0.127
0.121
0.094
0.008
-0.09
-0.084
-0.084
-0.073
-0.061
-0.051
-0.045
-0.045
-0.046
-0.048
-0.048
-0.047
-0.045
-0.043
-0.032
-0.02
-0.006
0.011
0.029
0.039
0.053
0.065
0.077
0.089
0.098
0.1
0.099
0.096
0.095
0.095
0.092
0.088
0.075
0.058
0.041
0.026
0.01
0.002
-0.012
-0.027
-0.039
-0.048
-0.056
-0.057
-0.058
-0.059
-0.06
-0.059
-0.057
-0.057
-0.055
-0.056
-0.057
-0.056
-0.054
-0.055
-0.053
-0.053
-0.054
-0.053
-0.051
-0.051
-0.052
-0.053
-0.054
-0.053
-0.05
-0.049
-0.047
-0.046
-0.045
-0.045
-0.043
-0.044
-0.037
-0.03
-0.022
-0.011
0.003
0.01
0.014
0.015
0.015
0.012
0.008
0.001
-0.01
-0.023
-0.032
-0.039
-0.045
-0.046
-0.045
-0.045
-0.046
-0.045
-0.048
-0.053
-0.049
-0.032
-0.003
0.039
0.141
0.238
0.314
0.367
0.396
0.35
0.235
0.126
0.034
-0.04
-0.094
-0.082
-0.069
-0.062
-0.058
-0.057
-0.058
-0.057
-0.055
-0.056
-0.056
-0.052
-0.047
-0.04
-0.025
-0.01
0.006
0.022
0.04
0.049
0.063
0.073
0.082
0.09
0.098
0.098
0.098
0.096
0.093
0.09
0.086
0.079
0.065
0.047
0.028
0.011
-0.005
-0.015
-0.027
-0.037
-0.046
-0.053
-0.055
-0.055
-0.053
-0.053
-0.053
-0.053
-0.051
-0.05
-0.048
-0.048
-0.048
-0.047
-0.044
-0.044
-0.042
-0.042
-0.043
-0.044
-0.042
-0.042
-0.041
-0.04
-0.04
-0.04
-0.039
-0.039
-0.038
-0.038
-0.039
-0.038
-0.036
-0.035
-0.024
-0.013
-0.001
0.013
0.027
0.032
0.029
0.023
0.016
0.004
-0.011
-0.017
-0.023
-0.03
-0.033
-0.033
-0.031
-0.031
-0.029
-0.03
-0.031
-0.032
-0.031
-0.031
-0.025
-0.01
0.057
0.135
0.201
0.253
0.281
0.24
0.15
0.074
0.014
-0.03
-0.058
-0.048
-0.04
-0.038
-0.04
-0.04
-0.04
-0.04
-0.037
-0.035
-0.031
-0.026
-0.018
-0.01
