-0.157
-0.139
-0.131
-0.128
-0.127
-0.126
-0.125
-0.124
-0.123
-0.122
-0.121
-0.119
-0.116
-0.115
-0.116
-0.115
-0.105
-0.102
-0.094
-0.082
-0.065
-0.056
-0.037
-0.019
-0.003
0.014
0.034
0.054
0.073
0.092
0.113
0.131
0.144
0.155
0.164
0.169
0.172
0.175
0.177
0.178
0.177
0.175
0.172
0.168
0.162
0.157
0.144
0.136
0.126
0.114
0.097
0.084
0.062
0.04
0.021
0.001
-0.018
-0.035
-0.052
-0.069
-0.087
-0.105
-0.12
-0.131
-0.138
-0.141
-0.141
-0.141
-0.14
-0.14
-0.138
-0.136
-0.134
-0.132
-0.131
-0.13
-0.125
-0.125
-0.124
-0.123
-0.121
-0.124
-0.123
-0.12
-0.119
-0.118
-0.117
-0.116
-0.116
-0.115
-0.113
-0.111
-0.11
-0.109
-0.108
-0.107
-0.106
-0.106
-0.105
-0.105
-0.105
-0.103
-0.1
-0.098
-0.097
-0.095
-0.094
-0.093
-0.093
-0.093
-0.084
-0.084
-0.084
-0.083
-0.082
-0.089
-0.088
-0.086
-0.085
-0.081
-0.073
-0.062
-0.048
-0.032
-0.015
0.001
0.016
0.029
0.039
0.046
0.049
0.05
0.049
0.045
0.039
0.029
0.018
0.004
-0.012
-0.028
-0.036
-0.05
-0.061
-0.067
-0.071
-0.08
-0.082
-0.081
-0.081
-0.08
-0.078
-0.077
-0.076
-0.076
-0.075
-0.075
-0.075
-0.074
-0.074
-0.074
-0.073
-0.074
-0.082
-0.089
-0.077
-0.04
0.025
0.12
0.23
0.34
0.512
0.628
0.741
0.828
0.87
0.798
0.739
0.633
0.503
0.373
0.242
0.103
-0.029
-0.126
-0.187
-0.214
-0.209
-0.182
-0.157
-0.141
-0.133
-0.13
-0.129
-0.129
-0.128
-0.126
-0.125
-0.125
-0.123
-0.123
-0.121
-0.119
-0.117
-0.116
-0.114
-0.11
-0.102
-0.089
-0.073
-0.055
-0.036
-0.017
0
0.016
0.033
0.052
0.072
0.094
0.114
0.132
0.146
0.157
0.165
0.17
0.172
0.174
0.176
0.178
0.178
0.177
0.175
0.17
0.163
0.156
0.144
0.137
0.126
0.114
0.099
0.088
0.067
0.045
0.023
0.004
-0.015
-0.031
-0.049
-0.067
-0.083
-0.099
