-0.049
-0.031
-0.013
0.004
0.018
0.031
0.042
0.049
0.053
0.055
0.054
0.051
0.046
0.037
0.025
0.011
-0.005
-0.025
-0.041
-0.055
-0.065
-0.074
-0.078
-0.079
-0.079
-0.079
-0.08
-0.078
-0.078
-0.078
-0.077
-0.075
-0.073
-0.073
-0.072
-0.071
-0.07
-0.071
-0.07
-0.07
-0.078
-0.085
-0.071
-0.036
0.022
0.111
0.229
0.346
0.457
0.565
0.675
0.771
0.819
0.817
0.765
0.664
0.525
0.384
0.197
0.069
-0.058
-0.162
-0.231
-0.204
-0.202
-0.177
-0.151
-0.133
-0.124
-0.12
-0.118
-0.117
-0.115
-0.113
-0.112
-0.11
-0.109
-0.108
-0.107
-0.106
-0.106
-0.104
-0.102
-0.098
-0.09
-0.078
-0.062
-0.043
-0.024
-0.007
0.01
0.028
0.046
0.065
0.083
0.103
0.124
0.143
0.157
0.168
0.176
0.18
0.183
0.186
0.188
0.19
0.19
0.189
0.185
0.181
0.176
0.17
0.163
0.155
0.144
0.131
0.115
0.097
0.077
0.057
0.037
0.017
-0.012
-0.028
-0.045
-0.062
-0.08
-0.087
-0.103
-0.113
-0.121
-0.125
-0.126
-0.125
-0.124
-0.123
-0.122
-0.121
-0.121
-0.12
-0.119
-0.117
-0.115
-0.114
-0.112
-0.11
-0.109
-0.108
-0.106
-0.104
-0.103
-0.103
-0.102
-0.102
-0.101
-0.099
-0.097
-0.094
-0.093
-0.092
-0.091
-0.09
-0.089
-0.088
-0.087
-0.086
-0.085
-0.085
-0.084
-0.083
-0.081
-0.08
-0.078
-0.077
-0.075
-0.075
-0.075
-0.075
-0.074
-0.074
-0.073
-0.071
-0.07
-0.068
-0.067
-0.063
-0.055
-0.044
-0.031
-0.014
0.003
0.02
0.035
0.048
0.057
0.063
0.066
0.066
0.064
0.06
0.054
0.045
0.032
0.019
0.004
-0.013
-0.029
-0.043
-0.053
-0.06
-0.064
-0.065
-0.065
-0.066
-0.066
-0.065
-0.064
-0.064
-0.063
-0.063
-0.061
-0.06
-0.06
-0.06
-0.059
-0.059
-0.059
-0.061
-0.07
-0.075
-0.058
-0.018
0.05
0.144
0.253
0.363
0.477
0.594
0.703
0.784
0.819
0.805
0.739
0.629
0.499
0.368
0.231
0.091
-0.033
-0.124
