-0.04
-0.048
-0.053
-0.056
-0.059
-0.062
-0.062
-0.061
-0.06
-0.058
-0.058
-0.06
-0.061
-0.061
-0.061
-0.061
-0.061
-0.063
-0.064
-0.062
-0.06
-0.058
-0.057
-0.058
-0.059
-0.059
-0.057
-0.055
-0.053
-0.054
-0.054
-0.053
-0.052
-0.051
-0.05
-0.049
-0.045
-0.038
-0.024
-0.01
0.001
0.008
0.015
0.015
0.009
0.003
-0.007
-0.021
-0.034
-0.04
-0.045
-0.047
-0.047
-0.048
-0.05
-0.052
-0.052
-0.055
-0.015
0.036
0.097
0.169
0.258
0.314
0.315
0.293
0.245
0.168
0.067
-0
-0.042
-0.068
-0.081
-0.083
-0.072
-0.071
-0.07
-0.069
-0.068
-0.069
-0.07
-0.07
-0.063
-0.053
-0.042
-0.032
-0.02
-0.012
0.005
0.023
0.041
0.055
0.067
0.072
0.076
0.08
0.082
0.082
0.081
0.078
0.071
0.064
0.053
0.039
0.023
0.013
-0.009
-0.024
-0.039
-0.055
-0.07
-0.069
-0.074
-0.073
-0.071
-0.072
-0.074
-0.073
-0.072
-0.071
-0.068
-0.066
-0.066
-0.065
-0.063
-0.062
-0.06
-0.057
-0.056
-0.057
-0.057
-0.056
-0.058
-0.057
-0.056
-0.056
-0.056
-0.055
-0.051
-0.045
-0.037
-0.025
-0.013
-0.004
0.004
0.012
0.015
0.014
0.011
0.009
-0.004
-0.014
-0.026
-0.036
-0.047
-0.046
-0.048
-0.047
-0.046
-0.046
-0.048
-0.047
-0.047
-0.045
-0.044
-0.046
-0.052
-0.048
0.034
0.109
0.197
0.298
0.396
0.403
0.328
0.23
0.119
0.006
-0.094
-0.097
-0.083
-0.07
-0.062
-0.058
-0.058
-0.056
-0.051
-0.045
-0.032
-0.018
-0.005
0.01
0.029
0.039
0.055
0.069
0.079
0.087
0.095
0.096
0.097
0.097
0.093
0.09
0.088
0.084
0.071
0.055
0.037
0.018
0
-0.009
-0.02
-0.03
-0.041
-0.051
-0.056
-0.056
-0.054
-0.053
-0.054
-0.054
-0.053
-0.052
-0.05
-0.049
-0.05
-0.051
-0.05
-0.049
-0.047
-0.045
-0.045
-0.045
-0.044
-0.044
-0.042
-0.041
-0.042
-0.044
-0.043
-0.042
-0.04
-0.039
-0.04
-0.042
-0.042
-0.042
-0.032
-0.022
