-0.051
-0.049
-0.05
-0.051
-0.051
-0.052
-0.028
0.008
0.054
0.111
0.181
0.239
0.275
0.285
0.268
0.226
0.161
0.094
0.034
-0.011
-0.044
-0.064
-0.069
-0.067
-0.067
-0.065
-0.066
-0.067
-0.067
-0.062
-0.057
-0.051
-0.045
-0.039
-0.03
-0.023
-0.003
0.016
0.032
0.048
0.066
0.071
0.076
0.083
0.086
0.086
0.086
0.087
0.076
0.068
0.058
0.046
0.032
0.029
0.007
-0.007
-0.024
-0.041
-0.057
-0.059
-0.065
-0.067
-0.068
-0.068
-0.068
-0.065
-0.066
-0.063
-0.063
-0.064
-0.064
-0.061
-0.062
-0.059
-0.058
-0.058
-0.057
-0.055
-0.055
-0.053
-0.052
-0.053
-0.053
-0.051
-0.051
-0.048
-0.048
-0.048
-0.048
-0.047
-0.047
-0.045
-0.043
-0.039
-0.033
-0.026
-0.013
-0
-0.002
-0.008
-0.016
-0.027
-0.04
-0.041
-0.041
-0.042
-0.043
-0.043
-0.04
-0.04
-0.038
-0.038
-0.04
-0.044
-0.042
-0.031
0.038
0.12
0.217
0.319
0.406
0.418
0.354
0.263
0.149
0.037
-0.057
-0.083
-0.088
-0.082
-0.069
-0.061
-0.053
-0.051
-0.048
-0.047
-0.036
-0.025
-0.013
0.003
0.021
0.03
0.047
0.06
0.073
0.086
0.098
0.1
0.101
0.099
0.097
0.095
0.093
0.089
0.078
0.062
0.046
0.031
0.016
0.008
-0.006
-0.021
-0.035
-0.045
-0.052
-0.052
-0.05
-0.051
-0.052
-0.052
-0.05
-0.049
-0.048
-0.048
-0.049
-0.048
-0.046
-0.044
-0.043
-0.043
-0.045
-0.044
-0.043
-0.043
-0.042
-0.043
-0.044
-0.045
-0.046
-0.047
-0.046
-0.044
-0.043
-0.042
-0.032
-0.025
-0.017
-0.007
0.006
0.01
0.016
0.02
0.019
0.018
0.015
0.01
-0.002
-0.015
-0.027
-0.036
-0.041
-0.039
-0.038
-0.038
-0.04
-0.041
-0.04
-0.04
-0.04
-0.045
0.046
0.144
0.241
0.329
0.41
0.374
0.266
0.152
0.05
-0.032
-0.095
-0.089
-0.074
-0.063
-0.057
-0.054
-0.052
-0.051
-0.049
-0.049
-0.05
-0.05
-0.047
-0.043
-0.029
-0.014
0.013
0.036
0.06
0.076
