0.093
0.09
0.077
0.064
0.05
0.035
0.018
0.008
-0.01
-0.027
-0.039
-0.05
-0.06
-0.061
-0.061
-0.061
-0.06
-0.058
-0.058
-0.058
-0.056
-0.056
-0.055
-0.052
-0.051
-0.053
-0.054
-0.056
-0.057
-0.056
-0.054
-0.052
-0.052
-0.051
-0.05
-0.05
-0.049
-0.048
-0.047
-0.048
-0.039
-0.032
-0.023
-0.012
0.001
0.003
0.008
0.011
0.014
0.014
0.011
0.006
-0.007
-0.02
-0.031
-0.039
-0.046
-0.047
-0.049
-0.05
-0.05
-0.049
-0.048
-0.047
-0.047
-0.05
-0.054
-0.049
-0.032
-0.005
0.083
0.184
0.284
0.361
0.412
0.39
0.29
0.171
0.063
-0.027
-0.1
-0.102
-0.09
-0.077
-0.068
-0.061
-0.058
-0.058
-0.059
-0.059
-0.058
-0.057
-0.055
-0.051
-0.039
-0.025
-0.01
0.008
0.025
0.035
0.048
0.061
0.073
0.084
0.094
0.095
0.094
0.091
0.089
0.087
0.083
0.078
0.063
0.045
0.028
0.011
-0.005
-0.013
-0.027
-0.04
-0.05
-0.057
-0.063
-0.063
-0.063
-0.063
-0.062
-0.06
-0.058
-0.058
-0.058
-0.06
-0.061
-0.06
-0.058
-0.057
-0.056
-0.055
-0.055
-0.054
-0.052
-0.052
-0.052
-0.052
-0.052
-0.051
-0.049
-0.048
-0.048
-0.049
-0.049
-0.047
-0.045
-0.043
-0.034
-0.024
-0.012
0.003
0.017
0.022
0.025
0.023
0.019
0.015
0.009
0.002
-0.009
-0.019
-0.027
-0.032
-0.035
-0.035
-0.035
-0.037
-0.037
-0.036
-0.034
-0.034
-0.037
-0.033
-0.016
0.012
0.092
0.188
0.265
0.315
0.339
0.294
0.187
0.095
0.021
-0.035
-0.074
-0.061
-0.052
-0.047
-0.045
-0.044
-0.042
-0.042
-0.041
-0.042
-0.041
-0.038
-0.032
-0.024
-0.007
0.009
0.026
0.044
0.062
0.071
0.082
0.09
0.097
0.104
0.109
0.108
0.105
0.1
0.094
0.087
0.081
0.075
0.055
0.035
0.014
-0.009
-0.03
-0.037
-0.045
-0.052
-0.054
-0.053
-0.053
-0.052
-0.051
-0.051
-0.052
-0.052
-0.051
-0.05
-0.048
-0.048
-0.049
-0.05
-0.049
-0.048
-0.046
-0.045
