0.053
0.057
0.056
0.054
0.05
0.04
0.028
0.016
0.002
-0.016
-0.032
-0.046
-0.057
-0.066
-0.072
-0.075
-0.075
-0.075
-0.076
-0.075
-0.074
-0.073
-0.073
-0.072
-0.071
-0.07
-0.07
-0.069
-0.068
-0.067
-0.066
-0.065
-0.069
-0.079
-0.079
-0.055
-0.009
0.063
0.165
0.283
0.402
0.514
0.632
0.733
0.803
0.825
0.796
0.709
0.59
0.451
0.311
0.179
0.051
-0.061
-0.145
-0.196
-0.21
-0.194
-0.161
-0.14
-0.126
-0.119
-0.117
-0.122
-0.121
-0.12
-0.12
-0.12
-0.118
-0.117
-0.114
-0.112
-0.11
-0.108
-0.107
-0.104
-0.099
-0.089
-0.075
-0.057
-0.037
-0.018
-0
0.016
0.049
0.068
0.087
0.106
0.126
0.129
0.146
0.159
0.168
0.174
0.179
0.182
0.184
0.185
0.186
0.185
0.183
0.179
0.175
0.169
0.163
0.156
0.147
0.135
0.122
0.105
0.083
0.062
0.042
0.022
0.003
-0.013
-0.029
-0.045
-0.061
-0.079
-0.098
-0.112
-0.12
-0.125
-0.126
-0.124
-0.122
-0.122
-0.122
-0.121
-0.12
-0.12
-0.118
-0.117
-0.116
-0.114
-0.113
-0.112
-0.111
-0.109
-0.106
-0.106
-0.105
-0.104
-0.103
-0.102
-0.101
-0.099
-0.094
-0.092
-0.092
-0.091
-0.09
-0.092
-0.091
-0.088
-0.087
-0.085
-0.084
-0.084
-0.085
-0.085
-0.085
-0.084
-0.084
-0.083
-0.082
-0.081
-0.08
-0.079
-0.077
-0.076
-0.076
-0.076
-0.075
-0.075
-0.074
-0.072
-0.056
-0.045
-0.032
-0.015
0.003
0.009
0.025
0.039
0.051
0.059
0.064
0.066
0.066
0.063
0.057
0.048
0.036
0.022
0.007
-0.009
-0.025
-0.038
-0.05
-0.059
-0.066
-0.068
-0.069
-0.07
-0.071
-0.071
-0.07
-0.07
-0.069
-0.069
-0.068
-0.067
-0.067
-0.066
-0.065
-0.063
-0.063
-0.061
-0.065
-0.075
-0.073
-0.05
-0.002
0.076
0.181
0.291
0.4
0.514
0.632
0.738
0.805
0.823
0.791
0.706
0.582
0.451
0.322
0.187
0.047
-0.071
-0.151
-0.198
-0.212
-0.192
-0.169
-0.148
-0.136
-0.129
