0.005
0.021
0.035
0.05
0.067
0.075
0.086
0.094
0.092
0.09
0.085
0.079
0.073
0.069
0.054
0.037
0.017
-0.002
-0.018
-0.026
-0.035
-0.041
-0.048
-0.052
-0.053
-0.05
-0.047
-0.045
-0.046
-0.047
-0.045
-0.045
-0.044
-0.043
-0.044
-0.044
-0.043
-0.04
-0.041
-0.041
-0.043
-0.045
-0.045
-0.042
-0.04
-0.038
-0.04
-0.042
-0.041
-0.041
-0.041
-0.04
-0.041
-0.041
-0.037
-0.029
-0.016
-0.002
0.008
0.017
0.027
0.03
0.027
0.021
0.009
-0.005
-0.017
-0.025
-0.03
-0.033
-0.037
-0.04
-0.04
-0.04
-0.038
-0.036
-0.037
-0.039
-0.039
-0.04
-0.009
0.032
0.081
0.143
0.219
0.276
0.302
0.302
0.274
0.22
0.143
0.076
0.023
-0.016
-0.045
-0.061
-0.061
-0.06
-0.057
-0.055
-0.056
-0.058
-0.058
-0.058
-0.052
-0.045
-0.039
-0.033
-0.022
-0.013
0.006
0.025
0.04
0.054
0.07
0.076
0.084
0.09
0.091
0.089
0.088
0.085
0.081
0.076
0.066
0.052
0.038
0.026
0.01
-0.004
-0.021
-0.039
-0.054
-0.061
-0.063
-0.063
-0.064
-0.066
-0.066
-0.066
-0.064
-0.061
-0.062
-0.064
-0.065
-0.066
-0.064
-0.061
-0.061
-0.063
-0.063
-0.063
-0.061
-0.059
-0.059
-0.061
-0.062
-0.061
-0.059
-0.056
-0.055
-0.057
-0.057
-0.057
-0.055
-0.051
-0.046
-0.043
-0.038
-0.03
-0.017
-0.004
0.005
0.01
0.014
0.013
0.005
-0.004
-0.016
-0.031
-0.044
-0.049
-0.05
-0.047
-0.047
-0.049
-0.05
-0.05
-0.052
-0.053
-0.054
-0.057
-0.052
-0.035
0.02
0.086
0.186
0.263
0.345
0.394
0.373
0.302
0.23
0.128
0.01
-0.046
-0.073
-0.085
-0.083
-0.072
-0.06
-0.061
-0.062
-0.063
-0.061
-0.059
-0.058
-0.055
-0.044
-0.034
-0.025
-0.017
-0.005
0.003
0.02
0.039
0.056
0.069
0.08
0.083
0.086
0.089
0.091
0.089
0.086
0.084
0.069
0.061
0.05
0.035
0.018
0.014
-0.007
-0.022
-0.035
-0.05
-0.063
-0.062
-0.064
-0.062
-0.06
-0.061
-0.062
-0.059
-0.059
-0.056
-0.053
-0.052
-0.054
-0.053
-0.055
-0.056
-0.055
-0.053
-0.052
-0.05
-0.047
-0.044
-0.043
-0.045
-0.046
-0.046
-0.047
-0.048
-0.047
-0.044
-0.041
-0.04
-0.032
-0.024
-0.018
-0.014
-0.006
-0
0.006
0.015
0.021
0.023
0.021
0.018
0.004
-0.006
-0.015
-0.026
-0.038
-0.037
-0.039
-0.036
-0.034
-0.033
-0.034
-0.033
-0.037
-0.036
-0.037
-0.042
-0.041
-0.023
0.071
0.173
0.271
0.351
0.405
0.361
0.248
0.138
0.043
-0.035
-0.092
-0.08
-0.064
-0.054
-0.05
-0.048
-0.046
-0.046
-0.043
-0.041
-0.043
-0.042
-0.038
-0.033
-0.018
-0.003
0.011
0.026
0.043
0.052
0.067
0.079
0.087
0.094
0.102
0.103
0.104
0.102
0.097
0.09
0.084
0.078
0.064
0.047
0.028
0.008
-0.008
-0.016
-0.026
-0.035
-0.045
-0.053
-0.058
-0.057
-0.055
-0.054
-0.055
-0.056
-0.055
-0.055
-0.052
-0.05
-0.052
-0.053
-0.052
-0.051
-0.049
-0.047
-0.046
-0.048
-0.051
-0.053
-0.055
-0.056
-0.055
-0.05
-0.039
-0.027
-0.016
-0.005
0.008
0.013
0.015
0.014
0.007
-0.002
-0.011
-0.019
-0.028
-0.035
-0.042
-0.048
-0.051
-0.05
-0.048
-0.048
-0.049
-0.05
-0.051
-0.051
-0.028
-0.014
0.01
0.044
0.091
0.127
0.21
0.266
0.223
0.167
0.102
0.001
-0.082
-0.073
-0.066
-0.063
-0.063
-0.064
-0.064
-0.063
-0.061
-0.056
-0.054
-0.051
-0.044
-0.036
-0.019
-0
0.027
0.05
0.069
0.08
0.092
0.092
0.091
0.089
0.083
0.073
0.063
0.054
0.038
0.023
0.006
-0.012
-0.028
-0.036
-0.044
-0.05
-0.055
-0.061
-0.064
-0.064
-0.061
-0.059
-0.059
-0.06
-0.059
-0.06
-0.059
-0.057
-0.056
-0.058
-0.057
-0.057
-0.055
-0.053
-0.052
-0.054
-0.054
-0.054
-0.053
-0.05
-0.05
-0.052
-0.053
-0.054
-0.053
-0.05
-0.048
-0.048
-0.045
-0.04
-0.027
-0.012
0.002
0.012
0.021
0.022
0.018
0.013
0.006
-0.007
