0.047
0.049
0.049
0.048
0.043
0.035
0.024
0.01
-0.005
-0.022
-0.039
-0.054
-0.066
-0.074
-0.08
-0.082
-0.084
-0.085
-0.084
-0.083
-0.082
-0.081
-0.079
-0.079
-0.079
-0.078
-0.077
-0.077
-0.076
-0.076
-0.075
-0.075
-0.08
-0.089
-0.086
-0.06
-0.009
0.071
0.174
0.284
0.395
0.511
0.626
0.73
0.797
0.815
0.783
0.7
0.578
0.447
0.315
0.178
0.04
-0.075
-0.154
-0.2
-0.212
-0.193
-0.165
-0.146
-0.128
-0.123
-0.121
-0.119
-0.118
-0.122
-0.12
-0.118
-0.117
-0.115
-0.113
-0.112
-0.112
-0.11
-0.109
-0.106
-0.099
-0.088
-0.074
-0.057
-0.039
-0.021
-0.002
0.014
0.03
0.048
0.067
0.087
0.107
0.126
0.151
0.164
0.174
0.181
0.185
0.178
0.18
0.182
0.183
0.183
0.18
0.177
0.172
0.167
0.161
0.155
0.146
0.133
0.118
0.101
0.08
0.058
0.036
0.015
-0.005
-0.022
-0.039
-0.057
-0.074
-0.09
-0.106
-0.119
-0.129
-0.133
-0.139
-0.137
-0.134
-0.132
-0.13
-0.124
-0.123
-0.122
-0.12
-0.119
-0.118
-0.117
-0.116
-0.115
-0.113
-0.112
-0.111
-0.111
-0.109
-0.108
-0.107
-0.105
-0.102
-0.102
-0.101
-0.1
-0.099
-0.098
-0.097
-0.096
-0.1
-0.099
-0.098
-0.096
-0.095
-0.088
-0.088
-0.086
-0.085
-0.085
-0.084
-0.084
-0.083
-0.083
-0.082
-0.08
-0.078
-0.077
-0.076
-0.075
-0.074
-0.074
-0.073
-0.071
-0.066
-0.056
-0.043
-0.027
-0.009
0.008
0.023
0.036
0.047
0.057
0.063
0.065
0.064
0.062
0.058
0.05
0.04
0.027
0.012
-0.006
-0.023
-0.038
-0.049
-0.058
-0.064
-0.067
-0.069
-0.07
-0.071
-0.071
-0.071
-0.07
-0.069
-0.068
-0.067
-0.067
-0.066
-0.066
-0.067
-0.067
-0.066
-0.066
-0.07
-0.079
-0.075
-0.05
-0.002
0.073
0.18
0.301
0.418
0.528
0.636
0.74
0.809
0.827
0.796
0.717
0.592
0.45
0.312
0.181
0.053
-0.062
-0.146
-0.193
-0.204
-0.186
-0.159
-0.137
-0.128
-0.122
