-0.053
-0.053
-0.053
-0.052
-0.052
-0.05
-0.049
-0.049
-0.05
-0.049
-0.048
-0.046
-0.045
-0.045
-0.045
-0.044
-0.037
-0.028
-0.016
-0.005
0.006
0.013
0.017
0.019
0.018
0.013
0.006
-0.001
-0.012
-0.02
-0.027
-0.034
-0.04
-0.039
-0.039
-0.038
-0.036
-0.036
-0.036
-0.036
-0.041
-0.041
-0.03
-0.009
0.022
0.071
0.167
0.251
0.312
0.347
0.358
0.302
0.193
0.099
0.023
-0.038
-0.085
-0.071
-0.06
-0.053
-0.048
-0.048
-0.049
-0.048
-0.048
-0.046
-0.043
-0.041
-0.037
-0.03
-0.017
-0.001
0.017
0.032
0.047
0.057
0.068
0.079
0.088
0.094
0.098
0.099
0.096
0.094
0.092
0.087
0.078
0.072
0.052
0.036
0.019
0.003
-0.014
-0.019
-0.03
-0.038
-0.043
-0.048
-0.052
-0.051
-0.051
-0.05
-0.049
-0.049
-0.049
-0.049
-0.049
-0.047
-0.045
-0.044
-0.044
-0.043
-0.043
-0.045
-0.045
-0.045
-0.045
-0.044
-0.042
-0.042
-0.042
-0.042
-0.043
-0.042
-0.04
-0.039
-0.039
-0.037
-0.028
-0.016
-0.002
0.011
0.021
0.024
0.021
0.017
0.012
0.005
-0.006
-0.015
-0.024
-0.031
-0.035
-0.038
-0.04
-0.04
-0.041
-0.04
-0.039
-0.038
-0.038
-0.038
-0.031
-0.01
0.022
0.064
0.116
0.171
0.23
0.267
0.282
0.272
0.238
0.173
0.094
0.031
-0.015
-0.048
-0.07
-0.063
-0.061
-0.06
-0.059
-0.058
-0.059
-0.058
-0.058
-0.055
-0.049
-0.043
-0.036
-0.028
-0.013
0.004
0.021
0.037
0.053
0.06
0.067
0.074
0.08
0.084
0.086
0.085
0.08
0.075
0.069
0.061
0.05
0.041
0.023
0.006
-0.01
-0.026
-0.042
-0.05
-0.058
-0.063
-0.066
-0.067
-0.067
-0.067
-0.068
-0.067
-0.065
-0.064
-0.063
-0.063
-0.063
-0.063
-0.061
-0.06
-0.06
-0.059
-0.06
-0.06
-0.058
-0.057
-0.057
-0.057
-0.058
-0.057
-0.056
-0.054
-0.054
-0.054
-0.055
-0.055
-0.053
-0.05
-0.045
-0.04
-0.026
-0.013
-0.003
0.007
0.015
0.013
0.005
-0.001
-0.009
-0.02
-0.033
-0.039
-0.045
-0.049
-0.05
-0.049
-0.049
-0.048
-0.047
-0.047
-0.047
-0.048
-0.051
-0.052
-0.021
0.023
0.08
0.149
0.224
0.278
0.29
0.278
0.244
0.186
0.104
0.04
-0.008
-0.041
-0.061
-0.067
-0.06
-0.059
-0.06
-0.06
-0.058
-0.056
-0.055
-0.055
-0.051
-0.046
-0.038
-0.027
-0.015
-0.007
0.014
0.029
0.046
0.063
0.078
0.077
0.083
0.085
0.087
0.089
0.09
0.086
0.077
0.067
0.058
0.048
0.035
0.026
0.008
-0.009
-0.023
-0.036
-0.049
-0.053
-0.055
-0.057
-0.057
-0.055
-0.053
-0.055
-0.053
-0.053
-0.052
-0.05
-0.049
-0.05
-0.049
-0.05
-0.049
-0.047
-0.046
-0.047
-0.045
-0.045
-0.044
-0.042
-0.041
-0.043
-0.041
-0.041
-0.041
-0.042
-0.04
-0.039
-0.035
-0.028
-0.02
-0.012
-0.003
0.005
0.013
0.02
0.025
0.026
0.025
0.02
0.008
-0.002
-0.013
-0.024
-0.034
-0.034
-0.034
-0.033
-0.032
-0.032
-0.032
-0.031
-0.031
-0.031
-0.034
-0.038
-0.032
-0.014
0.059
0.149
0.248
0.336
0.401
0.398
0.321
0.221
0.111
0.011
-0.072
-0.086
-0.083
-0.07
-0.057
-0.05
-0.046
-0.046
-0.046
-0.044
-0.043
-0.044
-0.044
-0.042
-0.032
-0.018
-0.003
0.012
0.027
0.036
0.05
0.064
0.078
0.087
0.094
0.095
0.095
0.095
0.095
0.092
0.087
0.083
0.069
0.056
0.042
0.024
0.007
-0.001
-0.017
-0.028
-0.038
-0.046
-0.054
-0.055
-0.056
-0.056
-0.056
-0.055
-0.053
-0.053
-0.053
-0.053
-0.053
-0.053
-0.052
-0.051
-0.052
-0.051
-0.052
-0.05
-0.049
-0.049
-0.05
-0.049
-0.049
-0.048
-0.046
-0.046
-0.046
-0.047
-0.038
-0.029
-0.019
-0.007
0.004
0.007
0.008
0.011
0.011
0.008
0.002
-0.004
-0.016
-0.026
-0.034
-0.041
-0.048
-0.048
-0.048
-0.048
-0.047
-0.046
-0.047
-0.047
-0.051
-0.054
-0.047
-0.03
-0.003
0.04
0.136
0.227
0.297
0.342
0.361
0.312
0.2
0.1
0.018
-0.049
