0.088
0.089
0.088
0.086
0.084
0.082
0.079
0.076
0.062
0.046
0.03
0.015
0
-0.008
-0.022
-0.038
-0.05
-0.06
-0.067
-0.069
-0.069
-0.069
-0.068
-0.067
-0.064
-0.063
-0.062
-0.064
-0.064
-0.063
-0.061
-0.062
-0.061
-0.061
-0.063
-0.062
-0.06
-0.061
-0.06
-0.061
-0.061
-0.059
-0.057
-0.056
-0.055
-0.056
-0.057
-0.057
-0.055
-0.055
-0.047
-0.04
-0.03
-0.018
-0.004
0.002
0.007
0.009
0.008
0.006
0.002
-0.004
-0.016
-0.029
-0.039
-0.047
-0.052
-0.051
-0.05
-0.05
-0.05
-0.049
-0.047
-0.046
-0.049
-0.054
-0.05
-0.034
-0.006
0.036
0.137
0.234
0.311
0.364
0.393
0.346
0.23
0.118
0.024
-0.05
-0.105
-0.093
-0.079
-0.07
-0.066
-0.066
-0.065
-0.061
-0.055
-0.05
-0.035
-0.02
-0.005
0.012
0.031
0.042
0.056
0.068
0.077
0.086
0.094
0.094
0.093
0.089
0.084
0.079
0.074
0.068
0.054
0.036
0.018
0.001
-0.015
-0.024
-0.034
-0.045
-0.054
-0.061
-0.063
-0.063
-0.06
-0.06
-0.059
-0.059
-0.057
-0.057
-0.055
-0.056
-0.056
-0.056
-0.054
-0.052
-0.051
-0.051
-0.051
-0.051
-0.05
-0.049
-0.048
-0.048
-0.049
-0.05
-0.049
-0.049
-0.048
-0.047
-0.047
-0.046
-0.032
-0.016
0.001
0.016
0.029
0.029
0.026
0.019
0.011
0.005
-0.002
-0.011
-0.018
-0.025
-0.033
-0.037
-0.038
-0.037
-0.035
-0.035
-0.036
-0.037
-0.035
-0.034
-0.028
-0.012
0.016
0.056
0.107
0.164
0.239
0.288
0.311
0.311
0.288
0.22
0.132
0.059
0.002
-0.04
-0.066
-0.058
-0.052
-0.051
-0.051
-0.05
-0.049
-0.048
-0.044
-0.038
-0.03
-0.022
-0.012
-0.002
0.01
0.02
0.032
0.048
0.063
0.072
0.083
0.089
0.093
0.097
0.1
0.1
0.094
0.089
0.08
0.072
0.063
0.058
0.038
0.021
0.002
-0.016
-0.032
-0.035
-0.044
-0.048
-0.052
-0.054
-0.055
-0.055
-0.056
-0.057
-0.057
-0.056
-0.055
-0.055
-0.056
-0.057
