-0.056
-0.054
-0.054
-0.054
-0.053
-0.052
-0.051
-0.049
-0.049
-0.05
-0.05
-0.05
-0.047
-0.045
-0.044
-0.045
-0.045
-0.045
-0.044
-0.042
-0.041
-0.042
-0.042
-0.04
-0.028
-0.014
-0.001
0.012
0.024
0.028
0.022
0.019
0.012
0.002
-0.009
-0.012
-0.021
-0.027
-0.033
-0.038
-0.041
-0.038
-0.039
-0.037
-0.036
-0.037
-0.038
-0.035
-0.004
0.019
0.052
0.096
0.152
0.188
0.225
0.239
0.228
0.192
0.129
0.062
0.013
-0.026
-0.05
-0.06
-0.054
-0.052
-0.05
-0.047
-0.046
-0.046
-0.046
-0.043
-0.04
-0.036
-0.031
-0.026
-0.019
-0.011
0.008
0.027
0.044
0.059
0.075
0.082
0.089
0.097
0.103
0.105
0.105
0.106
0.096
0.091
0.084
0.073
0.061
0.057
0.034
0.018
0.002
-0.017
-0.035
-0.038
-0.046
-0.052
-0.055
-0.058
-0.06
-0.057
-0.054
-0.053
-0.051
-0.052
-0.052
-0.051
-0.049
-0.048
-0.047
-0.049
-0.05
-0.049
-0.048
-0.047
-0.045
-0.046
-0.047
-0.048
-0.047
-0.047
-0.046
-0.046
-0.044
-0.039
-0.03
-0.021
-0.008
0.003
0.011
0.017
0.01
-0.002
-0.014
-0.027
-0.04
-0.04
-0.042
-0.045
-0.048
-0.049
-0.049
-0.048
-0.046
-0.046
-0.047
-0.047
-0.049
-0.053
-0.003
0.058
0.131
0.22
0.322
0.372
0.349
0.299
0.223
0.124
0.01
-0.043
-0.07
-0.086
-0.089
-0.079
-0.065
-0.064
-0.062
-0.062
-0.063
-0.063
-0.063
-0.063
-0.054
-0.046
-0.037
-0.021
-0.005
0.004
0.023
0.038
0.051
0.064
0.078
0.081
0.085
0.085
0.084
0.083
0.082
0.079
0.072
0.061
0.034
0.004
-0.025
-0.047
-0.064
-0.067
-0.067
-0.067
-0.067
-0.066
-0.064
-0.063
-0.06
-0.059
-0.061
-0.061
-0.06
-0.059
-0.057
-0.056
-0.057
-0.058
-0.056
-0.056
-0.054
-0.054
-0.054
-0.054
-0.052
-0.051
-0.049
-0.048
-0.05
-0.051
-0.049
-0.049
-0.044
-0.039
-0.034
-0.027
-0.017
-0.008
0.004
0.012
0.015
0.017
0.018
0.013
0.002
-0.009
