-0.053
-0.05
-0.051
-0.053
-0.052
-0.049
-0.047
-0.047
-0.044
-0.041
-0.039
-0.033
-0.024
-0.016
0.001
0.016
0.031
0.048
0.067
0.075
0.086
0.093
0.097
0.101
0.106
0.104
0.099
0.094
0.086
0.079
0.072
0.065
0.045
0.026
0.007
-0.009
-0.024
-0.029
-0.037
-0.045
-0.052
-0.055
-0.055
-0.053
-0.052
-0.054
-0.055
-0.055
-0.054
-0.053
-0.05
-0.05
-0.051
-0.051
-0.049
-0.049
-0.049
-0.05
-0.051
-0.051
-0.048
-0.046
-0.045
-0.045
-0.046
-0.047
-0.047
-0.046
-0.045
-0.045
-0.047
-0.046
-0.042
-0.036
-0.022
-0.01
0.001
0.012
0.022
0.023
0.016
0.008
-0.002
-0.013
-0.024
-0.027
-0.033
-0.039
-0.043
-0.045
-0.044
-0.042
-0.042
-0.042
-0.043
-0.044
-0.043
-0.041
0.005
0.065
0.134
0.213
0.304
0.357
0.339
0.298
0.234
0.144
0.04
-0.006
-0.038
-0.057
-0.063
-0.064
-0.064
-0.065
-0.065
-0.063
-0.062
-0.062
-0.056
-0.049
-0.038
-0.025
-0.011
-0.002
0.013
0.028
0.045
0.06
0.074
0.078
0.079
0.079
0.081
0.082
0.081
0.078
0.067
0.054
0.042
0.029
0.014
0.004
-0.014
-0.032
-0.045
-0.058
-0.069
-0.072
-0.075
-0.076
-0.075
-0.074
-0.073
-0.071
-0.07
-0.069
-0.066
-0.063
-0.062
-0.062
-0.065
-0.067
-0.067
-0.066
-0.065
-0.064
-0.065
-0.066
-0.064
-0.062
-0.059
-0.056
-0.055
-0.057
-0.05
-0.047
-0.04
-0.03
-0.02
-0.018
-0.008
-0.002
0.003
0.01
0.012
0.006
-0.006
-0.02
-0.033
-0.043
-0.051
-0.053
-0.054
-0.056
-0.057
-0.056
-0.054
-0.053
-0.052
-0.052
-0.053
-0.056
-0.054
-0.044
0.05
0.13
0.227
0.33
0.417
0.402
0.337
0.247
0.134
0.023
-0.072
-0.098
-0.105
-0.099
-0.086
-0.073
-0.064
-0.063
-0.062
-0.063
-0.063
-0.062
-0.06
-0.059
-0.048
-0.036
-0.021
-0.004
0.014
0.024
0.04
0.053
0.066
0.079
0.09
0.091
0.092
0.09
0.089
0.088
0.087
0.084
0.072
0.057
0.036
0.02
0.004
-0.006
-0.022
-0.032
-0.045
-0.054
-0.061
-0.061
-0.06
-0.061
-0.061
-0.06
-0.058
-0.057
-0.056
-0.055
-0.055
-0.054
-0.052
-0.051
-0.05
-0.051
-0.051
-0.05
-0.048
-0.047
-0.047
-0.048
-0.048
-0.048
-0.047
-0.047
-0.046
-0.046
-0.045
-0.044
-0.041
-0.041
-0.035
-0.029
-0.021
-0.01
0.003
0.01
0.016
0.019
0.021
0.02
0.018
0.012
0.001
-0.012
-0.022
-0.03
-0.036
-0.037
-0.037
-0.038
-0.038
-0.037
-0.035
-0.035
-0.036
-0.042
-0.044
-0.033
-0.009
0.025
0.12
0.22
0.204
0.168
0.125
0.027
-0.078
-0.072
-0.057
-0.047
-0.041
-0.037
-0.034
-0.035
-0.034
-0.035
-0.036
-0.036
-0.032
-0.027
-0.012
0.003
0.018
0.036
0.053
0.062
0.076
0.087
0.095
0.104
0.113
0.114
0.113
0.109
0.104
0.099
0.094
0.088
0.074
0.056
0.038
0.021
0.005
-0.004
-0.015
-0.028
-0.038
-0.045
-0.048
-0.047
-0.045
-0.046
-0.048
-0.048
-0.047
-0.046
-0.044
-0.045
-0.047
-0.046
-0.044
-0.044
-0.042
-0.042
-0.044
-0.044
-0.041
-0.041
-0.041
-0.042
-0.044
-0.045
-0.045
-0.044
-0.044
-0.044
-0.044
-0.044
-0.042
-0.042
-0.029
-0.019
-0.008
0.004
0.019
0.022
0.021
0.018
0.012
0.001
-0.012
-0.019
-0.028
-0.037
-0.042
-0.043
-0.042
-0.042
-0.042
-0.042
-0.044
-0.045
-0.043
-0.041
-0.021
-0.012
0.007
0.039
0.084
0.118
0.183
0.226
0.242
0.231
0.195
0.128
0.059
-0.001
-0.043
-0.065
-0.072
-0.066
-0.059
-0.055
-0.056
-0.057
-0.055
-0.054
-0.051
-0.05
-0.048
-0.044
-0.037
-0.03
-0.011
0.005
0.019
0.035
0.053
0.059
0.071
0.082
0.089
0.093
0.094
0.093
0.086
0.078
0.07
0.061
0.05
0.039
0.02
0.002
-0.013
-0.028
-0.044
-0.051
-0.058
-0.063
-0.063
-0.061
-0.058
-0.055
-0.055
-0.056
-0.057
-0.057
-0.057
-0.055
-0.054
-0.054
-0.055
-0.056
-0.055
-0.053
-0.052
-0.051
-0.049
-0.051
