0.026
0.024
0.02
0.012
0.002
-0.007
-0.017
-0.024
-0.029
-0.034
-0.037
-0.037
-0.036
-0.035
-0.034
-0.035
-0.035
-0.035
-0.033
-0.019
0.008
0.044
0.092
0.15
0.23
0.285
0.24
0.184
0.119
0.018
-0.068
-0.059
-0.055
-0.053
-0.052
-0.051
-0.051
-0.05
-0.049
-0.047
-0.043
-0.04
-0.034
-0.025
-0.009
0.01
0.028
0.044
0.06
0.07
0.079
0.087
0.094
0.097
0.098
0.098
0.094
0.09
0.084
0.076
0.065
0.056
0.038
0.021
0.005
-0.012
-0.031
-0.04
-0.048
-0.053
-0.057
-0.06
-0.062
-0.063
-0.062
-0.06
-0.059
-0.058
-0.059
-0.058
-0.059
-0.058
-0.056
-0.056
-0.056
-0.056
-0.056
-0.056
-0.055
-0.055
-0.055
-0.055
-0.055
-0.056
-0.055
-0.053
-0.051
-0.05
-0.049
-0.048
-0.048
-0.049
-0.048
-0.044
-0.032
-0.018
-0.004
0.007
0.016
0.017
0.01
0.003
-0.005
-0.015
-0.028
-0.035
-0.041
-0.046
-0.048
-0.048
-0.048
-0.047
-0.046
-0.045
-0.044
-0.045
-0.047
-0.047
-0.022
0.016
0.065
0.125
0.196
0.253
0.283
0.289
0.272
0.228
0.157
0.089
0.029
-0.016
-0.046
-0.063
-0.067
-0.065
-0.065
-0.065
-0.063
-0.062
-0.062
-0.062
-0.055
-0.049
-0.041
-0.033
-0.023
-0.018
0.002
0.019
0.037
0.055
0.07
0.073
0.08
0.086
0.091
0.093
0.092
0.089
0.078
0.066
0.053
0.039
0.024
0.015
0.002
-0.008
-0.023
-0.037
-0.051
-0.057
-0.063
-0.063
-0.063
-0.061
-0.06
-0.059
-0.06
-0.06
-0.06
-0.059
-0.057
-0.056
-0.055
-0.056
-0.054
-0.053
-0.051
-0.049
-0.048
-0.049
-0.049
-0.049
-0.048
-0.047
-0.047
-0.047
-0.044
-0.042
-0.038
-0.031
-0.025
-0.02
-0.007
0.005
0.015
0.023
0.027
0.025
0.013
-0.001
-0.014
-0.025
-0.037
-0.038
-0.037
-0.036
-0.036
-0.037
-0.036
-0.036
-0.035
-0.034
-0.037
-0.043
-0.042
-0.03
0.042
0.127
0.225
0.325
0.304
0.235
0.142
0.033
-0.082
-0.078
-0.082
-0.073
