-0.049
-0.05
-0.046
-0.042
-0.028
-0.014
-0.002
0.009
0.021
0.023
0.02
0.014
0.004
-0.008
-0.019
-0.028
-0.034
-0.038
-0.044
-0.048
-0.047
-0.047
-0.045
-0.044
-0.045
-0.046
-0.045
-0.045
-0.002
0.03
0.072
0.126
0.2
0.216
0.232
0.225
0.193
0.125
0.06
0.009
-0.03
-0.056
-0.066
-0.063
-0.06
-0.058
-0.059
-0.059
-0.057
-0.056
-0.053
-0.048
-0.043
-0.037
-0.027
-0.017
0.003
0.02
0.044
0.064
0.081
0.088
0.098
0.095
0.091
0.085
0.074
0.062
0.051
0.04
0.024
0.008
-0.011
-0.029
-0.044
-0.051
-0.055
-0.059
-0.062
-0.065
-0.065
-0.065
-0.062
-0.06
-0.06
-0.062
-0.061
-0.061
-0.059
-0.058
-0.058
-0.059
-0.059
-0.058
-0.056
-0.054
-0.054
-0.055
-0.055
-0.054
-0.051
-0.049
-0.049
-0.049
-0.049
-0.049
-0.047
-0.045
-0.044
-0.041
-0.027
-0.014
-0.001
0.012
0.024
0.023
0.016
0.008
-0.005
-0.019
-0.032
-0.037
-0.04
-0.041
-0.042
-0.044
-0.045
-0.045
-0.042
-0.04
-0.04
-0.041
-0.041
-0.046
-0.002
0.054
0.119
0.195
0.289
0.344
0.34
0.311
0.254
0.171
0.064
-0
-0.037
-0.06
-0.071
-0.068
-0.055
-0.055
-0.053
-0.051
-0.05
-0.051
-0.052
-0.051
-0.043
-0.033
-0.023
-0.013
-0
0.008
0.026
0.044
0.06
0.073
0.085
0.089
0.091
0.095
0.096
0.095
0.093
0.094
0.08
0.072
0.061
0.046
0.03
0.027
0.005
-0.01
-0.025
-0.041
-0.054
-0.051
-0.054
-0.052
-0.05
-0.052
-0.053
-0.05
-0.05
-0.048
-0.047
-0.047
-0.048
-0.046
-0.047
-0.044
-0.043
-0.044
-0.044
-0.042
-0.044
-0.042
-0.041
-0.042
-0.043
-0.04
-0.041
-0.038
-0.037
-0.037
-0.037
-0.035
-0.03
-0.025
-0.017
-0.011
-0.002
0.005
0.013
0.023
0.03
0.033
0.033
0.032
0.017
0.004
-0.008
-0.021
-0.032
-0.032
-0.032
-0.033
-0.034
-0.034
-0.032
-0.031
-0.03
-0.034
-0.038
-0.032
0.069
0.166
0.273
0.369
