0.073
0.073
0.073
0.076
0.076
0.078
0.082
0.092
0.108
0.123
0.141
0.157
0.171
0.185
0.201
0.218
0.235
0.253
0.275
0.292
0.307
0.319
0.326
0.33
0.334
0.337
0.338
0.341
0.35
0.349
0.345
0.34
0.334
0.331
0.325
0.317
0.306
0.295
0.284
0.268
0.248
0.227
0.207
0.192
0.178
0.161
0.144
0.125
0.112
0.095
0.079
0.064
0.052
0.043
0.039
0.04
0.04
0.041
0.044
0.045
0.046
0.046
0.045
0.049
0.05
0.051
0.05
0.05
0.207
0.208
0.209
0.211
0.211
0.057
0.063
0.065
0.064
0.063
0.068
0.068
0.068
0.068
0.068
0.072
0.073
0.073
0.074
0.072
0.076
0.076
0.078
0.078
0.076
0.08
0.082
0.083
0.083
0.08
0.198
0.198
0.198
0.199
0.198
0.076
0.076
0.077
0.078
0.078
0.087
0.096
0.108
0.121
0.135
0.155
0.17
0.183
0.195
0.202
0.212
0.222
0.222
0.219
0.212
0.209
0.199
0.186
0.171
0.153
0.139
0.125
0.112
0.102
0.025
0.027
0.032
0.033
0.033
0.103
0.105
0.107
0.107
0.107
0.106
0.115
0.118
0.118
0.12
0.118
0.124
0.13
0.126
0.116
0.113
0.131
0.173
0.245
0.349
0.459
0.545
0.629
0.738
0.844
0.794
0.826
0.81
0.735
0.614
0.604
0.482
0.365
0.235
0.115
0.031
-0.015
-0.03
-0.014
0.014
0.033
0.041
0.045
0.047
0.048
0.047
0.052
0.06
0.062
0.063
0.062
0.059
0.059
0.06
0.061
0.021
0.022
0.024
0.034
0.048
0.104
0.121
0.141
0.158
0.175
0.19
0.206
0.222
0.24
0.26
0.278
0.289
0.299
0.308
0.314
0.318
0.321
0.327
0.33
0.33
0.327
0.325
0.324
0.319
0.313
0.306
0.301
0.294
0.283
0.269
0.251
0.229
0.206
0.186
0.166
0.145
0.128
0.115
0.097
0.08
0.063
0.052
0.054
0.046
0.04
0.036
0.035
0.04
0.041
0.043
0.043
0.04
0.038
