-0.004
0.018
0.042
0.047
0.06
0.064
0.07
0.078
0.086
0.088
0.088
0.085
0.081
0.076
0.073
0.067
0.051
0.033
0.015
-0.001
-0.016
-0.021
-0.032
-0.044
-0.055
-0.061
-0.064
-0.064
-0.062
-0.063
-0.064
-0.063
-0.06
-0.06
-0.058
-0.06
-0.062
-0.062
-0.059
-0.059
-0.057
-0.057
-0.059
-0.058
-0.055
-0.054
-0.053
-0.054
-0.057
-0.057
-0.055
-0.054
-0.052
-0.052
-0.045
-0.037
-0.024
-0.01
0.008
0.013
0.016
0.013
0.006
-0.002
-0.009
-0.018
-0.026
-0.034
-0.043
-0.048
-0.048
-0.048
-0.046
-0.045
-0.047
-0.048
-0.046
-0.046
-0.044
-0.033
-0.012
0.021
0.068
0.124
0.207
0.264
0.297
0.306
0.294
0.228
0.135
0.056
-0.007
-0.054
-0.085
-0.075
-0.066
-0.063
-0.063
-0.063
-0.06
-0.058
-0.056
-0.055
-0.054
-0.05
-0.042
-0.034
-0.017
-0.001
0.014
0.029
0.047
0.058
0.071
0.079
0.084
0.088
0.093
0.092
0.074
0.052
0.027
0.001
-0.022
-0.03
-0.036
-0.044
-0.051
-0.056
-0.056
-0.055
-0.051
-0.051
-0.051
-0.052
-0.05
-0.049
-0.046
-0.046
-0.048
-0.05
-0.048
-0.048
-0.045
-0.044
-0.044
-0.045
-0.044
-0.044
-0.041
-0.04
-0.041
-0.041
-0.038
-0.034
-0.02
-0.007
0.004
0.014
0.025
0.026
0.024
0.018
0.008
-0.003
-0.013
-0.021
-0.025
-0.03
-0.035
-0.038
-0.038
-0.038
-0.036
-0.035
-0.037
-0.038
-0.037
-0.036
-0.013
0.021
0.066
0.122
0.191
0.246
0.284
0.295
0.282
0.248
0.189
0.122
0.06
0.01
-0.027
-0.046
-0.048
-0.045
-0.041
-0.043
-0.044
-0.04
-0.034
-0.032
-0.025
-0.02
-0.015
-0.005
0.012
0.024
0.028
0.021
0.034
0.051
0.065
0.06
0.06
0.064
0.03
-0.015
0.001
0.034
0.002
0.025
0.041
0.004
-0.021
-0
-0.033
-0.026
-0.018
-0.047
-0.07
-0.057
-0.066
-0.054
-0.037
-0.039
-0.039
-0.031
-0.033
-0.028
-0.021
-0.022
-0.022
-0.02
-0.02
-0.017
-0.013
-0.016
