0.056
0.038
0.02
0.003
-0.014
-0.023
-0.036
-0.048
-0.057
-0.063
-0.067
-0.066
-0.067
-0.068
-0.068
-0.067
-0.064
-0.062
-0.058
-0.059
-0.058
-0.057
-0.056
-0.057
-0.055
-0.057
-0.057
-0.056
-0.053
-0.054
-0.053
-0.054
-0.055
-0.055
-0.054
-0.052
-0.05
-0.049
-0.035
-0.025
-0.013
0.002
0.016
0.016
0.016
0.013
0.007
0.003
-0.003
-0.01
-0.02
-0.031
-0.039
-0.044
-0.046
-0.044
-0.043
-0.043
-0.042
-0.041
-0.038
-0.037
-0.038
-0.03
-0.011
0.021
0.065
0.12
0.21
0.275
0.316
0.334
0.329
0.263
0.163
0.076
0.007
-0.044
-0.079
-0.067
-0.058
-0.054
-0.053
-0.052
-0.048
-0.048
-0.047
-0.048
-0.047
-0.043
-0.036
-0.027
-0.01
0.006
0.022
0.039
0.057
0.066
0.078
0.085
0.091
0.096
0.102
0.102
0.1
0.095
0.089
0.082
0.076
0.068
0.052
0.033
0.013
-0.004
-0.02
-0.029
-0.036
-0.044
-0.051
-0.055
-0.055
-0.055
-0.053
-0.053
-0.053
-0.052
-0.05
-0.05
-0.048
-0.048
-0.05
-0.05
-0.047
-0.045
-0.043
-0.042
-0.043
-0.043
-0.042
-0.041
-0.04
-0.04
-0.041
-0.042
-0.039
-0.039
-0.036
-0.036
-0.036
-0.036
-0.031
-0.028
-0.015
-0.004
0.007
0.017
0.028
0.03
0.029
0.023
0.013
0.003
-0.006
-0.014
-0.02
-0.026
-0.032
-0.036
-0.035
-0.035
-0.033
-0.032
-0.032
-0.033
-0.031
-0.032
-0.013
0.016
0.055
0.106
0.172
0.229
0.275
0.294
0.233
0.161
0.079
-0
-0.064
-0.059
-0.056
-0.055
-0.055
-0.055
-0.054
-0.053
-0.047
-0.038
-0.027
-0.017
-0.006
0.003
0.017
0.027
0.038
0.052
0.067
0.073
0.082
0.088
0.09
0.091
0.094
0.093
0.089
0.082
0.072
0.061
0.05
0.039
0.018
-0.001
-0.021
-0.041
-0.058
-0.062
-0.066
-0.068
-0.07
-0.069
-0.067
-0.065
-0.065
-0.064
-0.065
-0.065
-0.064
-0.061
-0.061
-0.06
-0.062
-0.063
-0.063
-0.06
-0.058
-0.056
-0.057
-0.057
-0.058
-0.059
-0.058
-0.056
-0.054
-0.052
-0.05
-0.05
-0.048
-0.044
-0.039
-0.031
-0.019
-0.007
0.002
0.008
0.014
0.015
0.003
-0.006
-0.018
-0.032
-0.044
-0.043
-0.047
-0.048
-0.049
-0.051
-0.051
-0.048
-0.05
-0.049
-0.05
-0.051
-0.053
-0.054
0.01
0.065
0.13
0.208
0.302
0.336
0.302
0.271
0.212
0.128
0.022
-0.011
-0.049
-0.073
-0.082
-0.079
-0.067
-0.065
-0.065
-0.065
-0.064
-0.062
-0.06
-0.058
-0.049
-0.038
-0.026
-0.01
0.008
0.018
0.034
0.047
0.061
0.075
0.087
0.089
0.089
0.088
0.087
0.087
0.086
0.082
0.069
0.053
0.037
0.022
0.006
-0.003
-0.018
-0.033
-0.045
-0.054
-0.061
-0.062
-0.063
-0.065
-0.068
-0.07
-0.069
-0.065
-0.063
-0.062
-0.06
-0.06
-0.06
-0.059
-0.056
-0.056
-0.056
-0.057
-0.057
-0.055
-0.053
-0.052
-0.051
-0.052
-0.052
-0.05
-0.048
-0.048
-0.041
-0.035
-0.027
-0.016
-0.001
0.007
0.014
0.018
0.02
0.02
0.018
0.012
0.001
-0.012
-0.024
-0.032
-0.038
-0.039
-0.038
-0.039
-0.04
-0.039
-0.036
-0.036
-0.038
-0.044
-0.049
-0.041
-0.02
0.013
0.121
0.222
0.315
0.387
0.355
0.237
0.125
0.013
-0.085
-0.083
-0.069
-0.058
-0.05
-0.045
-0.041
-0.042
-0.04
-0.042
-0.043
-0.042
-0.038
-0.034
-0.019
-0.005
0.009
0.026
0.045
0.054
0.068
0.079
0.09
0.1
0.109
0.111
0.11
0.106
0.1
0.096
0.092
0.086
0.072
0.055
0.036
0.019
0.004
-0.004
-0.016
-0.028
-0.038
-0.046
-0.051
-0.051
-0.05
-0.05
-0.051
-0.051
-0.049
-0.048
-0.047
-0.047
-0.048
-0.048
-0.047
-0.046
-0.044
-0.044
-0.046
-0.048
-0.049
-0.049
-0.047
-0.047
-0.045
-0.045
-0.046
-0.047
-0.046
-0.046
-0.037
-0.028
-0.018
-0.005
0.009
0.015
0.019
0.019
0.014
0.009
0.004
-0.003
-0.012
-0.023
-0.032
-0.04
-0.045
-0.045
-0.042
-0.043
-0.044
-0.045
-0.044
-0.045
-0.047
-0.044
-0.029
-0.002
