0.045
-0.029
-0.089
-0.078
-0.073
-0.072
-0.071
-0.069
-0.068
-0.067
-0.065
-0.066
-0.066
-0.064
-0.059
-0.054
-0.038
-0.023
-0.008
0.01
0.029
0.039
0.054
0.065
0.073
0.081
0.088
0.089
0.088
0.086
0.081
0.077
0.073
0.069
0.051
0.034
0.015
-0.002
-0.018
-0.022
-0.033
-0.044
-0.054
-0.062
-0.067
-0.066
-0.064
-0.063
-0.063
-0.062
-0.06
-0.058
-0.058
-0.057
-0.058
-0.058
-0.056
-0.054
-0.052
-0.051
-0.05
-0.05
-0.049
-0.047
-0.047
-0.049
-0.05
-0.051
-0.05
-0.048
-0.047
-0.046
-0.046
-0.045
-0.043
-0.041
-0.028
-0.017
-0.006
0.006
0.02
0.023
0.02
0.018
0.011
0.003
-0.005
-0.008
-0.017
-0.025
-0.033
-0.039
-0.043
-0.042
-0.039
-0.037
-0.035
-0.032
-0.01
-0
0.021
0.055
0.101
0.136
0.195
0.233
0.245
0.23
0.19
0.124
0.059
0.01
-0.022
-0.041
-0.046
-0.042
-0.042
-0.042
-0.042
-0.04
-0.04
-0.039
-0.038
-0.034
-0.027
-0.018
-0.008
0.001
0.015
0.031
0.048
0.065
0.082
0.089
0.094
0.098
0.104
0.107
0.109
0.107
0.099
0.089
0.081
0.073
0.061
0.051
0.033
0.015
-0.002
-0.016
-0.031
-0.038
-0.045
-0.05
-0.052
-0.05
-0.049
-0.048
-0.048
-0.049
-0.048
-0.047
-0.046
-0.046
-0.047
-0.048
-0.048
-0.045
-0.043
-0.042
-0.044
-0.046
-0.046
-0.045
-0.043
-0.042
-0.039
-0.04
-0.04
-0.038
-0.037
-0.039
-0.036
-0.037
-0.036
-0.029
-0.022
-0.019
-0.008
0.002
0.011
0.02
0.028
0.028
0.018
0.007
-0.006
-0.017
-0.028
-0.032
-0.034
-0.038
-0.04
-0.039
-0.038
-0.04
-0.038
-0.04
-0.04
-0.038
-0.038
-0.044
0.026
0.081
0.147
0.23
0.326
0.354
0.318
0.28
0.218
0.134
0.025
-0.011
-0.047
-0.071
-0.081
-0.074
-0.059
-0.058
-0.059
-0.06
-0.06
-0.059
-0.056
-0.055
-0.048
-0.042
-0.033
-0.021
-0.006
0.003
0.019
0.035
0.05
0.065
0.08
0.084
0.086
0.086
