-0.051
-0.05
-0.048
-0.047
-0.048
-0.048
-0.028
0.005
0.05
0.104
0.169
0.226
0.264
0.28
0.272
0.238
0.178
0.11
0.044
-0.004
-0.039
-0.061
-0.07
-0.067
-0.068
-0.067
-0.066
-0.066
-0.066
-0.065
-0.063
-0.057
-0.049
-0.04
-0.03
-0.021
-0.004
0.013
0.031
0.048
0.064
0.07
0.075
0.081
0.086
0.088
0.088
0.087
0.081
0.074
0.066
0.057
0.044
0.032
0.01
-0.012
-0.033
-0.05
-0.064
-0.066
-0.067
-0.065
-0.063
-0.064
-0.065
-0.065
-0.065
-0.063
-0.061
-0.06
-0.059
-0.059
-0.059
-0.058
-0.057
-0.055
-0.055
-0.055
-0.056
-0.055
-0.053
-0.051
-0.051
-0.051
-0.052
-0.052
-0.051
-0.05
-0.051
-0.05
-0.051
-0.05
-0.046
-0.041
-0.036
-0.03
-0.018
-0.006
0.005
0.015
0.022
0.022
0.013
0.002
-0.008
-0.02
-0.033
-0.038
-0.041
-0.043
-0.042
-0.04
-0.042
-0.042
-0.045
-0.05
0.015
0.072
0.138
0.217
0.309
0.338
0.309
0.253
0.172
0.07
-0.042
-0.075
-0.086
-0.083
-0.069
-0.057
-0.051
-0.052
-0.05
-0.05
-0.048
-0.046
-0.046
-0.047
-0.036
-0.027
-0.015
-0.002
0.011
0.013
0.034
0.05
0.067
0.085
0.099
0.097
0.1
0.101
0.102
0.104
0.103
0.098
0.087
0.076
0.065
0.053
0.039
0.03
0.01
-0.009
-0.026
-0.041
-0.052
-0.051
-0.051
-0.05
-0.048
-0.048
-0.051
-0.053
-0.051
-0.052
-0.052
-0.05
-0.049
-0.05
-0.047
-0.046
-0.046
-0.045
-0.043
-0.043
-0.043
-0.041
-0.04
-0.041
-0.042
-0.041
-0.041
-0.04
-0.038
-0.038
-0.039
-0.038
-0.032
-0.025
-0.016
-0.006
0.005
0.012
0.02
0.027
0.03
0.028
0.023
0.017
0.004
-0.007
-0.017
-0.027
-0.036
-0.036
-0.037
-0.037
-0.037
-0.039
-0.041
-0.041
-0.042
-0.045
-0.047
-0.042
-0.026
0.005
0.097
0.201
0.297
0.368
0.415
0.388
0.284
0.169
0.065
-0.025
-0.098
-0.097
-0.084
-0.071
-0.061
-0.057
-0.057
-0.056
-0.057
-0.057
