-0.111
-0.11
-0.109
-0.108
-0.106
-0.105
-0.104
-0.103
-0.1
-0.099
-0.097
-0.095
-0.103
-0.102
-0.102
-0.101
-0.1
-0.09
-0.089
-0.088
-0.087
-0.086
-0.085
-0.084
-0.084
-0.083
-0.083
-0.082
-0.082
-0.082
-0.08
-0.079
-0.078
-0.076
-0.073
-0.066
-0.057
-0.045
-0.029
-0.012
0.006
0.022
0.029
0.04
0.048
0.054
0.058
0.064
0.062
0.057
0.048
0.036
0.022
0.008
-0.008
-0.025
-0.04
-0.051
-0.06
-0.066
-0.07
-0.071
-0.071
-0.072
-0.071
-0.07
-0.07
-0.07
-0.069
-0.068
-0.067
-0.065
-0.064
-0.063
-0.063
-0.062
-0.062
-0.067
-0.077
-0.074
-0.047
0.004
0.079
0.181
0.294
0.412
0.528
0.637
0.737
0.801
0.818
0.785
0.704
0.584
0.45
0.31
0.171
0.041
-0.067
-0.145
-0.192
-0.204
-0.184
-0.157
-0.136
-0.123
-0.119
-0.118
-0.118
-0.117
-0.115
-0.112
-0.111
-0.109
-0.108
-0.108
-0.107
-0.106
-0.104
-0.102
-0.097
-0.09
-0.079
-0.066
-0.049
-0.031
-0.013
0.004
0.02
0.037
0.057
0.078
0.098
0.117
0.136
0.152
0.161
0.17
0.177
0.181
0.184
0.19
0.192
0.192
0.192
0.189
0.185
0.179
0.174
0.167
0.159
0.149
0.137
0.123
0.107
0.086
0.064
0.043
0.024
0.005
-0.013
-0.031
-0.048
-0.065
-0.082
-0.099
-0.112
-0.121
-0.126
-0.127
-0.125
-0.124
-0.123
-0.121
-0.12
-0.119
-0.118
-0.117
-0.115
-0.114
-0.113
-0.112
-0.111
-0.11
-0.109
-0.108
-0.108
-0.108
-0.107
-0.105
-0.104
-0.103
-0.1
-0.099
-0.098
-0.097
-0.096
-0.095
-0.094
-0.093
-0.085
-0.085
-0.086
-0.086
-0.086
-0.092
-0.091
-0.089
-0.089
-0.088
-0.087
-0.086
-0.086
-0.085
-0.084
-0.083
-0.082
-0.081
-0.079
-0.077
-0.077
-0.076
-0.073
-0.068
-0.059
-0.046
-0.029
-0.012
0.004
0.019
0.041
0.051
0.06
0.065
0.068
0.059
0.056
0.051
0.044
0.033
0.021
0.006
-0.01
-0.027
-0.041
-0.054
-0.065
-0.072
-0.075
-0.076
