-0.115
-0.114
-0.113
-0.112
-0.111
-0.11
-0.109
-0.107
-0.106
-0.103
-0.097
-0.088
-0.075
-0.059
-0.041
-0.024
-0.007
0.011
0.029
0.046
0.064
0.084
0.104
0.124
0.139
0.152
0.173
0.18
0.185
0.188
0.191
0.181
0.182
0.181
0.178
0.174
0.17
0.164
0.158
0.151
0.143
0.133
0.118
0.102
0.082
0.061
0.04
0.018
-0.003
-0.021
-0.037
-0.055
-0.076
-0.093
-0.109
-0.122
-0.132
-0.135
-0.139
-0.14
-0.14
-0.14
-0.138
-0.136
-0.135
-0.133
-0.131
-0.13
-0.129
-0.128
-0.127
-0.125
-0.123
-0.122
-0.12
-0.12
-0.119
-0.117
-0.116
-0.116
-0.115
-0.114
-0.114
-0.113
-0.112
-0.111
-0.11
-0.11
-0.109
-0.108
-0.106
-0.104
-0.102
-0.101
-0.1
-0.1
-0.099
-0.099
-0.098
-0.097
-0.096
-0.094
-0.094
-0.094
-0.092
-0.092
-0.091
-0.09
-0.09
-0.089
-0.088
-0.086
-0.079
-0.07
-0.06
-0.046
-0.029
-0.011
0.005
0.019
0.032
0.041
0.047
0.05
0.051
0.049
0.044
0.036
0.025
0.012
-0.002
-0.018
-0.036
-0.052
-0.063
-0.073
-0.08
-0.083
-0.084
-0.084
-0.084
-0.083
-0.082
-0.081
-0.081
-0.081
-0.071
-0.071
-0.07
-0.068
-0.068
-0.076
-0.075
-0.075
-0.078
-0.086
-0.086
-0.065
-0.021
0.047
0.143
0.256
0.374
0.491
0.6
0.703
0.778
0.807
0.786
0.717
0.605
0.471
0.331
0.192
0.062
-0.054
-0.139
-0.195
-0.216
-0.204
-0.177
-0.155
-0.14
-0.132
-0.13
-0.128
-0.127
-0.125
-0.123
-0.123
-0.121
-0.119
-0.118
-0.117
-0.115
-0.114
-0.113
-0.11
-0.103
-0.094
-0.083
-0.067
-0.047
-0.029
-0.012
0.005
0.023
0.041
0.06
0.078
0.097
0.115
0.132
0.147
0.158
0.165
0.17
0.173
0.175
0.176
0.177
0.177
0.174
0.17
0.165
0.159
0.153
0.146
0.138
0.127
0.114
0.098
0.078
0.057
0.037
0.017
-0.002
-0.021
-0.039
-0.056
-0.082
-0.099
-0.116
-0.13
-0.139
-0.135
-0.137
-0.136
-0.135
-0.135
