-0.058
-0.057
-0.057
-0.057
-0.056
-0.054
-0.052
-0.051
-0.052
-0.051
-0.051
-0.05
-0.049
-0.048
-0.048
-0.047
-0.046
-0.044
-0.042
-0.039
-0.039
-0.04
-0.041
-0.041
-0.033
-0.022
-0.008
0.004
0.017
0.021
0.023
0.023
0.021
0.016
0.007
-0
-0.011
-0.02
-0.026
-0.032
-0.037
-0.037
-0.038
-0.037
-0.036
-0.035
-0.035
-0.034
-0.02
-0.015
0.002
0.028
0.065
0.1
0.174
0.251
0.304
0.33
0.329
0.289
0.188
0.099
0.028
-0.028
-0.072
-0.067
-0.058
-0.052
-0.05
-0.048
-0.048
-0.047
-0.046
-0.044
-0.041
-0.038
-0.035
-0.029
-0.014
0.003
0.032
0.059
0.081
0.095
0.106
0.105
0.099
0.098
0.094
0.089
0.079
0.072
0.051
0.033
0.017
-0.001
-0.02
-0.026
-0.036
-0.043
-0.048
-0.051
-0.054
-0.054
-0.054
-0.053
-0.052
-0.051
-0.051
-0.051
-0.051
-0.052
-0.054
-0.053
-0.053
-0.052
-0.051
-0.05
-0.05
-0.05
-0.049
-0.048
-0.046
-0.045
-0.046
-0.047
-0.047
-0.047
-0.046
-0.045
-0.044
-0.043
-0.037
-0.03
-0.016
-0.002
0.008
0.015
0.022
0.022
0.017
0.009
-0.003
-0.017
-0.029
-0.036
-0.04
-0.042
-0.044
-0.046
-0.046
-0.044
-0.042
-0.041
-0.041
-0.043
-0.044
-0.047
-0.007
0.043
0.102
0.174
0.261
0.318
0.323
0.303
0.256
0.182
0.084
0.017
-0.025
-0.054
-0.071
-0.075
-0.065
-0.064
-0.062
-0.06
-0.06
-0.06
-0.061
-0.061
-0.055
-0.047
-0.037
-0.028
-0.015
-0.005
0.013
0.031
0.047
0.061
0.075
0.08
0.085
0.089
0.09
0.088
0.087
0.084
0.077
0.069
0.058
0.043
0.028
0.018
0.002
-0.014
-0.031
-0.048
-0.063
-0.067
-0.069
-0.068
-0.067
-0.068
-0.07
-0.07
-0.07
-0.069
-0.068
-0.068
-0.067
-0.064
-0.065
-0.064
-0.064
-0.064
-0.064
-0.062
-0.062
-0.06
-0.06
-0.06
-0.06
-0.058
-0.056
-0.054
-0.053
-0.054
-0.054
-0.054
-0.053
-0.048
-0.043
-0.037
-0.028
-0.019
-0.008
0.003
