0.145
0.162
0.178
0.191
0.204
0.204
0.202
0.2
0.198
0.194
0.192
0.187
0.175
0.16
0.144
0.126
0.108
0.098
0.08
0.066
0.053
0.042
0.033
0.032
0.031
0.033
0.035
0.037
0.038
0.038
0.036
0.037
0.039
0.041
0.041
0.041
0.038
0.037
0.038
0.039
0.038
0.038
0.036
0.036
0.038
0.04
0.038
0.038
0.035
0.034
0.035
0.037
0.036
0.035
0.035
0.039
0.046
0.057
0.067
0.073
0.077
0.08
0.083
0.084
0.08
0.072
0.055
0.04
0.027
0.018
0.009
0.009
0.006
0.004
0.004
0.004
0.003
0.004
0.001
-0.006
-0.011
-0.008
0.008
0.036
0.124
0.224
0.322
0.397
0.447
0.423
0.323
0.205
0.098
0.009
-0.06
-0.061
-0.049
-0.037
-0.029
-0.025
-0.023
-0.023
-0.023
-0.023
-0.024
-0.024
-0.023
-0.02
-0.008
0.005
0.019
0.034
0.052
0.06
0.074
0.087
0.098
0.107
0.115
0.116
0.115
0.113
0.111
0.109
0.106
0.102
0.086
0.069
0.053
0.037
0.019
0.01
-0.005
-0.019
-0.029
-0.037
-0.042
-0.042
-0.043
-0.043
-0.042
-0.039
-0.038
-0.037
-0.039
-0.041
-0.042
-0.042
-0.042
-0.042
-0.043
-0.044
-0.042
-0.04
-0.038
-0.037
-0.037
-0.04
-0.041
-0.041
-0.041
-0.04
-0.04
-0.04
-0.04
-0.039
-0.039
-0.039
-0.03
-0.02
-0.008
0.006
0.02
0.025
0.026
0.024
0.021
0.016
0.01
0.002
-0.009
-0.019
-0.027
-0.032
-0.035
-0.035
-0.033
-0.034
-0.033
-0.031
-0.03
-0.032
-0.013
-0.009
0.008
0.038
0.08
0.113
0.19
0.265
0.315
0.342
0.342
0.296
0.195
0.101
0.026
-0.029
-0.069
-0.064
-0.054
-0.05
-0.049
-0.048
-0.047
-0.048
-0.045
-0.045
-0.041
-0.037
-0.031
-0.026
-0.004
0.008
0.026
0.044
0.062
0.065
0.079
0.087
0.094
0.101
0.106
0.104
0.101
0.095
0.086
0.075
0.063
0.052
0.034
0.019
0.007
-0.005
-0.017
-0.022
-0.031
-0.038
-0.045
-0.05
-0.052
-0.052
-0.052
-0.052
-0.051
-0.05
-0.05
-0.05
-0.049
-0.046
-0.046
-0.045
-0.044
-0.045
-0.046
-0.045
-0.044
-0.043
-0.043
-0.042
-0.042
-0.042
-0.04
-0.038
-0.038
-0.038
-0.038
-0.037
-0.034
-0.03
-0.025
-0.018
-0.006
0.006
0.018
0.028
0.034
0.034
0.026
0.016
0.005
-0.007
-0.019
-0.024
-0.029
-0.031
-0.031
-0.032
-0.033
-0.032
-0.032
-0.033
-0.031
-0.029
-0.029
-0.032
0.005
0.053
0.112
0.183
0.268
0.324
0.329
0.309
0.265
0.197
0.103
0.037
-0.007
-0.037
-0.053
-0.055
-0.045
-0.044
-0.044
-0.044
-0.043
-0.042
-0.041
-0.042
-0.037
-0.031
-0.022
-0.01
0.003
0.012
0.027
0.043
0.059
0.075
0.088
0.092
0.096
0.098
0.1
0.101
0.101
0.098
0.09
0.08
0.069
0.056
0.042
0.031
0.011
-0.006
-0.022
-0.036
-0.05
-0.053
-0.056
-0.057
-0.056
-0.054
-0.054
-0.056
-0.055
-0.055
-0.054
-0.052
-0.052
-0.053
-0.054
-0.054
-0.053
-0.051
-0.05
-0.048
-0.047
-0.048
-0.049
-0.049
-0.05
-0.05
-0.049
-0.048
-0.048
-0.048
-0.048
-0.046
-0.041
-0.035
-0.026
-0.018
-0.007
0.002
0.01
0.016
0.019
0.016
0.005
-0.006
-0.018
-0.029
-0.039
-0.042
-0.045
-0.046
-0.046
-0.046
-0.046
-0.046
-0.047
-0.048
-0.049
-0.051
-0.055
-0.054
0.005
0.076
0.161
0.259
0.359
0.392
0.348
0.28
0.189
0.076
-0.035
-0.075
-0.094
-0.099
-0.089
-0.074
-0.063
-0.062
-0.062
-0.062
-0.062
-0.061
-0.061
-0.059
-0.051
-0.041
-0.028
-0.014
0.002
0.01
0.026
0.042
0.057
0.07
0.082
0.085
0.086
0.086
0.087
0.086
0.085
0.081
0.069
0.056
0.041
0.025
0.01
-0.001
-0.018
-0.034
-0.047
-0.058
-0.067
-0.067
-0.067
-0.067
-0.067
-0.066
-0.065
-0.065
-0.064
-0.064
-0.064
-0.063
-0.061
-0.06
-0.059
-0.059
-0.059
-0.058
-0.057
-0.057
-0.056
-0.056
-0.055
-0.054
-0.052
-0.052
-0.052
-0.052
-0.051
-0.05
