-0.05
-0.139
-0.192
-0.211
-0.198
-0.17
-0.147
-0.133
-0.126
-0.124
-0.123
-0.122
-0.121
-0.119
-0.118
-0.116
-0.115
-0.114
-0.119
-0.118
-0.116
-0.114
-0.111
-0.098
-0.089
-0.076
-0.06
-0.041
-0.024
-0.006
0.012
0.03
0.048
0.067
0.085
0.104
0.124
0.141
0.154
0.164
0.173
0.177
0.18
0.182
0.183
0.183
0.182
0.181
0.171
0.166
0.16
0.154
0.147
0.147
0.136
0.122
0.105
0.085
0.065
0.046
0.026
0.006
-0.011
-0.026
-0.043
-0.059
-0.076
-0.093
-0.106
-0.117
-0.123
-0.126
-0.126
-0.125
-0.123
-0.122
-0.122
-0.12
-0.118
-0.117
-0.116
-0.115
-0.113
-0.113
-0.112
-0.11
-0.108
-0.107
-0.106
-0.104
-0.103
-0.102
-0.101
-0.1
-0.099
-0.098
-0.096
-0.095
-0.094
-0.093
-0.092
-0.092
-0.092
-0.091
-0.09
-0.09
-0.088
-0.086
-0.085
-0.084
-0.083
-0.083
-0.085
-0.084
-0.083
-0.081
-0.08
-0.076
-0.075
-0.075
-0.075
-0.074
-0.073
-0.072
-0.07
-0.065
-0.055
-0.042
-0.027
-0.01
0.008
0.026
0.04
0.052
0.062
0.068
0.071
0.071
0.07
0.065
0.056
0.044
0.031
0.016
-0
-0.017
-0.033
-0.046
-0.056
-0.062
-0.066
-0.068
-0.068
-0.068
-0.067
-0.065
-0.063
-0.062
-0.061
-0.061
-0.061
-0.06
-0.06
-0.06
-0.059
-0.058
-0.058
-0.06
-0.069
-0.07
-0.049
-0.002
0.07
0.167
0.277
0.391
0.509
0.623
0.726
0.798
0.825
0.802
0.728
0.614
0.484
0.347
0.206
0.068
-0.05
-0.134
-0.185
-0.204
-0.19
-0.162
-0.142
-0.129
-0.122
-0.12
-0.119
-0.118
-0.117
-0.116
-0.115
-0.114
-0.113
-0.111
-0.109
-0.109
-0.108
-0.107
-0.106
-0.1
-0.09
-0.077
-0.061
-0.042
-0.023
-0.004
0.013
0.03
0.048
0.069
0.088
0.107
0.126
0.143
0.156
0.168
0.176
0.18
0.182
0.184
0.186
0.186
0.185
0.183
0.18
0.175
0.17
0.164
0.158
0.149
0.137
0.122
0.106
0.085
0.061
0.039
0.018
-0.002
