0.345
0.463
0.581
0.691
0.78
0.825
0.821
0.766
0.666
0.539
0.405
0.266
0.126
-0.004
-0.102
-0.167
-0.2
-0.199
-0.173
-0.148
-0.131
-0.121
-0.118
-0.118
-0.117
-0.116
-0.115
-0.114
-0.113
-0.112
-0.111
-0.109
-0.108
-0.107
-0.106
-0.104
-0.099
-0.09
-0.078
-0.064
-0.047
-0.029
-0.01
0.006
0.022
0.039
0.058
0.077
0.096
0.116
0.132
0.147
0.16
0.169
0.174
0.178
0.181
0.182
0.183
0.182
0.18
0.178
0.173
0.169
0.164
0.157
0.148
0.137
0.108
0.092
0.074
0.053
0.032
0.027
0.009
-0.009
-0.027
-0.046
-0.064
-0.081
-0.097
-0.113
-0.124
-0.131
-0.135
-0.135
-0.134
-0.133
-0.132
-0.132
-0.131
-0.13
-0.129
-0.129
-0.127
-0.126
-0.124
-0.122
-0.121
-0.12
-0.119
-0.118
-0.117
-0.116
-0.116
-0.115
-0.114
-0.114
-0.113
-0.112
-0.112
-0.111
-0.109
-0.108
-0.107
-0.105
-0.103
-0.102
-0.101
-0.102
-0.101
-0.101
-0.1
-0.1
-0.098
-0.097
-0.097
-0.096
-0.093
-0.092
-0.09
-0.089
-0.088
-0.088
-0.088
-0.088
-0.087
-0.086
-0.083
-0.075
-0.064
-0.05
-0.032
-0.015
0.001
0.015
0.028
0.039
0.046
0.05
0.051
0.05
0.046
0.04
0.031
0.019
0.004
-0.011
-0.028
-0.043
-0.057
-0.068
-0.074
-0.078
-0.079
-0.078
-0.077
-0.079
-0.079
-0.079
-0.08
-0.079
-0.077
-0.076
-0.075
-0.073
-0.072
-0.072
-0.072
-0.072
-0.073
-0.081
-0.089
-0.077
-0.042
0.016
0.107
0.225
0.342
0.451
0.559
0.67
0.766
0.813
0.809
0.756
0.609
0.469
0.331
0.202
0.074
-0.01
-0.114
-0.182
-0.213
-0.21
-0.184
-0.158
-0.141
-0.132
-0.129
-0.128
-0.127
-0.125
-0.123
-0.121
-0.12
-0.118
-0.117
-0.116
-0.115
-0.115
-0.113
-0.112
-0.109
-0.101
-0.074
-0.058
-0.039
-0.019
-0.001
-0
0.017
0.034
0.052
0.07
0.09
0.112
0.13
0.144
0.155
0.164
0.169
0.173
0.176
0.179
0.18
0.18
0.178
0.175
