-0.018
-0.028
-0.037
-0.038
-0.04
-0.042
-0.04
-0.038
-0.038
-0.036
-0.037
-0.039
-0.041
-0.044
-0.041
-0.026
0.046
0.133
0.235
0.333
0.409
0.413
0.339
0.239
0.125
0.019
-0.071
-0.092
-0.095
-0.085
-0.072
-0.061
-0.054
-0.053
-0.053
-0.053
-0.052
-0.05
-0.048
-0.047
-0.038
-0.028
-0.015
0.001
0.018
0.028
0.042
0.056
0.069
0.082
0.092
0.093
0.092
0.091
0.091
0.09
0.087
0.083
0.068
0.051
0.035
0.02
0.004
-0.005
-0.021
-0.037
-0.049
-0.058
-0.066
-0.066
-0.067
-0.069
-0.068
-0.067
-0.066
-0.064
-0.061
-0.063
-0.062
-0.06
-0.059
-0.062
-0.062
-0.063
-0.063
-0.061
-0.059
-0.058
-0.056
-0.057
-0.056
-0.053
-0.052
-0.054
-0.051
-0.052
-0.051
-0.049
-0.047
-0.05
-0.045
-0.038
-0.03
-0.018
-0.004
0.002
0.007
0.009
0.01
0.009
0.005
-0.003
-0.016
-0.028
-0.037
-0.044
-0.048
-0.048
-0.049
-0.05
-0.05
-0.05
-0.048
-0.048
-0.051
-0.057
-0.054
-0.039
-0.012
0.029
0.127
0.225
0.305
0.36
0.391
0.348
0.232
0.121
0.035
-0.037
-0.092
-0.079
-0.064
-0.064
-0.064
-0.064
-0.065
-0.063
-0.058
-0.053
-0.04
-0.025
-0.009
0.009
0.028
0.038
0.051
0.061
0.07
0.079
0.087
0.088
0.087
0.084
0.081
0.078
0.074
0.069
0.053
0.035
0.017
0.001
-0.014
-0.023
-0.035
-0.046
-0.056
-0.062
-0.065
-0.064
-0.063
-0.063
-0.064
-0.064
-0.062
-0.062
-0.06
-0.061
-0.061
-0.061
-0.058
-0.058
-0.056
-0.056
-0.056
-0.055
-0.053
-0.053
-0.052
-0.053
-0.054
-0.053
-0.05
-0.05
-0.049
-0.049
-0.049
-0.049
-0.047
-0.045
-0.035
-0.025
-0.013
0
0.013
0.018
0.02
0.016
0.01
0.004
-0.002
-0.011
-0.019
-0.024
-0.03
-0.036
-0.038
-0.038
-0.039
-0.041
-0.039
-0.036
-0.034
-0.034
-0.028
-0.015
0.01
0.049
0.099
0.156
0.234
0.285
0.312
0.316
0.296
0.229
0.146
0.077
0.02
-0.024
