-0.107
-0.105
-0.105
-0.104
-0.102
-0.101
-0.101
-0.1
-0.098
-0.098
-0.097
-0.096
-0.094
-0.094
-0.092
-0.091
-0.09
-0.089
-0.089
-0.088
-0.094
-0.093
-0.093
-0.092
-0.092
-0.085
-0.085
-0.083
-0.083
-0.082
-0.081
-0.08
-0.079
-0.079
-0.078
-0.077
-0.075
-0.069
-0.059
-0.046
-0.032
-0.015
0.002
0.018
0.032
0.042
0.052
0.058
0.061
0.061
0.048
0.043
0.033
0.022
0.009
0.005
-0.01
-0.026
-0.041
-0.053
-0.061
-0.066
-0.069
-0.071
-0.072
-0.073
-0.073
-0.073
-0.073
-0.073
-0.073
-0.072
-0.071
-0.07
-0.07
-0.069
-0.068
-0.068
-0.067
-0.071
-0.08
-0.079
-0.054
-0.005
0.071
0.171
0.281
0.397
0.515
0.625
0.724
0.791
0.809
0.777
0.699
0.581
0.45
0.314
0.174
0.041
-0.07
-0.15
-0.197
-0.211
-0.193
-0.166
-0.146
-0.132
-0.128
-0.127
-0.125
-0.125
-0.124
-0.123
-0.127
-0.126
-0.125
-0.123
-0.121
-0.114
-0.113
-0.112
-0.11
-0.104
-0.094
-0.081
-0.065
-0.047
-0.028
-0.01
0.006
0.023
0.057
0.076
0.095
0.114
0.132
0.132
0.146
0.156
0.163
0.167
0.17
0.172
0.175
0.176
0.175
0.173
0.17
0.165
0.159
0.154
0.148
0.138
0.125
0.111
0.093
0.072
0.05
0.03
0.011
-0.007
-0.023
-0.041
-0.059
-0.077
-0.095
-0.113
-0.127
-0.137
-0.142
-0.143
-0.142
-0.141
-0.139
-0.137
-0.135
-0.134
-0.131
-0.13
-0.129
-0.128
-0.119
-0.119
-0.118
-0.116
-0.114
-0.122
-0.121
-0.12
-0.12
-0.12
-0.118
-0.116
-0.115
-0.115
-0.113
-0.112
-0.111
-0.11
-0.109
-0.108
-0.107
-0.104
-0.103
-0.102
-0.101
-0.1
-0.097
-0.096
-0.096
-0.095
-0.093
-0.095
-0.094
-0.092
-0.091
-0.09
-0.089
-0.088
-0.087
-0.087
-0.087
-0.086
-0.085
-0.078
-0.068
-0.056
-0.04
-0.023
-0.006
0.01
0.023
0.036
0.045
0.049
0.051
0.051
0.045
0.04
0.032
0.022
0.009
-0.003
-0.02
-0.036
-0.05
-0.061
-0.071
-0.076
