-0.066
-0.062
-0.063
-0.06
-0.061
-0.062
-0.062
-0.059
-0.06
-0.058
-0.058
-0.06
-0.059
-0.056
-0.057
-0.056
-0.054
-0.054
-0.055
-0.054
-0.05
-0.049
-0.047
-0.042
-0.034
-0.026
-0.015
-0.003
0.005
0.011
0.017
0.018
0.005
-0.007
-0.019
-0.032
-0.045
-0.046
-0.047
-0.048
-0.049
-0.047
-0.045
-0.044
-0.044
-0.044
-0.046
-0.049
-0.045
-0.03
0.041
0.127
0.227
0.326
0.406
0.413
0.343
0.247
0.132
0.023
-0.068
-0.09
-0.093
-0.084
-0.071
-0.062
-0.055
-0.055
-0.055
-0.056
-0.055
-0.053
-0.051
-0.048
-0.037
-0.025
-0.011
0.006
0.024
0.033
0.052
0.065
0.079
0.092
0.102
0.1
0.099
0.097
0.095
0.095
0.095
0.092
0.079
0.062
0.045
0.03
0.005
-0.013
-0.026
-0.039
-0.052
-0.053
-0.052
-0.053
-0.054
-0.053
-0.051
-0.05
-0.05
-0.05
-0.05
-0.05
-0.048
-0.046
-0.044
-0.045
-0.045
-0.043
-0.042
-0.042
-0.04
-0.041
-0.041
-0.04
-0.037
-0.037
-0.035
-0.036
-0.037
-0.037
-0.035
-0.036
-0.026
-0.019
-0.011
0.002
0.015
0.018
0.022
0.025
0.023
0.021
0.016
0.01
-0.002
-0.014
-0.024
-0.031
-0.036
-0.037
-0.037
-0.036
-0.036
-0.035
-0.037
-0.042
-0.041
-0.028
-0.003
0.035
0.133
0.231
0.312
0.37
0.403
0.362
0.251
0.138
0.042
-0.035
-0.093
-0.085
-0.071
-0.06
-0.055
-0.052
-0.051
-0.051
-0.051
-0.053
-0.053
-0.052
-0.048
-0.043
-0.028
-0.014
0.001
0.018
0.037
0.047
0.062
0.072
0.08
0.087
0.095
0.096
0.096
0.093
0.089
0.085
0.08
0.073
0.058
0.04
0.021
0.004
-0.011
-0.019
-0.031
-0.043
-0.054
-0.062
-0.067
-0.066
-0.065
-0.065
-0.066
-0.065
-0.064
-0.063
-0.062
-0.062
-0.063
-0.063
-0.062
-0.062
-0.059
-0.058
-0.059
-0.059
-0.057
-0.057
-0.055
-0.056
-0.057
-0.058
-0.056
-0.057
-0.056
-0.055
-0.056
-0.056
-0.054
-0.052
-0.04
-0.028
-0.016
-0.003
0.011
0.013
