-0.011
-0.002
0.016
0.035
0.052
0.066
0.08
0.084
0.088
0.093
0.095
0.094
0.092
0.089
0.082
0.075
0.066
0.052
0.035
0.024
0.006
-0.01
-0.026
-0.042
-0.057
-0.062
-0.065
-0.065
-0.064
-0.065
-0.065
-0.064
-0.064
-0.063
-0.062
-0.063
-0.065
-0.064
-0.062
-0.06
-0.059
-0.061
-0.062
-0.063
-0.062
-0.06
-0.058
-0.059
-0.059
-0.058
-0.058
-0.057
-0.056
-0.056
-0.058
-0.058
-0.057
-0.052
-0.046
-0.039
-0.032
-0.023
-0.013
-0.002
0.007
0.011
0.013
0.012
0.002
-0.009
-0.02
-0.032
-0.044
-0.048
-0.049
-0.048
-0.046
-0.047
-0.048
-0.048
-0.049
-0.048
-0.046
-0.049
-0.056
-0.056
0.002
0.072
0.155
0.251
0.351
0.386
0.347
0.285
0.198
0.086
-0.029
-0.072
-0.091
-0.096
-0.087
-0.074
-0.064
-0.064
-0.053
-0.041
-0.025
-0.007
0.013
0.023
0.039
0.054
0.067
0.078
0.086
0.086
0.084
0.082
0.066
0.055
0.042
0.027
0.009
0.004
-0.015
-0.03
-0.042
-0.054
-0.066
-0.065
-0.066
-0.065
-0.062
-0.06
-0.06
-0.06
-0.06
-0.058
-0.056
-0.055
-0.056
-0.056
-0.056
-0.055
-0.053
-0.052
-0.052
-0.051
-0.052
-0.051
-0.049
-0.048
-0.049
-0.048
-0.048
-0.047
-0.045
-0.043
-0.044
-0.045
-0.036
-0.028
-0.019
-0.008
0.002
0.005
0.012
0.018
0.023
0.025
0.022
0.016
0.003
-0.009
-0.019
-0.027
-0.037
-0.039
-0.039
-0.042
-0.044
-0.043
-0.042
-0.041
-0.044
-0.043
-0.033
-0.012
0.023
0.075
0.179
0.267
0.329
0.365
0.378
0.319
0.207
0.11
0.034
-0.029
-0.078
-0.065
-0.052
-0.049
-0.048
-0.046
-0.047
-0.046
-0.041
-0.035
-0.018
-0.001
0.015
0.03
0.046
0.056
0.07
0.081
0.089
0.094
0.099
0.101
0.101
0.1
0.095
0.087
0.079
0.071
0.057
0.041
0.024
0.004
-0.014
-0.022
-0.032
-0.039
-0.046
-0.053
-0.058
-0.057
-0.056
-0.054
-0.054
-0.055
-0.056
-0.056
-0.055
-0.053
-0.054
-0.054
