-0.084
-0.083
-0.083
-0.082
-0.081
-0.08
-0.08
-0.079
-0.078
-0.077
-0.076
-0.075
-0.074
-0.074
-0.071
-0.065
-0.054
-0.04
-0.023
-0.005
0.011
0.025
0.038
0.048
0.054
0.056
0.057
0.056
0.052
0.045
0.037
0.025
0.01
-0.006
-0.022
-0.037
-0.051
-0.061
-0.069
-0.074
-0.075
-0.075
-0.075
-0.076
-0.075
-0.075
-0.074
-0.074
-0.073
-0.072
-0.072
-0.071
-0.07
-0.069
-0.069
-0.069
-0.07
-0.079
-0.085
-0.071
-0.035
0.026
0.119
0.236
0.35
0.459
0.567
0.679
0.773
0.817
0.81
0.754
0.646
0.505
0.368
0.238
0.11
-0.018
-0.12
-0.185
-0.213
-0.21
-0.183
-0.158
-0.141
-0.133
-0.13
-0.129
-0.127
-0.126
-0.125
-0.123
-0.122
-0.122
-0.12
-0.119
-0.118
-0.116
-0.114
-0.112
-0.108
-0.1
-0.072
-0.056
-0.038
-0.019
-0.001
0
0.018
0.036
0.054
0.072
0.093
0.113
0.13
0.143
0.154
0.161
0.166
0.17
0.173
0.176
0.179
0.18
0.178
0.175
0.169
0.163
0.156
0.149
0.141
0.131
0.118
0.101
0.083
0.063
0.043
0.022
0.001
-0.018
-0.035
-0.051
-0.068
-0.087
-0.104
-0.119
-0.13
-0.137
-0.142
-0.142
-0.141
-0.14
-0.139
-0.137
-0.134
-0.133
-0.132
-0.131
-0.129
-0.128
-0.127
-0.126
-0.118
-0.117
-0.116
-0.115
-0.113
-0.12
-0.119
-0.118
-0.118
-0.118
-0.117
-0.116
-0.114
-0.114
-0.112
-0.11
-0.109
-0.108
-0.106
-0.105
-0.105
-0.103
-0.103
-0.103
-0.103
-0.102
-0.101
-0.1
-0.099
-0.098
-0.097
-0.097
-0.096
-0.094
-0.094
-0.094
-0.093
-0.092
-0.091
-0.088
-0.084
-0.076
-0.065
-0.051
-0.035
-0.017
0.001
0.017
0.029
0.039
0.046
0.051
0.052
0.051
0.047
0.04
0.03
0.018
0.005
-0.01
-0.026
-0.042
-0.057
-0.067
-0.074
-0.078
-0.079
-0.079
-0.079
-0.079
-0.078
-0.078
-0.077
-0.077
-0.077
-0.077
-0.077
-0.077
-0.076
-0.076
-0.075
-0.074
-0.075
-0.082
-0.088
-0.074
-0.033
0.031
