0.066
0.057
0.042
0.033
0.012
-0.006
-0.022
-0.037
-0.054
-0.059
-0.065
-0.069
-0.07
-0.07
-0.07
-0.07
-0.07
-0.069
-0.066
-0.065
-0.066
-0.067
-0.069
-0.07
-0.07
-0.068
-0.065
-0.062
-0.06
-0.058
-0.059
-0.059
-0.058
-0.058
-0.055
-0.049
-0.043
-0.037
-0.029
-0.019
-0.008
0.001
0.006
0.008
0.008
0.005
-0.005
-0.014
-0.026
-0.04
-0.051
-0.053
-0.053
-0.052
-0.052
-0.053
-0.053
-0.053
-0.051
-0.048
-0.049
-0.055
-0.058
-0.049
0.019
0.1
0.194
0.296
0.386
0.404
0.347
0.266
0.157
0.04
-0.062
-0.092
-0.099
-0.093
-0.079
-0.069
-0.062
-0.061
-0.059
-0.057
-0.055
-0.057
-0.047
-0.036
-0.025
-0.011
0.007
0.017
0.034
0.051
0.066
0.077
0.087
0.088
0.087
0.088
0.088
0.084
0.08
0.08
0.069
0.058
0.043
0.027
0.01
0.001
-0.017
-0.029
-0.041
-0.053
-0.063
-0.06
-0.059
-0.057
-0.057
-0.059
-0.059
-0.057
-0.057
-0.053
-0.051
-0.051
-0.052
-0.05
-0.051
-0.05
-0.049
-0.049
-0.05
-0.049
-0.048
-0.045
-0.045
-0.045
-0.045
-0.045
-0.043
-0.041
-0.039
-0.039
-0.039
-0.039
-0.032
-0.023
-0.013
-0.005
0.005
0.011
0.018
0.024
0.027
0.025
0.021
0.015
0.003
-0.007
-0.017
-0.028
-0.037
-0.037
-0.036
-0.034
-0.032
-0.032
-0.033
-0.034
-0.035
-0.037
-0.04
-0.035
-0.018
0.012
0.105
0.209
0.304
0.374
0.419
0.392
0.288
0.173
0.071
-0.018
-0.091
-0.09
-0.077
-0.063
-0.052
-0.048
-0.047
-0.047
-0.047
-0.046
-0.045
-0.045
-0.045
-0.041
-0.028
-0.012
0.005
0.02
0.036
0.046
0.06
0.074
0.087
0.096
0.101
0.103
0.101
0.101
0.099
0.094
0.087
0.08
0.064
0.049
0.034
0.017
-0.002
-0.01
-0.024
-0.034
-0.043
-0.052
-0.059
-0.06
-0.061
-0.06
-0.058
-0.059
-0.06
-0.06
-0.059
-0.057
-0.054
-0.054
-0.053
-0.052
-0.053
-0.054
-0.054
-0.054
-0.055
-0.055
-0.054
-0.054
-0.055
-0.054
-0.055
-0.053
-0.051
-0.051
-0.052
-0.052
-0.045
-0.034
-0.021
-0.008
0.004
0.009
0.011
0.011
0.01
0.006
-0.003
-0.011
-0.023
-0.033
-0.039
-0.044
-0.05
-0.049
-0.05
-0.051
-0.05
-0.05
-0.052
-0.052
-0.057
-0.051
-0.033
-0.004
0.035
0.09
0.185
0.259
0.309
0.332
0.33
0.264
0.156
0.067
-0.002
-0.055
-0.096
-0.083
-0.075
-0.07
-0.068
-0.067
-0.068
-0.068
-0.065
-0.064
-0.058
-0.053
-0.048
-0.043
-0.023
-0.008
0.01
0.028
0.043
0.046
0.057
0.066
0.075
0.083
0.086
0.084
0.081
0.078
0.075
0.07
0.061
0.053
0.032
0.014
-0.002
-0.017
-0.034
-0.041
-0.05
-0.059
-0.064
-0.067
-0.07
-0.072
-0.071
-0.071
-0.072
-0.07
-0.07
-0.071
-0.071
-0.068
-0.067
-0.064
-0.064
-0.065
-0.064
-0.064
-0.062
-0.06
-0.059
-0.059
-0.057
-0.056
-0.054
-0.051
-0.052
-0.054
-0.053
-0.054
-0.052
-0.049
-0.047
-0.046
-0.032
-0.019
-0.007
0.006
0.02
0.021
0.015
0.011
0.005
-0.005
-0.018
-0.025
-0.031
-0.038
-0.043
-0.046
-0.046
-0.045
-0.044
-0.042
-0.041
-0.042
-0.043
-0.047
-0.007
0.044
0.106
0.178
0.266
0.322
0.326
0.305
0.258
0.183
0.083
0.017
-0.024
-0.051
-0.066
-0.068
-0.058
-0.057
-0.056
-0.054
-0.053
-0.053
-0.053
-0.052
-0.045
-0.035
-0.025
-0.015
-0.004
0.006
0.024
0.042
0.06
0.074
0.086
0.091
0.095
0.098
0.1
0.099
0.098
0.097
0.09
0.082
0.072
0.057
0.041
0.03
0.014
0
-0.014
-0.029
-0.044
-0.049
-0.052
-0.052
-0.051
-0.052
-0.052
-0.051
-0.051
-0.049
-0.045
-0.043
-0.043
-0.044
-0.044
-0.044
-0.044
-0.043
-0.041
-0.042
-0.043
-0.043
-0.044
-0.043
-0.041
-0.041
-0.041
-0.04
-0.036
-0.032
-0.026
-0.02
-0.013
-0.007
0.004
0.015
0.023
0.027
0.029
0.026
0.012
0.002
-0.009
-0.022
-0.033
-0.033
-0.036
-0.035
-0.035
-0.036
-0.038
-0.037
