0.069
0.074
0.081
0.082
0.082
0.084
0.07
0.055
0.037
0.016
-0.004
-0.008
-0.022
-0.035
-0.045
-0.056
-0.066
-0.066
-0.065
-0.064
-0.062
-0.062
-0.063
-0.063
-0.064
-0.062
-0.061
-0.061
-0.062
-0.06
-0.061
-0.059
-0.058
-0.058
-0.061
-0.059
-0.06
-0.057
-0.054
-0.054
-0.055
-0.053
-0.054
-0.051
-0.049
-0.048
-0.048
-0.046
-0.038
-0.028
-0.017
-0.006
0.005
0.01
0.013
0.018
0.02
0.018
0.011
0.008
-0.005
-0.015
-0.023
-0.033
-0.042
-0.042
-0.044
-0.043
-0.041
-0.041
-0.042
-0.04
-0.042
-0.033
-0.011
0.024
0.069
0.126
0.215
0.278
0.315
0.328
0.32
0.254
0.158
0.075
0.008
-0.043
-0.077
-0.065
-0.055
-0.051
-0.052
-0.053
-0.052
-0.051
-0.048
-0.047
-0.045
-0.042
-0.033
-0.024
-0.006
0.011
0.026
0.041
0.057
0.067
0.079
0.088
0.094
0.099
0.105
0.105
0.103
0.099
0.091
0.082
0.075
0.068
0.053
0.037
0.019
0.001
-0.015
-0.024
-0.032
-0.039
-0.047
-0.053
-0.054
-0.054
-0.052
-0.051
-0.052
-0.052
-0.05
-0.05
-0.048
-0.046
-0.047
-0.048
-0.047
-0.045
-0.043
-0.042
-0.044
-0.046
-0.046
-0.045
-0.043
-0.041
-0.042
-0.043
-0.043
-0.043
-0.041
-0.04
-0.041
-0.042
-0.039
-0.035
-0.023
-0.009
0.003
0.013
0.024
0.027
0.024
0.019
0.009
-0.004
-0.016
-0.024
-0.033
-0.037
-0.042
-0.044
-0.045
-0.042
-0.043
-0.041
-0.043
-0.044
-0.043
-0.041
0.001
0.033
0.074
0.127
0.193
0.228
0.271
0.288
0.278
0.243
0.16
0.08
0.016
-0.033
-0.069
-0.065
-0.066
-0.063
-0.065
-0.065
-0.065
-0.061
-0.055
-0.048
-0.042
-0.036
-0.025
-0.016
0.001
0.018
0.034
0.048
0.064
0.072
0.081
0.088
0.09
0.089
0.09
0.088
0.085
0.08
0.071
0.06
0.048
0.036
0.02
0.004
-0.015
-0.034
-0.05
-0.058
-0.063
-0.066
-0.068
-0.07
-0.07
-0.069
-0.066
-0.064
-0.064
-0.066
-0.066
-0.066
