-0.071
-0.07
-0.07
-0.07
-0.068
-0.067
-0.067
-0.067
-0.083
-0.085
-0.094
-0.099
-0.084
-0.03
0.031
0.126
0.245
0.359
0.468
0.577
0.687
0.778
0.82
0.811
0.753
0.643
0.503
0.367
0.238
0.109
-0.018
-0.118
-0.182
-0.208
-0.201
-0.174
-0.149
-0.132
-0.132
-0.13
-0.129
-0.127
-0.126
-0.117
-0.116
-0.114
-0.112
-0.111
-0.109
-0.108
-0.107
-0.106
-0.103
-0.098
-0.09
-0.077
-0.061
-0.043
-0.025
-0.007
0.01
0.028
0.046
0.063
0.082
0.101
0.122
0.139
0.153
0.165
0.173
0.179
0.184
0.186
0.187
0.189
0.185
0.183
0.18
0.177
0.172
0.169
0.163
0.155
0.144
0.13
0.113
0.093
0.073
0.053
0.033
0.012
-0.007
-0.023
-0.039
-0.056
-0.075
-0.093
-0.108
-0.119
-0.126
-0.129
-0.133
-0.132
-0.131
-0.129
-0.127
-0.121
-0.12
-0.118
-0.118
-0.116
-0.115
-0.114
-0.112
-0.111
-0.11
-0.108
-0.107
-0.106
-0.104
-0.103
-0.102
-0.102
-0.1
-0.099
-0.097
-0.096
-0.096
-0.094
-0.094
-0.093
-0.096
-0.095
-0.094
-0.092
-0.091
-0.086
-0.086
-0.085
-0.084
-0.082
-0.081
-0.079
-0.079
-0.079
-0.078
-0.077
-0.077
-0.076
-0.074
-0.074
-0.074
-0.073
-0.071
-0.067
-0.059
-0.048
-0.034
-0.018
-0.002
0.015
0.031
0.043
0.053
0.06
0.064
0.066
0.064
0.061
0.055
0.043
0.03
0.016
0.001
-0.016
-0.033
-0.046
-0.057
-0.064
-0.068
-0.069
-0.07
-0.071
-0.07
-0.069
-0.068
-0.067
-0.066
-0.065
-0.065
-0.066
-0.065
-0.064
-0.063
-0.062
-0.059
-0.061
-0.07
-0.074
-0.058
-0.018
0.048
0.139
0.248
0.361
0.478
0.593
0.699
0.781
0.817
0.805
0.743
0.638
0.509
0.376
0.236
0.099
-0.023
-0.114
-0.174
-0.202
-0.195
-0.168
-0.146
-0.13
-0.117
-0.116
-0.115
-0.114
-0.113
-0.117
-0.115
-0.113
-0.112
-0.111
-0.11
-0.109
-0.107
-0.106
-0.103
-0.098
-0.089
-0.078
-0.062
-0.044
-0.026
-0.008
0.01
0.025
