0.017
0.016
0.015
0.017
0.019
0.019
0.017
0.016
0.015
0.016
0.018
0.018
0.016
0.015
0.014
0.015
0.017
0.017
0.015
0.015
0.02
0.029
0.041
0.052
0.062
0.067
0.07
0.072
0.073
0.069
0.061
0.053
0.04
0.03
0.023
0.015
0.008
0.007
0.006
0.006
0.008
0.008
0.006
0.006
0.001
-0.002
0.005
0.022
0.047
0.089
0.185
0.276
0.345
0.389
0.408
0.358
0.245
0.145
0.064
-0.003
-0.056
-0.044
-0.035
-0.027
-0.02
-0.018
-0.02
-0.02
-0.022
-0.022
-0.019
-0.017
-0.015
-0.01
0.002
0.017
0.034
0.051
0.065
0.073
0.083
0.094
0.105
0.112
0.116
0.116
0.112
0.109
0.107
0.103
0.096
0.089
0.071
0.055
0.04
0.024
0.005
-0.003
-0.016
-0.026
-0.031
-0.036
-0.041
-0.041
-0.043
-0.043
-0.041
-0.04
-0.041
-0.041
-0.042
-0.042
-0.04
-0.038
-0.038
-0.039
-0.038
-0.038
-0.036
-0.035
-0.035
-0.037
-0.039
-0.04
-0.038
-0.036
-0.036
-0.036
-0.038
-0.038
-0.036
-0.034
-0.035
-0.033
-0.025
-0.015
-0.006
0.006
0.014
0.01
-0
-0.008
-0.016
-0.024
-0.027
-0.029
-0.032
-0.034
-0.033
-0.034
-0.032
-0.03
-0.03
-0.033
-0.004
0.012
0.042
0.084
0.133
0.162
0.205
0.247
0.268
0.265
0.237
0.195
0.119
0.052
0.003
-0.032
-0.056
-0.058
-0.053
-0.053
-0.051
-0.048
-0.048
-0.051
-0.045
-0.04
-0.035
-0.026
-0.013
-0.004
0.013
0.032
0.048
0.061
0.075
0.08
0.086
0.093
0.095
0.094
0.093
0.091
0.085
0.079
0.07
0.058
0.044
0.034
0.018
0.004
-0.012
-0.029
-0.045
-0.05
-0.053
-0.052
-0.052
-0.053
-0.054
-0.054
-0.052
-0.05
-0.048
-0.049
-0.05
-0.049
-0.048
-0.045
-0.044
-0.046
-0.047
-0.047
-0.046
-0.043
-0.041
-0.042
-0.043
-0.042
-0.041
-0.038
-0.037
-0.039
-0.04
-0.039
-0.039
-0.035
-0.03
-0.027
-0.022
-0.014
-0.002
0.011
0.021
0.026
0.03
0.028
