0.006
0.022
0.036
0.052
0.069
0.077
0.088
0.096
0.101
0.105
0.109
0.108
0.102
0.097
0.089
0.08
0.072
0.067
0.046
0.028
0.009
-0.009
-0.026
-0.03
-0.038
-0.045
-0.051
-0.054
-0.055
-0.052
-0.052
-0.05
-0.048
-0.049
-0.05
-0.049
-0.051
-0.053
-0.054
-0.053
-0.05
-0.047
-0.047
-0.046
-0.045
-0.046
-0.046
-0.043
-0.044
-0.046
-0.047
-0.049
-0.049
-0.047
-0.047
-0.047
-0.048
-0.047
-0.043
-0.036
-0.023
-0.009
0.002
0.013
0.022
0.024
0.015
0.009
-0.002
-0.016
-0.028
-0.029
-0.038
-0.042
-0.044
-0.046
-0.048
-0.047
-0.047
-0.048
-0.05
-0.049
-0.046
-0.043
0.005
0.066
0.138
0.22
0.312
0.364
0.343
0.297
0.228
0.136
0.022
-0.034
-0.066
-0.085
-0.089
-0.078
-0.064
-0.064
-0.064
-0.065
-0.065
-0.063
-0.06
-0.06
-0.053
-0.046
-0.035
-0.022
-0.007
0.003
0.019
0.035
0.052
0.067
0.082
0.085
0.087
0.086
0.087
0.087
0.087
0.083
0.073
0.06
0.047
0.034
0.021
0.011
-0.006
-0.024
-0.039
-0.052
-0.062
-0.064
-0.063
-0.064
-0.064
-0.063
-0.061
-0.062
-0.063
-0.064
-0.064
-0.063
-0.062
-0.061
-0.061
-0.063
-0.062
-0.061
-0.059
-0.057
-0.056
-0.057
-0.057
-0.054
-0.052
-0.051
-0.051
-0.051
-0.052
-0.05
-0.049
-0.048
-0.045
-0.041
-0.035
-0.025
-0.013
-0.004
0.005
0.01
0.014
0.018
0.016
0.012
0.001
-0.013
-0.026
-0.032
-0.039
-0.04
-0.039
-0.039
-0.039
-0.038
-0.037
-0.038
-0.038
-0.039
0.029
0.11
0.206
0.309
0.405
0.414
0.346
0.252
0.137
0.025
-0.067
-0.091
-0.095
-0.086
-0.072
-0.061
-0.053
-0.053
-0.052
-0.053
-0.052
-0.05
-0.048
-0.047
-0.036
-0.025
-0.013
0.003
0.021
0.031
0.048
0.062
0.076
0.09
0.101
0.103
0.104
0.102
0.099
0.097
0.096
0.092
0.081
0.065
0.048
0.032
0.016
0.007
-0.008
-0.023
-0.036
-0.046
-0.053
-0.052
-0.051
-0.051
