-0.016
-0.026
-0.034
-0.035
-0.036
-0.036
-0.035
-0.033
-0.033
-0.033
-0.033
-0.034
-0.037
-0.039
-0.033
-0.016
0.059
0.15
0.252
0.348
0.421
0.42
0.341
0.237
0.119
0.014
-0.073
-0.09
-0.089
-0.076
-0.063
-0.052
-0.045
-0.045
-0.045
-0.046
-0.045
-0.044
-0.042
-0.039
-0.029
-0.016
-0.002
0.013
0.03
0.038
0.052
0.065
0.078
0.091
0.101
0.102
0.103
0.101
0.097
0.091
0.086
0.079
0.063
0.048
0.036
0.023
0.007
0
-0.016
-0.03
-0.042
-0.051
-0.059
-0.059
-0.059
-0.059
-0.059
-0.058
-0.057
-0.057
-0.055
-0.056
-0.055
-0.054
-0.053
-0.053
-0.051
-0.052
-0.052
-0.051
-0.05
-0.051
-0.049
-0.049
-0.049
-0.046
-0.044
-0.046
-0.044
-0.045
-0.045
-0.043
-0.041
-0.042
-0.032
-0.021
-0.011
0
0.015
0.019
0.019
0.018
0.014
0.011
0.003
-0.003
-0.014
-0.024
-0.034
-0.042
-0.047
-0.047
-0.045
-0.045
-0.046
-0.045
-0.045
-0.046
-0.049
-0.055
0.037
0.118
0.184
0.239
0.284
0.215
0.124
0.044
-0.017
-0.062
-0.091
-0.083
-0.07
-0.062
-0.058
-0.055
-0.054
-0.054
-0.052
-0.053
-0.053
-0.05
-0.044
-0.038
-0.019
0.002
0.03
0.056
0.081
0.092
0.1
0.1
0.096
0.092
0.086
0.078
0.066
0.057
0.038
0.021
0.005
-0.011
-0.03
-0.039
-0.048
-0.054
-0.057
-0.058
-0.059
-0.058
-0.059
-0.059
-0.057
-0.056
-0.057
-0.055
-0.055
-0.055
-0.053
-0.051
-0.05
-0.05
-0.05
-0.05
-0.05
-0.049
-0.05
-0.05
-0.051
-0.05
-0.049
-0.047
-0.047
-0.045
-0.046
-0.045
-0.044
-0.043
-0.04
-0.034
-0.023
-0.01
0.003
0.014
0.022
0.024
0.018
0.011
-0.001
-0.013
-0.027
-0.034
-0.041
-0.041
-0.042
-0.041
-0.039
-0.038
-0.038
-0.038
0.013
0.052
0.103
0.166
0.239
0.271
0.271
0.273
0.251
0.204
0.129
0.088
0.032
-0.009
-0.036
-0.049
-0.049
-0.05
-0.05
-0.049
-0.048
-0.046
-0.046
-0.046
-0.038
-0.031
-0.024
-0.013
-0.003
0
0.021
0.038
0.055
0.073
0.089
0.091
0.096
0.101
0.105
0.108
0.107
0.104
0.094
0.086
0.062
0.038
0.011
-0.011
-0.036
-0.043
-0.048
-0.05
-0.049
-0.047
-0.047
-0.047
-0.046
-0.045
-0.044
-0.042
-0.042
-0.043
-0.044
-0.045
-0.045
-0.044
-0.044
-0.044
-0.044
-0.044
-0.043
-0.041
-0.041
-0.042
-0.043
-0.042
-0.041
-0.039
-0.038
-0.037
-0.038
-0.037
-0.033
-0.027
-0.02
-0.011
0.001
0.011
0.021
0.029
0.034
0.032
0.022
0.01
-0.001
-0.013
-0.024
-0.028
-0.032
-0.034
-0.034
-0.033
-0.033
-0.033
-0.034
-0.033
-0.032
-0.032
-0.033
-0.037
0.011
0.072
0.146
0.233
0.333
0.383
0.359
0.312
0.241
0.145
0.03
-0.026
-0.057
-0.075
-0.077
-0.066
-0.052
-0.052
-0.052
-0.053
-0.053
-0.052
-0.052
-0.051
-0.045
-0.036
-0.025
-0.012
0.002
0.01
0.026
0.042
0.058
0.073
0.086
0.089
0.091
0.092
0.094
0.096
0.096
0.092
0.081
0.068
0.054
0.041
0.027
0.016
-0.001
-0.019
-0.034
-0.048
-0.059
-0.062
-0.063
-0.063
-0.063
-0.062
-0.061
-0.062
-0.063
-0.063
-0.064
-0.063
-0.062
-0.062
-0.062
-0.063
-0.062
-0.061
-0.059
-0.059
-0.058
-0.058
-0.058
-0.056
-0.055
-0.054
-0.053
-0.053
-0.053
-0.052
-0.051
-0.052
-0.051
-0.048
-0.042
-0.034
-0.024
-0.015
-0.005
0.002
0.008
0.012
0.013
0.009
-0.004
-0.017
-0.03
-0.041
-0.05
-0.051
-0.05
-0.051
-0.05
-0.049
-0.048
-0.049
-0.051
-0.052
-0.054
-0.058
-0.054
-0.038
0.058
0.144
0.244
0.344
0.424
0.404
0.308
0.211
0.095
-0.014
-0.105
-0.1
-0.102
-0.092
-0.079
-0.068
-0.061
-0.061
-0.059
-0.059
-0.059
-0.058
-0.056
-0.056
-0.041
-0.029
-0.016
0.001
0.018
0.022
0.039
0.052
0.065
0.078
0.089
0.089
0.09
0.088
0.072
0.056
0.036
0.018
-0.002
-0.008
-0.023
-0.033
-0.045
-0.054
-0.061
-0.062
