0.012
0.006
-0.005
-0.017
-0.027
-0.035
-0.041
-0.041
-0.039
-0.04
-0.041
-0.04
-0.038
-0.038
-0.037
-0.041
-0.046
-0.04
-0.021
0.009
0.101
0.203
0.297
0.369
0.416
0.388
0.285
0.166
0.059
-0.028
-0.095
-0.093
-0.078
-0.066
-0.058
-0.053
-0.049
-0.049
-0.047
-0.048
-0.049
-0.049
-0.046
-0.041
-0.026
-0.011
0.005
0.022
0.041
0.05
0.065
0.077
0.086
0.093
0.101
0.102
0.103
0.1
0.097
0.093
0.089
0.083
0.069
0.053
0.035
0.017
0
-0.008
-0.019
-0.03
-0.041
-0.049
-0.054
-0.054
-0.052
-0.051
-0.052
-0.052
-0.051
-0.051
-0.05
-0.049
-0.048
-0.047
-0.047
-0.046
-0.045
-0.047
-0.048
-0.047
-0.045
-0.045
-0.042
-0.041
-0.042
-0.043
-0.042
-0.042
-0.041
-0.04
-0.041
-0.041
-0.04
-0.039
-0.03
-0.021
-0.011
-0
0.013
0.018
0.023
0.023
0.019
0.013
0.008
0
-0.009
-0.018
-0.028
-0.036
-0.041
-0.041
-0.041
-0.041
-0.042
-0.043
-0.043
-0.042
-0.031
-0.005
0.032
0.079
0.136
0.194
0.27
0.326
0.356
0.365
0.286
0.171
0.066
-0.02
-0.092
-0.083
-0.074
-0.068
-0.066
-0.067
-0.067
-0.064
-0.062
-0.061
-0.06
-0.058
-0.054
-0.046
-0.028
-0.006
0.015
0.035
0.054
0.063
0.07
0.074
0.076
0.08
0.084
0.085
0.081
0.077
0.07
0.06
0.048
0.038
0.02
0.005
-0.01
-0.024
-0.034
-0.039
-0.05
-0.059
-0.067
-0.073
-0.076
-0.073
-0.073
-0.07
-0.07
-0.069
-0.068
-0.065
-0.067
-0.065
-0.066
-0.067
-0.067
-0.064
-0.064
-0.062
-0.062
-0.063
-0.064
-0.062
-0.063
-0.061
-0.058
-0.056
-0.057
-0.056
-0.053
-0.049
-0.045
-0.038
-0.026
-0.015
-0.005
0.006
0.014
0.015
0.007
-0.004
-0.016
-0.028
-0.039
-0.045
-0.049
-0.051
-0.052
-0.051
-0.049
-0.048
-0.048
-0.049
-0.05
-0.049
-0.047
-0.049
-0.013
0.033
0.092
0.164
0.251
0.308
0.314
0.293
0.249
0.181
0.089
0.023
