-0.06
-0.057
-0.056
-0.055
-0.056
-0.056
-0.057
-0.056
-0.054
-0.053
-0.053
-0.052
-0.053
-0.052
-0.05
-0.048
-0.047
-0.047
-0.039
-0.029
-0.016
-0.003
0.01
0.016
0.017
0.018
0.017
0.013
0.005
-0.002
-0.014
-0.025
-0.031
-0.036
-0.041
-0.041
-0.041
-0.041
-0.04
-0.039
-0.038
-0.038
-0.044
-0.042
-0.027
-0.001
0.036
0.091
0.19
0.27
0.325
0.355
0.358
0.293
0.181
0.089
0.016
-0.041
-0.085
-0.072
-0.064
-0.059
-0.056
-0.053
-0.053
-0.052
-0.051
-0.05
-0.048
-0.044
-0.038
-0.03
-0.016
0.001
0.019
0.036
0.052
0.061
0.073
0.083
0.092
0.1
0.104
0.103
0.099
0.096
0.092
0.087
0.08
0.073
0.055
0.037
0.02
0.004
-0.014
-0.023
-0.034
-0.043
-0.049
-0.053
-0.056
-0.055
-0.055
-0.055
-0.053
-0.051
-0.05
-0.05
-0.05
-0.05
-0.05
-0.05
-0.049
-0.049
-0.05
-0.05
-0.049
-0.048
-0.048
-0.047
-0.048
-0.047
-0.046
-0.044
-0.043
-0.043
-0.045
-0.046
-0.046
-0.044
-0.043
-0.04
-0.026
-0.013
-0.001
0.012
0.024
0.024
0.02
0.016
0.011
0.003
-0.008
-0.016
-0.026
-0.033
-0.038
-0.04
-0.041
-0.041
-0.042
-0.042
-0.041
-0.04
-0.039
-0.039
-0.026
-0.002
0.036
0.085
0.144
0.201
0.232
0.236
0.214
0.168
0.099
0.033
-0.018
-0.05
-0.065
-0.069
-0.062
-0.057
-0.056
-0.057
-0.056
-0.055
-0.054
-0.053
-0.053
-0.051
-0.046
-0.039
-0.03
-0.02
-0.003
0.013
0.03
0.047
0.064
0.071
0.08
0.086
0.091
0.094
0.096
0.092
0.084
0.077
0.069
0.061
0.051
0.042
0.021
0.001
-0.016
-0.032
-0.047
-0.053
-0.058
-0.062
-0.064
-0.064
-0.063
-0.064
-0.064
-0.065
-0.065
-0.063
-0.061
-0.061
-0.06
-0.059
-0.059
-0.06
-0.059
-0.058
-0.058
-0.056
-0.055
-0.056
-0.055
-0.055
-0.055
-0.054
-0.053
-0.054
-0.052
-0.053
-0.052
-0.047
-0.041
-0.036
-0.022
-0.01
0
0.01
0.019
0.017
