-0.037
-0.038
-0.029
-0.008
0.025
0.073
0.176
0.264
0.327
0.367
0.384
0.328
0.214
0.113
0.027
-0.041
-0.091
-0.077
-0.064
-0.055
-0.052
-0.051
-0.05
-0.05
-0.049
-0.05
-0.051
-0.05
-0.045
-0.039
-0.022
-0.007
0.008
0.024
0.042
0.051
0.066
0.077
0.084
0.091
0.097
0.097
0.096
0.093
0.087
0.08
0.074
0.067
0.053
0.036
0.017
-0.001
-0.017
-0.026
-0.038
-0.047
-0.056
-0.062
-0.064
-0.061
-0.059
-0.059
-0.059
-0.061
-0.063
-0.062
-0.059
-0.059
-0.058
-0.057
-0.059
-0.061
-0.061
-0.061
-0.059
-0.057
-0.057
-0.058
-0.057
-0.057
-0.056
-0.055
-0.056
-0.057
-0.056
-0.053
-0.04
-0.028
-0.016
-0.005
0.007
0.01
0.011
0.008
0
-0.009
-0.019
-0.027
-0.034
-0.04
-0.046
-0.051
-0.052
-0.052
-0.052
-0.05
-0.048
-0.049
-0.049
-0.049
-0.041
-0.024
0.005
0.047
0.105
0.164
0.234
0.276
0.291
0.281
0.248
0.179
0.097
0.032
-0.019
-0.058
-0.081
-0.073
-0.067
-0.065
-0.066
-0.068
-0.068
-0.068
-0.065
-0.061
-0.056
-0.051
-0.043
-0.033
-0.015
0.003
0.02
0.036
0.053
0.061
0.072
0.08
0.084
0.086
0.089
0.087
0.085
0.081
0.074
0.065
0.055
0.046
0.023
0.002
-0.018
-0.039
-0.06
-0.065
-0.069
-0.071
-0.073
-0.072
-0.069
-0.066
-0.067
-0.065
-0.065
-0.066
-0.067
-0.064
-0.064
-0.062
-0.061
-0.062
-0.062
-0.059
-0.06
-0.057
-0.056
-0.055
-0.055
-0.052
-0.053
-0.051
-0.051
-0.052
-0.053
-0.051
-0.051
-0.05
-0.049
-0.048
-0.044
-0.036
-0.024
-0.009
0.003
0.012
0.02
0.022
0.012
0.005
-0.009
-0.023
-0.038
-0.042
-0.047
-0.044
-0.044
-0.041
-0.039
-0.039
-0.04
-0.038
0.013
0.057
0.11
0.174
0.251
0.286
0.277
0.273
0.242
0.184
0.101
0.064
0.012
-0.026
-0.049
-0.058
-0.055
-0.054
-0.053
-0.053
-0.053
-0.051
-0.049
-0.048
-0.04
-0.032
-0.021
-0.007
0.009
0.019
0.036
0.05
0.063
0.077
0.09
0.094
0.097
0.097
0.097
0.097
0.097
0.094
0.085
0.072
0.057
0.043
0.031
0.021
0.005
-0.013
-0.029
-0.042
-0.051
-0.052
-0.051
-0.05
-0.051
-0.05
-0.048
-0.048
-0.047
-0.048
-0.049
-0.049
-0.048
-0.046
-0.045
-0.045
-0.046
-0.046
-0.045
-0.044
-0.042
-0.043
-0.045
-0.044
-0.042
-0.043
-0.04
-0.04
-0.04
-0.039
-0.037
-0.037
-0.032
-0.027
-0.021
-0.013
-0.001
0.006
0.016
0.022
0.025
0.026
0.027
0.021
0.009
-0.005
-0.018
-0.03
-0.038
-0.039
-0.039
-0.04
-0.041
-0.041
-0.04
-0.039
-0.037
-0.039
-0.045
-0.049
-0.042
-0.025
0.053
0.144
0.246
0.341
0.415
0.413
0.31
0.205
0.084
-0.023
-0.109
-0.098
-0.096
-0.083
-0.072
-0.064
-0.059
-0.057
-0.056
-0.055
-0.057
-0.056
-0.055
-0.052
-0.04
-0.027
-0.015
-0
0.018
0.028
0.045
0.059
0.07
0.079
0.089
0.09
0.092
0.091
0.088
0.085
0.083
0.079
0.066
0.051
0.033
0.016
-0
-0.009
-0.021
-0.034
-0.047
-0.059
-0.066
-0.066
-0.065
-0.066
-0.067
-0.069
-0.071
-0.071
-0.068
-0.066
-0.066
-0.064
-0.061
-0.061
-0.059
-0.058
-0.06
-0.062
-0.061
-0.061
-0.059
-0.057
-0.057
-0.057
-0.056
-0.056
-0.054
-0.053
-0.055
-0.056
-0.055
-0.056
-0.047
-0.036
-0.026
-0.015
-0.001
0.005
0.011
0.014
0.002
-0.012
-0.027
-0.041
-0.051
-0.051
-0.049
-0.047
-0.048
-0.048
-0.047
-0.046
-0.049
-0.051
-0.045
-0.028
0.002
0.048
0.152
0.244
0.311
0.354
0.375
0.322
0.209
0.108
0.022
-0.049
-0.1
-0.087
-0.073
-0.064
-0.061
-0.061
-0.061
-0.06
-0.059
-0.057
-0.058
-0.056
-0.053
-0.046
-0.03
-0.012
0.004
0.02
0.038
0.049
0.063
0.076
0.084
0.089
0.094
0.094
0.095
0.094
0.089
0.083
0.077
0.069
0.055
0.039
0.014
-0.012
-0.038
-0.053
-0.064
-0.063
-0.061
-0.059
-0.058
-0.058
-0.058
-0.058
