-0.033
-0.036
-0.037
-0.037
-0.036
-0.038
-0.01
0.006
0.036
0.08
0.133
0.165
0.235
0.28
0.3
0.298
0.272
0.205
0.118
0.046
-0.01
-0.05
-0.075
-0.068
-0.062
-0.062
-0.062
-0.06
-0.057
-0.057
-0.056
-0.057
-0.054
-0.049
-0.04
-0.03
-0.013
0.002
0.018
0.035
0.053
0.062
0.072
0.077
0.081
0.085
0.089
0.089
0.086
0.08
0.072
0.064
0.056
0.047
0.026
0.008
-0.011
-0.028
-0.044
-0.049
-0.056
-0.062
-0.067
-0.069
-0.069
-0.069
-0.067
-0.067
-0.067
-0.066
-0.063
-0.062
-0.061
-0.061
-0.063
-0.064
-0.062
-0.062
-0.06
-0.059
-0.06
-0.059
-0.057
-0.057
-0.056
-0.056
-0.057
-0.056
-0.052
-0.047
-0.033
-0.02
-0.009
0.002
0.013
0.013
0.009
0.002
-0.01
-0.022
-0.032
-0.039
-0.043
-0.046
-0.05
-0.051
-0.049
-0.049
-0.048
-0.048
-0.049
-0.05
-0.049
-0.049
-0.019
0.02
0.07
0.133
0.209
0.266
0.291
0.289
0.261
0.209
0.135
0.067
0.014
-0.026
-0.056
-0.07
-0.068
-0.066
-0.064
-0.064
-0.065
-0.066
-0.064
-0.064
-0.058
-0.052
-0.044
-0.035
-0.023
-0.014
0.005
0.021
0.037
0.054
0.07
0.076
0.084
0.088
0.089
0.09
0.092
0.089
0.085
0.078
0.067
0.056
0.045
0.034
0.019
0.002
-0.016
-0.033
-0.047
-0.054
-0.057
-0.06
-0.061
-0.061
-0.059
-0.058
-0.056
-0.055
-0.056
-0.057
-0.057
-0.057
-0.055
-0.054
-0.055
-0.056
-0.054
-0.053
-0.05
-0.049
-0.05
-0.052
-0.051
-0.051
-0.049
-0.047
-0.047
-0.047
-0.046
-0.045
-0.041
-0.034
-0.025
-0.016
-0.007
0.002
0.012
0.017
0.021
0.025
0.029
0.027
0.018
0.008
-0.006
-0.02
-0.032
-0.036
-0.037
-0.036
-0.037
-0.037
-0.037
-0.037
-0.038
-0.037
-0.038
-0.039
-0.042
-0.043
0.01
0.074
0.173
0.261
0.362
0.41
0.387
0.312
0.237
0.135
0.018
-0.036
-0.062
-0.075
-0.076
-0.065
-0.052
-0.051
-0.049
-0.047
-0.047
-0.049
