-0.096
-0.095
-0.094
-0.094
-0.094
-0.094
-0.093
-0.092
-0.091
-0.089
-0.088
-0.087
-0.086
-0.085
-0.084
-0.085
-0.084
-0.083
-0.078
-0.069
-0.057
-0.042
-0.026
-0.008
0.01
0.024
0.035
0.044
0.051
0.053
0.053
0.051
0.047
0.038
0.027
0.014
-0.012
-0.029
-0.047
-0.061
-0.073
-0.07
-0.076
-0.079
-0.081
-0.082
-0.083
-0.083
-0.082
-0.081
-0.079
-0.078
-0.076
-0.075
-0.073
-0.072
-0.072
-0.071
-0.07
-0.07
-0.073
-0.082
-0.083
-0.061
-0.015
0.056
0.153
0.265
0.382
0.498
0.609
0.71
0.782
0.807
0.782
0.709
0.594
0.462
0.324
0.185
0.041
-0.073
-0.156
-0.209
-0.228
-0.2
-0.174
-0.153
-0.138
-0.131
-0.13
-0.128
-0.126
-0.125
-0.124
-0.123
-0.121
-0.12
-0.119
-0.117
-0.116
-0.116
-0.116
-0.113
-0.107
-0.098
-0.085
-0.068
-0.05
-0.032
-0.014
0.002
0.019
0.038
0.058
0.077
0.096
0.115
0.133
0.147
0.156
0.163
0.167
0.169
0.171
0.173
0.17
0.169
0.167
0.164
0.16
0.159
0.153
0.147
0.138
0.126
0.112
0.096
0.075
0.052
0.033
0.014
-0.005
-0.023
-0.041
-0.059
-0.077
-0.093
-0.109
-0.124
-0.133
-0.139
-0.141
-0.14
-0.139
-0.138
-0.144
-0.143
-0.143
-0.142
-0.14
-0.131
-0.129
-0.128
-0.124
-0.123
-0.121
-0.12
-0.119
-0.121
-0.12
-0.119
-0.118
-0.117
-0.115
-0.113
-0.112
-0.111
-0.11
-0.108
-0.107
-0.106
-0.104
-0.102
-0.102
-0.101
-0.099
-0.098
-0.096
-0.094
-0.092
-0.092
-0.091
-0.09
-0.088
-0.087
-0.087
-0.086
-0.085
-0.084
-0.083
-0.081
-0.08
-0.079
-0.078
-0.076
-0.071
-0.063
-0.051
-0.036
-0.019
-0.003
0.013
0.027
0.038
0.048
0.045
0.047
0.048
0.047
0.042
0.043
0.032
0.017
0
-0.017
-0.033
-0.046
-0.057
-0.065
-0.07
-0.072
-0.073
-0.074
-0.075
-0.075
-0.075
-0.074
-0.073
-0.072
-0.071
-0.071
-0.07
-0.069
-0.069
-0.069
-0.067
-0.066
-0.07
-0.081
