-0.03
-0.031
-0.034
-0.035
-0.037
-0.036
-0.036
-0.038
-0.041
-0.032
0.033
0.113
0.208
0.311
0.399
0.415
0.353
0.267
0.159
0.046
-0.053
-0.081
-0.091
-0.086
-0.072
-0.061
-0.053
-0.053
-0.052
-0.052
-0.05
-0.048
-0.047
-0.049
-0.035
-0.024
-0.011
0.005
0.022
0.025
0.043
0.057
0.071
0.085
0.096
0.094
0.095
0.094
0.094
0.094
0.092
0.085
0.071
0.055
0.039
0.025
0.008
-0.001
-0.018
-0.034
-0.047
-0.057
-0.067
-0.068
-0.068
-0.069
-0.068
-0.066
-0.063
-0.063
-0.063
-0.063
-0.062
-0.061
-0.059
-0.058
-0.058
-0.059
-0.059
-0.058
-0.056
-0.056
-0.056
-0.057
-0.057
-0.057
-0.056
-0.056
-0.057
-0.058
-0.058
-0.056
-0.055
-0.054
-0.048
-0.041
-0.032
-0.021
-0.007
0
0.005
0.007
0.008
0.007
0.004
-0.003
-0.016
-0.028
-0.039
-0.046
-0.052
-0.052
-0.053
-0.054
-0.055
-0.053
-0.051
-0.05
-0.052
-0.056
-0.058
-0.05
-0.029
0.003
0.095
0.197
0.289
0.358
0.401
0.37
0.263
0.144
0.042
-0.04
-0.105
-0.103
-0.09
-0.079
-0.072
-0.066
-0.063
-0.062
-0.061
-0.062
-0.063
-0.061
-0.057
-0.053
-0.04
-0.026
-0.011
0.006
0.026
0.036
0.049
0.061
0.072
0.081
0.086
0.086
0.086
0.084
0.077
0.071
0.057
0.039
0.021
0.005
-0.01
-0.018
-0.031
-0.043
-0.052
-0.059
-0.062
-0.062
-0.061
-0.061
-0.061
-0.06
-0.057
-0.057
-0.056
-0.057
-0.058
-0.057
-0.054
-0.053
-0.052
-0.053
-0.053
-0.053
-0.05
-0.05
-0.048
-0.049
-0.049
-0.049
-0.047
-0.047
-0.045
-0.046
-0.047
-0.046
-0.044
-0.044
-0.034
-0.023
-0.012
0.002
0.017
0.022
0.024
0.021
0.016
0.011
0.005
-0.002
-0.011
-0.02
-0.029
-0.034
-0.036
-0.036
-0.035
-0.032
-0.031
-0.031
-0.032
-0.03
-0.014
-0.01
0.009
0.042
0.084
0.117
0.188
0.256
0.3
0.322
0.319
0.277
0.182
0.093
0.021
-0.032
-0.07
-0.065
-0.055
-0.048
