0.087
0.09
0.09
0.089
0.087
0.085
0.072
0.062
0.051
0.04
0.028
0.022
0.002
-0.014
-0.032
-0.048
-0.061
-0.062
-0.065
-0.067
-0.068
-0.068
-0.067
-0.065
-0.065
-0.065
-0.066
-0.067
-0.066
-0.065
-0.064
-0.063
-0.063
-0.062
-0.06
-0.059
-0.058
-0.056
-0.057
-0.058
-0.058
-0.057
-0.057
-0.054
-0.049
-0.043
-0.035
-0.026
-0.015
-0.006
0
0.005
0.009
0.009
-0.003
-0.014
-0.026
-0.039
-0.052
-0.051
-0.052
-0.052
-0.051
-0.05
-0.049
-0.048
-0.049
-0.052
-0.056
-0.055
-0.041
-0.016
0.067
0.168
0.269
0.351
0.406
0.389
0.278
0.162
0.052
-0.04
-0.117
-0.107
-0.098
-0.085
-0.074
-0.067
-0.063
-0.062
-0.062
-0.062
-0.06
-0.06
-0.058
-0.055
-0.044
-0.031
-0.015
0.002
0.03
0.048
0.065
0.079
0.091
0.09
0.088
0.086
0.085
0.084
0.081
0.077
0.063
0.046
0.03
0.014
-0.003
-0.012
-0.027
-0.039
-0.049
-0.056
-0.062
-0.061
-0.059
-0.06
-0.059
-0.057
-0.055
-0.057
-0.057
-0.057
-0.057
-0.055
-0.053
-0.052
-0.05
-0.051
-0.05
-0.048
-0.047
-0.048
-0.047
-0.047
-0.047
-0.045
-0.044
-0.045
-0.042
-0.042
-0.042
-0.04
-0.038
-0.04
-0.027
-0.019
-0.008
0.006
0.02
0.021
0.024
0.024
0.022
0.019
0.014
0.007
-0.004
-0.015
-0.025
-0.031
-0.036
-0.036
-0.037
-0.037
-0.038
-0.037
-0.035
-0.035
-0.04
-0.04
-0.028
-0.004
0.032
0.084
0.185
0.268
0.328
0.363
0.372
0.311
0.197
0.1
0.026
-0.035
-0.08
-0.067
-0.057
-0.056
-0.053
-0.051
-0.05
-0.049
-0.048
-0.048
-0.046
-0.041
-0.035
-0.027
-0.012
0.003
0.019
0.036
0.053
0.062
0.074
0.084
0.092
0.098
0.104
0.103
0.099
0.095
0.09
0.086
0.08
0.073
0.057
0.038
0.02
0.003
-0.013
-0.022
-0.032
-0.042
-0.049
-0.055
-0.057
-0.057
-0.057
-0.057
-0.057
-0.055
-0.054
-0.053
-0.053
-0.053
-0.054
-0.053
-0.052
-0.051
