0.753
0.809
0.818
0.776
0.687
0.564
0.432
0.295
0.126
-0.007
-0.113
-0.185
-0.225
-0.203
-0.18
-0.155
-0.137
-0.126
-0.122
-0.121
-0.119
-0.118
-0.117
-0.116
-0.116
-0.115
-0.114
-0.113
-0.112
-0.111
-0.11
-0.109
-0.106
-0.098
-0.085
-0.071
-0.053
-0.033
-0.01
0.006
0.021
0.038
0.057
0.071
0.091
0.11
0.128
0.143
0.155
0.164
0.17
0.174
0.178
0.18
0.182
0.182
0.182
0.179
0.175
0.17
0.165
0.159
0.15
0.14
0.128
0.113
0.095
0.074
0.052
0.03
0.011
-0.008
-0.025
-0.043
-0.061
-0.078
-0.094
-0.11
-0.124
-0.132
-0.136
-0.137
-0.137
-0.136
-0.136
-0.135
-0.133
-0.131
-0.129
-0.127
-0.126
-0.125
-0.123
-0.122
-0.121
-0.119
-0.118
-0.117
-0.112
-0.11
-0.109
-0.107
-0.106
-0.111
-0.112
-0.112
-0.112
-0.111
-0.109
-0.107
-0.107
-0.106
-0.104
-0.103
-0.103
-0.101
-0.1
-0.1
-0.1
-0.1
-0.1
-0.1
-0.1
-0.1
-0.098
-0.097
-0.096
-0.094
-0.09
-0.089
-0.089
-0.088
-0.088
-0.091
-0.088
-0.081
-0.072
-0.058
-0.04
-0.022
-0.005
0.009
0.022
0.034
0.042
0.047
0.049
0.049
0.046
0.04
0.031
0.02
0.005
-0.011
-0.027
-0.043
-0.056
-0.067
-0.075
-0.081
-0.083
-0.084
-0.083
-0.084
-0.084
-0.082
-0.081
-0.08
-0.079
-0.079
-0.079
-0.079
-0.079
-0.078
-0.076
-0.075
-0.075
-0.081
-0.091
-0.085
-0.057
-0.005
0.077
0.19
0.309
0.419
0.526
0.636
0.738
0.797
0.805
0.766
0.635
0.501
0.361
0.231
0.103
0.017
-0.093
-0.168
-0.208
-0.213
-0.191
-0.165
-0.146
-0.135
-0.13
-0.129
-0.127
-0.125
-0.124
-0.123
-0.121
-0.121
-0.119
-0.118
-0.117
-0.115
-0.113
-0.111
-0.108
-0.1
-0.074
-0.059
-0.04
-0.021
-0.003
-0.002
0.015
0.032
0.049
0.067
0.086
0.106
0.124
0.139
0.151
0.16
0.167
0.171
0.174
0.176
0.177
0.177
0.177
0.175
0.171
0.167
0.162
0.156
