-0.068
-0.068
-0.067
-0.068
-0.074
-0.084
-0.077
-0.049
0.003
0.086
0.199
0.318
0.429
0.538
0.647
0.749
0.807
0.814
0.772
0.681
0.547
0.407
0.276
0.148
0.02
-0.091
-0.167
-0.206
-0.21
-0.187
-0.159
-0.14
-0.129
-0.126
-0.126
-0.125
-0.125
-0.124
-0.122
-0.121
-0.119
-0.118
-0.118
-0.118
-0.117
-0.117
-0.116
-0.112
-0.106
-0.094
-0.078
-0.059
-0.041
-0.024
-0.006
0.01
0.028
0.047
0.066
0.085
0.105
0.125
0.139
0.15
0.158
0.165
0.164
0.167
0.169
0.171
0.172
0.175
0.173
0.169
0.163
0.157
0.15
0.143
0.133
0.121
0.105
0.086
0.065
0.044
0.024
0.003
-0.016
-0.032
-0.047
-0.063
-0.08
-0.098
-0.114
-0.126
-0.135
-0.14
-0.142
-0.141
-0.141
-0.139
-0.137
-0.136
-0.135
-0.134
-0.132
-0.131
-0.131
-0.13
-0.129
-0.129
-0.128
-0.127
-0.126
-0.125
-0.123
-0.121
-0.12
-0.118
-0.117
-0.117
-0.116
-0.115
-0.113
-0.111
-0.11
-0.108
-0.107
-0.107
-0.107
-0.106
-0.098
-0.097
-0.097
-0.095
-0.094
-0.099
-0.098
-0.096
-0.094
-0.092
-0.09
-0.09
-0.089
-0.09
-0.089
-0.09
-0.09
-0.09
-0.089
-0.085
-0.078
-0.066
-0.052
-0.036
-0.02
-0.003
0.013
0.026
0.036
0.044
0.054
0.055
0.054
0.051
0.046
0.033
0.021
0.008
-0.019
-0.036
-0.053
-0.067
-0.078
-0.073
-0.076
-0.077
-0.078
-0.078
-0.078
-0.077
-0.078
-0.078
-0.078
-0.077
-0.077
-0.077
-0.075
-0.075
-0.075
-0.074
-0.073
-0.074
-0.08
-0.088
-0.079
-0.047
0.01
0.094
0.2
0.311
0.426
0.543
0.653
0.746
0.799
0.804
0.757
0.664
0.54
0.409
0.273
0.134
0.004
-0.098
-0.168
-0.206
-0.209
-0.186
-0.16
-0.142
-0.13
-0.126
-0.125
-0.123
-0.121
-0.12
-0.119
-0.118
-0.117
-0.116
-0.116
-0.115
-0.114
-0.113
-0.112
-0.107
-0.099
-0.087
-0.072
-0.053
-0.033
-0.014
0.004
0.02
0.036
0.054
0.074
0.093
0.112
0.13
