-0.038
-0.037
-0.037
-0.035
-0.034
-0.035
-0.037
-0.037
-0.04
-0.043
-0.035
-0.019
0.009
0.054
0.157
0.253
0.324
0.37
0.392
0.341
0.225
0.122
0.036
-0.037
-0.093
-0.08
-0.067
-0.057
-0.051
-0.05
-0.05
-0.049
-0.049
-0.047
-0.045
-0.043
-0.04
-0.035
-0.021
-0.006
0.011
0.026
0.042
0.052
0.065
0.078
0.087
0.093
0.097
0.097
0.095
0.094
0.091
0.085
0.078
0.071
0.051
0.034
0.018
-0
-0.019
-0.024
-0.037
-0.047
-0.055
-0.061
-0.066
-0.064
-0.064
-0.062
-0.06
-0.058
-0.058
-0.058
-0.059
-0.058
-0.059
-0.058
-0.056
-0.056
-0.057
-0.056
-0.057
-0.057
-0.056
-0.056
-0.058
-0.057
-0.057
-0.055
-0.053
-0.051
-0.051
-0.049
-0.038
-0.025
-0.012
0
0.011
0.015
0.013
0.01
0.005
-0.003
-0.013
-0.022
-0.031
-0.037
-0.041
-0.045
-0.048
-0.048
-0.05
-0.049
-0.048
-0.048
-0.048
-0.046
-0.042
-0.024
0.005
0.043
0.092
0.15
0.225
0.276
0.301
0.301
0.274
0.205
0.114
0.042
-0.012
-0.052
-0.08
-0.073
-0.069
-0.069
-0.069
-0.066
-0.061
-0.055
-0.049
-0.04
-0.024
-0.005
0.015
0.032
0.049
0.058
0.066
0.074
0.081
0.086
0.087
0.087
0.083
0.078
0.073
0.065
0.054
0.045
0.027
0.01
-0.006
-0.022
-0.041
-0.05
-0.059
-0.065
-0.069
-0.07
-0.071
-0.071
-0.072
-0.071
-0.07
-0.069
-0.069
-0.068
-0.068
-0.067
-0.065
-0.064
-0.064
-0.063
-0.063
-0.062
-0.06
-0.058
-0.057
-0.056
-0.056
-0.056
-0.054
-0.054
-0.055
-0.054
-0.055
-0.053
-0.051
-0.048
-0.044
-0.038
-0.026
-0.013
0
0.011
0.019
0.018
0.011
0.004
-0.004
-0.014
-0.026
-0.033
-0.039
-0.043
-0.046
-0.046
-0.044
-0.043
-0.043
-0.04
-0.038
-0.038
-0.039
-0.04
-0.015
0.024
0.076
0.138
0.211
0.268
0.293
0.294
0.272
0.225
0.15
0.083
0.025
-0.017
-0.043
-0.056
-0.056
-0.054
-0.055
-0.056
-0.055
-0.054
-0.054
-0.054
-0.05
-0.043
-0.033
-0.022
-0.01
-0.002
0.014
0.03
0.047
0.064
0.08
0.086
0.092
0.096
0.1
0.102
0.102
0.1
0.091
0.078
0.063
0.047
0.032
0.022
0.006
-0.005
-0.015
-0.027
-0.04
-0.044
-0.049
-0.052
-0.052
-0.05
-0.047
-0.047
-0.046
-0.046
-0.047
-0.049
-0.047
-0.046
-0.045
-0.043
-0.041
-0.042
-0.042
-0.042
-0.042
-0.042
-0.041
-0.042
-0.04
-0.04
-0.039
-0.038
-0.037
-0.039
-0.035
-0.036
-0.032
-0.026
-0.018
-0.015
-0
0.01
0.02
0.028
0.033
0.028
0.015
0.003
-0.01
-0.021
-0.032
-0.035
-0.038
-0.04
-0.041
-0.04
-0.039
-0.041
-0.041
-0.041
-0.045
-0.05
-0.045
-0.03
0.044
0.132
0.232
0.329
0.406
0.411
0.339
0.244
0.13
0.02
-0.075
-0.095
-0.099
-0.088
-0.074
-0.066
-0.062
-0.058
-0.048
-0.034
-0.019
-0.004
0.011
0.021
0.037
0.053
0.067
0.078
0.086
0.087
0.087
0.087
0.086
0.082
0.078
0.075
0.061
0.048
0.033
0.015
-0.003
-0.011
-0.026
-0.039
-0.049
-0.06
-0.07
-0.069
-0.069
-0.068
-0.067
-0.068
-0.068
-0.067
-0.066
-0.064
-0.062
-0.063
-0.064
-0.063
-0.063
-0.062
-0.06
-0.06
-0.062
-0.062
-0.062
-0.061
-0.06
-0.059
-0.06
-0.058
-0.058
-0.057
-0.055
-0.055
-0.057
-0.056
-0.051
-0.043
-0.032
-0.02
-0.009
-0.001
0.005
0.009
0.01
0.007
-0
-0.007
-0.02
-0.031
-0.038
-0.046
-0.054
-0.054
-0.055
-0.055
-0.054
-0.052
-0.053
-0.054
-0.051
-0.054
-0.051
-0.035
-0.009
0.026
0.125
0.227
0.307
0.361
0.389
0.347
0.23
0.121
0.029
-0.045
-0.106
-0.097
-0.084
-0.074
-0.068
-0.064
-0.064
-0.063
-0.063
-0.062
-0.059
-0.057
-0.054
-0.049
-0.035
-0.019
-0.002
0.015
0.03
0.04
0.053
0.065
0.077
0.086
0.091
0.092
0.09
0.089
0.087
0.083
0.076
0.07
0.053
0.037
0.022
0.006
-0.011
-0.02
-0.033
-0.043
-0.051
-0.057
