0.172
0.174
0.176
0.178
0.177
0.176
0.175
0.171
0.165
0.16
0.145
0.139
0.13
0.12
0.106
0.098
0.077
0.056
0.036
0.014
-0.007
-0.024
-0.04
-0.059
-0.077
-0.094
-0.11
-0.122
-0.123
-0.129
-0.13
-0.129
-0.131
-0.137
-0.136
-0.136
-0.135
-0.13
-0.128
-0.127
-0.126
-0.124
-0.123
-0.122
-0.119
-0.118
-0.118
-0.116
-0.114
-0.114
-0.112
-0.11
-0.108
-0.108
-0.107
-0.106
-0.105
-0.104
-0.102
-0.101
-0.1
-0.099
-0.097
-0.097
-0.096
-0.095
-0.093
-0.092
-0.091
-0.09
-0.088
-0.087
-0.086
-0.085
-0.079
-0.079
-0.078
-0.077
-0.075
-0.078
-0.076
-0.075
-0.074
-0.072
-0.065
-0.055
-0.042
-0.027
-0.009
0.008
0.023
0.036
0.047
0.055
0.06
0.062
0.062
0.059
0.053
0.044
0.033
0.019
0.005
-0.011
-0.025
-0.04
-0.051
-0.058
-0.063
-0.069
-0.07
-0.07
-0.07
-0.069
-0.068
-0.068
-0.067
-0.068
-0.067
-0.067
-0.066
-0.065
-0.068
-0.067
-0.066
-0.067
-0.072
-0.076
-0.071
-0.042
0.012
0.091
0.194
0.306
0.423
0.541
0.65
0.747
0.807
0.819
0.78
0.696
0.575
0.441
0.302
0.163
0.032
-0.075
-0.149
-0.191
-0.199
-0.178
-0.151
-0.132
-0.119
-0.115
-0.114
-0.114
-0.114
-0.114
-0.113
-0.113
-0.112
-0.11
-0.108
-0.107
-0.106
-0.105
-0.093
-0.089
-0.082
-0.07
-0.055
-0.049
-0.03
-0.011
0.006
0.021
0.037
0.056
0.076
0.096
0.116
0.135
0.15
0.164
0.173
0.179
0.183
0.185
0.187
0.188
0.188
0.187
0.185
0.181
0.176
0.171
0.168
0.16
0.15
0.139
0.125
0.104
0.084
0.062
0.041
0.02
0.001
-0.017
-0.034
-0.052
-0.069
-0.085
-0.102
-0.116
-0.124
-0.128
-0.129
-0.128
-0.126
-0.125
-0.124
-0.123
-0.122
-0.121
-0.119
-0.118
-0.115
-0.113
-0.111
-0.109
-0.108
-0.107
-0.107
-0.106
-0.105
-0.105
-0.104
-0.103
-0.102
-0.102
-0.101
-0.1
-0.099
-0.098
-0.096
-0.095
-0.094
-0.093
