-0.106
-0.099
-0.089
-0.075
-0.056
-0.038
-0.021
-0.004
0.013
0.031
0.051
0.069
0.088
0.108
0.126
0.142
0.156
0.165
0.171
0.176
0.179
0.182
0.184
0.184
0.183
0.181
0.177
0.173
0.167
0.16
0.153
0.143
0.13
0.115
0.097
0.076
0.055
0.036
0.017
-0.003
-0.021
-0.037
-0.053
-0.07
-0.088
-0.105
-0.126
-0.135
-0.14
-0.141
-0.14
-0.13
-0.129
-0.127
-0.125
-0.123
-0.121
-0.118
-0.118
-0.117
-0.116
-0.116
-0.116
-0.115
-0.113
-0.112
-0.111
-0.11
-0.108
-0.107
-0.106
-0.105
-0.103
-0.102
-0.1
-0.099
-0.097
-0.095
-0.095
-0.094
-0.093
-0.093
-0.093
-0.091
-0.09
-0.089
-0.087
-0.086
-0.085
-0.084
-0.083
-0.082
-0.081
-0.08
-0.079
-0.078
-0.078
-0.076
-0.075
-0.075
-0.075
-0.074
-0.071
-0.065
-0.055
-0.041
-0.024
-0.007
0.009
0.024
0.039
0.049
0.058
0.064
0.066
0.065
0.062
0.057
0.048
0.036
0.022
0.007
-0.009
-0.025
-0.039
-0.051
-0.06
-0.065
-0.067
-0.068
-0.07
-0.07
-0.07
-0.069
-0.069
-0.068
-0.067
-0.067
-0.066
-0.065
-0.064
-0.063
-0.062
-0.062
-0.063
-0.068
-0.078
-0.071
-0.042
0.015
0.1
0.207
0.317
0.428
0.544
0.659
0.758
0.815
0.824
0.782
0.689
0.563
0.434
0.302
0.163
0.025
-0.083
-0.156
-0.195
-0.201
-0.177
-0.151
-0.133
-0.12
-0.116
-0.114
-0.113
-0.112
-0.106
-0.105
-0.104
-0.102
-0.102
-0.107
-0.105
-0.104
-0.104
-0.103
-0.099
-0.093
-0.081
-0.066
-0.048
-0.029
-0.01
0.008
0.025
0.042
0.06
0.079
0.098
0.117
0.133
0.148
0.16
0.17
0.175
0.179
0.183
0.185
0.186
0.187
0.186
0.182
0.177
0.172
0.165
0.158
0.152
0.142
0.129
0.114
0.098
0.078
0.056
0.035
0.016
-0.002
-0.018
-0.036
-0.054
-0.072
-0.09
-0.106
-0.118
-0.127
-0.132
-0.132
-0.131
-0.13
-0.129
-0.128
-0.127
-0.127
-0.126
-0.124
-0.123
-0.121
-0.119
-0.117
