0.014
-0.006
-0.025
-0.042
-0.072
-0.088
-0.106
-0.124
-0.139
-0.135
-0.141
-0.144
-0.143
-0.141
-0.139
-0.137
-0.135
-0.135
-0.134
-0.132
-0.13
-0.129
-0.127
-0.126
-0.125
-0.124
-0.122
-0.121
-0.119
-0.117
-0.115
-0.113
-0.112
-0.112
-0.11
-0.11
-0.109
-0.108
-0.106
-0.105
-0.104
-0.102
-0.1
-0.1
-0.1
-0.1
-0.099
-0.099
-0.098
-0.098
-0.096
-0.095
-0.093
-0.092
-0.091
-0.09
-0.09
-0.089
-0.088
-0.088
-0.086
-0.084
-0.083
-0.082
-0.08
-0.075
-0.067
-0.054
-0.039
-0.023
-0.006
0.011
0.027
0.038
0.048
0.054
0.057
0.057
0.055
0.051
0.044
0.033
0.02
0.006
-0.01
-0.027
-0.042
-0.056
-0.066
-0.073
-0.075
-0.077
-0.078
-0.078
-0.077
-0.076
-0.075
-0.074
-0.078
-0.077
-0.076
-0.075
-0.074
-0.068
-0.068
-0.067
-0.069
-0.073
-0.082
-0.083
-0.062
-0.015
0.06
0.161
0.271
0.381
0.544
0.661
0.767
0.839
0.864
0.788
0.711
0.594
0.464
0.334
0.2
0.06
-0.051
-0.135
-0.186
-0.203
-0.187
-0.168
-0.147
-0.132
-0.125
-0.123
-0.122
-0.12
-0.118
-0.118
-0.116
-0.115
-0.114
-0.113
-0.112
-0.11
-0.11
-0.109
-0.096
-0.089
-0.078
-0.064
-0.047
-0.039
-0.021
-0.002
0.015
0.031
0.048
0.068
0.094
0.114
0.132
0.149
0.163
0.168
0.176
0.182
0.185
0.187
0.189
0.19
0.189
0.187
0.184
0.178
0.171
0.165
0.158
0.149
0.137
0.123
0.108
0.09
0.069
0.047
0.027
0.008
-0.01
-0.027
-0.046
-0.065
-0.083
-0.1
-0.112
-0.122
-0.127
-0.128
-0.126
-0.125
-0.123
-0.121
-0.12
-0.119
-0.118
-0.117
-0.116
-0.115
-0.114
-0.112
-0.111
-0.11
-0.109
-0.109
-0.1
-0.098
-0.097
-0.095
-0.093
-0.101
-0.099
-0.098
-0.098
-0.097
-0.087
-0.085
-0.084
-0.082
-0.081
-0.089
-0.088
-0.087
-0.087
-0.086
-0.085
-0.085
-0.085
-0.084
-0.082
-0.081
-0.08
-0.079
-0.078
-0.078
-0.078
-0.076
-0.075
-0.075
