-0.104
-0.103
-0.102
-0.1
-0.091
-0.089
-0.086
-0.083
-0.081
-0.088
-0.087
-0.087
-0.087
-0.087
-0.086
-0.085
-0.083
-0.082
-0.081
-0.08
-0.08
-0.08
-0.079
-0.075
-0.067
-0.056
-0.043
-0.027
-0.01
0.007
0.023
0.036
0.046
0.053
0.058
0.06
0.059
0.057
0.052
0.043
0.031
0.018
0.002
-0.015
-0.032
-0.046
-0.058
-0.065
-0.069
-0.071
-0.072
-0.072
-0.072
-0.071
-0.07
-0.069
-0.068
-0.068
-0.068
-0.068
-0.067
-0.066
-0.065
-0.064
-0.063
-0.063
-0.069
-0.077
-0.067
-0.033
0.027
0.113
0.219
0.33
0.445
0.563
0.674
0.766
0.816
0.817
0.767
0.669
0.543
0.411
0.273
0.133
0.003
-0.098
-0.165
-0.2
-0.201
-0.177
-0.152
-0.134
-0.123
-0.12
-0.119
-0.118
-0.113
-0.112
-0.11
-0.108
-0.107
-0.11
-0.108
-0.107
-0.107
-0.106
-0.104
-0.099
-0.09
-0.078
-0.062
-0.044
-0.026
-0.007
0.01
0.026
0.043
0.062
0.082
0.102
0.12
0.136
0.15
0.162
0.17
0.176
0.181
0.185
0.187
0.189
0.19
0.187
0.183
0.179
0.175
0.17
0.164
0.157
0.147
0.133
0.118
0.1
0.078
0.056
0.036
0.017
-0.001
-0.017
-0.034
-0.052
-0.069
-0.086
-0.101
-0.113
-0.122
-0.126
-0.126
-0.125
-0.124
-0.123
-0.121
-0.12
-0.119
-0.118
-0.116
-0.115
-0.114
-0.114
-0.113
-0.114
-0.113
-0.112
-0.11
-0.108
-0.106
-0.103
-0.102
-0.101
-0.101
-0.1
-0.1
-0.1
-0.098
-0.097
-0.096
-0.095
-0.094
-0.094
-0.094
-0.094
-0.101
-0.1
-0.099
-0.098
-0.1
-0.091
-0.091
-0.09
-0.089
-0.085
-0.084
-0.083
-0.082
-0.082
-0.08
-0.079
-0.078
-0.077
-0.076
-0.074
-0.069
-0.058
-0.043
-0.027
-0.009
0.007
0.022
0.035
0.046
0.055
0.05
0.051
0.05
0.047
0.041
0.043
0.031
0.018
0.002
-0.015
-0.03
-0.043
-0.054
-0.063
-0.069
-0.071
-0.072
-0.072
-0.071
-0.071
-0.071
-0.07
-0.07
-0.07
-0.07
-0.069
-0.068
-0.068
