-0.038
-0.039
-0.039
-0.04
-0.045
-0.047
-0.038
-0.019
0.059
0.151
0.254
0.348
0.418
0.412
0.331
0.223
0.106
0.005
-0.079
-0.094
-0.09
-0.078
-0.066
-0.057
-0.051
-0.051
-0.05
-0.051
-0.051
-0.051
-0.048
-0.046
-0.034
-0.022
-0.007
0.011
0.029
0.039
0.057
0.07
0.082
0.095
0.103
0.101
0.101
0.099
0.093
0.089
0.075
0.059
0.042
0.026
0.011
0.003
-0.012
-0.026
-0.038
-0.047
-0.054
-0.052
-0.051
-0.051
-0.05
-0.05
-0.048
-0.049
-0.049
-0.05
-0.051
-0.051
-0.049
-0.049
-0.047
-0.046
-0.046
-0.044
-0.041
-0.041
-0.04
-0.041
-0.042
-0.041
-0.038
-0.037
-0.036
-0.037
-0.039
-0.039
-0.038
-0.036
-0.028
-0.021
-0.011
-0
0.013
0.019
0.024
0.024
0.022
0.018
0.013
0.006
-0.005
-0.015
-0.024
-0.033
-0.039
-0.038
-0.039
-0.041
-0.042
-0.041
-0.041
-0.041
-0.045
-0.049
-0.043
-0.025
0.006
0.051
0.153
0.246
0.317
0.363
0.385
0.333
0.218
0.113
0.024
-0.046
-0.098
-0.086
-0.072
-0.064
-0.061
-0.06
-0.057
-0.057
-0.056
-0.057
-0.057
-0.056
-0.051
-0.045
-0.03
-0.015
0
0.017
0.034
0.043
0.057
0.067
0.076
0.084
0.091
0.092
0.092
0.087
0.082
0.076
0.07
0.064
0.05
0.032
0.014
-0.003
-0.019
-0.028
-0.038
-0.048
-0.057
-0.063
-0.066
-0.066
-0.066
-0.066
-0.067
-0.066
-0.065
-0.064
-0.063
-0.063
-0.064
-0.065
-0.065
-0.064
-0.062
-0.06
-0.06
-0.059
-0.058
-0.057
-0.057
-0.058
-0.059
-0.06
-0.059
-0.057
-0.056
-0.055
-0.053
-0.052
-0.05
-0.047
-0.034
-0.024
-0.013
-0
0.012
0.014
0.01
0.007
-0
-0.009
-0.018
-0.021
-0.031
-0.038
-0.046
-0.051
-0.052
-0.051
-0.05
-0.05
-0.05
-0.05
-0.049
-0.047
-0.015
0.004
0.034
0.077
0.131
0.166
0.209
0.251
0.245
0.238
0.208
0.169
0.09
0.046
-0.008
-0.047
-0.072
-0.069
-0.064
-0.062
-0.061
-0.061
