-0.051
-0.051
-0.051
-0.049
-0.048
-0.048
-0.049
-0.05
-0.049
-0.048
-0.046
-0.045
-0.037
-0.028
-0.017
-0.004
0.009
0.013
0.013
0.011
0.006
0.002
-0.004
-0.012
-0.023
-0.033
-0.04
-0.045
-0.047
-0.047
-0.047
-0.047
-0.047
-0.045
-0.043
-0.043
-0.044
-0.034
-0.012
0.022
0.069
0.125
0.209
0.268
0.304
0.317
0.304
0.236
0.138
0.055
-0.009
-0.055
-0.086
-0.076
-0.069
-0.067
-0.066
-0.065
-0.063
-0.063
-0.059
-0.054
-0.049
-0.042
-0.031
-0.021
-0.011
0.002
0.017
0.032
0.044
0.053
0.063
0.069
0.075
0.081
0.085
0.085
0.083
0.078
0.073
0.067
0.061
0.052
0.034
0.014
-0.005
-0.022
-0.039
-0.047
-0.054
-0.062
-0.067
-0.07
-0.07
-0.07
-0.069
-0.07
-0.07
-0.069
-0.067
-0.068
-0.066
-0.065
-0.065
-0.062
-0.059
-0.058
-0.057
-0.058
-0.059
-0.059
-0.057
-0.057
-0.056
-0.056
-0.057
-0.056
-0.054
-0.054
-0.052
-0.053
-0.053
-0.052
-0.048
-0.043
-0.028
-0.015
-0.003
0.01
0.022
0.022
0.016
0.009
-0.001
-0.011
-0.022
-0.028
-0.034
-0.04
-0.045
-0.047
-0.045
-0.045
-0.043
-0.044
-0.044
-0.043
-0.042
-0.042
0.003
0.035
0.079
0.136
0.206
0.238
0.253
0.265
0.227
0.191
0.131
0.09
0.031
0.008
-0.027
-0.047
-0.055
-0.054
-0.053
-0.055
-0.056
-0.054
-0.052
-0.051
-0.042
-0.037
-0.031
-0.023
-0.011
-0.006
0.015
0.031
0.047
0.063
0.08
0.082
0.09
0.096
0.099
0.099
0.099
0.096
0.083
0.073
0.063
0.051
0.036
0.029
0.011
-0.005
-0.019
-0.031
-0.044
-0.047
-0.05
-0.051
-0.05
-0.048
-0.049
-0.048
-0.049
-0.049
-0.047
-0.045
-0.045
-0.044
-0.045
-0.046
-0.044
-0.043
-0.042
-0.04
-0.041
-0.042
-0.04
-0.038
-0.038
-0.038
-0.039
-0.04
-0.039
-0.038
-0.039
-0.038
-0.038
-0.034
-0.026
-0.017
-0.008
0.002
0.01
0.017
0.024
0.029
0.03
0.027
0.015
0.002
-0.01
-0.02
