-0.084
-0.084
-0.083
-0.083
-0.081
-0.075
-0.065
-0.052
-0.035
-0.016
0.002
0.016
0.03
0.041
0.05
0.054
0.057
0.057
0.056
0.051
0.044
0.033
0.02
0.004
-0.013
-0.029
-0.044
-0.056
-0.066
-0.074
-0.077
-0.078
-0.071
-0.071
-0.071
-0.07
-0.074
-0.08
-0.079
-0.077
-0.077
-0.071
-0.07
-0.069
-0.068
-0.067
-0.065
-0.067
-0.077
-0.077
-0.054
-0.011
0.061
0.166
0.284
0.396
0.505
0.613
0.721
0.797
0.821
0.795
0.682
0.557
0.416
0.283
0.155
0.065
-0.055
-0.143
-0.194
-0.208
-0.192
-0.164
-0.142
-0.128
-0.122
-0.121
-0.119
-0.117
-0.123
-0.121
-0.12
-0.118
-0.117
-0.109
-0.108
-0.107
-0.106
-0.104
-0.102
-0.096
-0.086
-0.072
-0.054
-0.035
-0.018
-0.001
0.017
0.035
0.054
0.072
0.091
0.111
0.13
0.145
0.157
0.167
0.174
0.179
0.183
0.185
0.187
0.188
0.188
0.185
0.176
0.172
0.166
0.16
0.154
0.151
0.14
0.126
0.107
0.087
0.054
0.034
0.013
-0.007
-0.024
-0.028
-0.044
-0.061
-0.08
-0.096
-0.109
-0.118
-0.124
-0.126
-0.126
-0.125
-0.124
-0.123
-0.121
-0.12
-0.119
-0.117
-0.115
-0.113
-0.113
-0.112
-0.11
-0.108
-0.106
-0.105
-0.111
-0.111
-0.11
-0.109
-0.108
-0.098
-0.097
-0.094
-0.093
-0.093
-0.092
-0.091
-0.09
-0.089
-0.088
-0.087
-0.087
-0.086
-0.085
-0.084
-0.084
-0.083
-0.083
-0.082
-0.081
-0.08
-0.079
-0.078
-0.077
-0.076
-0.075
-0.074
-0.074
-0.074
-0.073
-0.072
-0.071
-0.065
-0.056
-0.045
-0.031
-0.014
0.004
0.021
0.035
0.046
0.055
0.059
0.062
0.063
0.061
0.056
0.049
0.038
0.024
0.01
-0.004
-0.021
-0.038
-0.05
-0.059
-0.065
-0.068
-0.069
-0.073
-0.074
-0.073
-0.071
-0.069
-0.064
-0.064
-0.062
-0.062
-0.062
-0.061
-0.06
-0.06
-0.06
-0.06
-0.064
-0.073
-0.073
-0.048
0.002
0.077
0.176
0.287
0.401
0.518
0.631
0.733
0.799
0.819
0.788
