0.138
0.15
0.159
0.165
0.169
0.172
0.174
0.176
0.177
0.175
0.174
0.17
0.164
0.157
0.152
0.145
0.136
0.124
0.109
0.092
0.072
0.051
0.029
0.006
-0.014
-0.03
-0.046
-0.063
-0.079
-0.097
-0.113
-0.124
-0.133
-0.138
-0.139
-0.136
-0.134
-0.132
-0.13
-0.128
-0.127
-0.126
-0.126
-0.125
-0.131
-0.13
-0.128
-0.126
-0.124
-0.116
-0.115
-0.115
-0.115
-0.114
-0.113
-0.112
-0.111
-0.109
-0.108
-0.106
-0.104
-0.103
-0.102
-0.101
-0.101
-0.101
-0.1
-0.098
-0.096
-0.094
-0.092
-0.091
-0.09
-0.09
-0.089
-0.088
-0.087
-0.086
-0.085
-0.085
-0.084
-0.084
-0.083
-0.081
-0.081
-0.08
-0.079
-0.077
-0.071
-0.06
-0.047
-0.032
-0.014
0.004
0.018
0.031
0.042
0.051
0.057
0.059
0.059
0.057
0.051
0.042
0.032
0.019
0.004
-0.014
-0.031
-0.047
-0.059
-0.066
-0.069
-0.07
-0.071
-0.071
-0.071
-0.07
-0.069
-0.068
-0.067
-0.067
-0.066
-0.067
-0.066
-0.066
-0.064
-0.063
-0.063
-0.064
-0.07
-0.078
-0.07
-0.039
0.016
0.095
0.199
0.315
0.433
0.545
0.652
0.748
0.806
0.815
0.774
0.687
0.562
0.424
0.284
0.15
0.023
-0.082
-0.157
-0.2
-0.206
-0.184
-0.158
-0.139
-0.127
-0.123
-0.121
-0.12
-0.118
-0.117
-0.115
-0.113
-0.112
-0.11
-0.108
-0.107
-0.107
-0.105
-0.104
-0.1
-0.092
-0.082
-0.068
-0.05
-0.031
-0.012
0.005
0.022
0.04
0.059
0.078
0.096
0.115
0.133
0.149
0.161
0.17
0.177
0.18
0.183
0.186
0.187
0.187
0.186
0.183
0.178
0.173
0.168
0.162
0.155
0.145
0.133
0.119
0.1
0.078
0.056
0.037
0.017
-0.002
-0.019
-0.036
-0.053
-0.069
-0.087
-0.104
-0.116
-0.123
-0.127
-0.128
-0.127
-0.125
-0.124
-0.124
-0.123
-0.121
-0.119
-0.118
-0.116
-0.113
-0.112
-0.112
-0.111
-0.11
-0.109
-0.108
-0.107
-0.106
-0.106
-0.105
-0.104
-0.103
-0.103
-0.102
-0.101
-0.101
-0.1
