-0.007
0.044
0.106
0.179
0.268
0.324
0.324
0.3
0.25
0.172
0.068
0.002
-0.039
-0.065
-0.077
-0.077
-0.065
-0.065
-0.064
-0.062
-0.061
-0.061
-0.062
-0.061
-0.054
-0.045
-0.035
-0.025
-0.013
-0.005
0.013
0.032
0.049
0.064
0.079
0.084
0.089
0.093
0.095
0.094
0.091
0.088
0.08
0.072
0.062
0.048
0.032
0.023
0.007
-0.009
-0.024
-0.041
-0.055
-0.06
-0.062
-0.06
-0.058
-0.058
-0.059
-0.059
-0.059
-0.058
-0.057
-0.058
-0.058
-0.057
-0.058
-0.057
-0.054
-0.052
-0.05
-0.048
-0.046
-0.046
-0.047
-0.047
-0.047
-0.046
-0.045
-0.045
-0.046
-0.044
-0.039
-0.034
-0.028
-0.021
-0.014
-0.008
0.002
0.013
0.021
0.026
0.027
0.026
0.011
-0
-0.012
-0.024
-0.035
-0.035
-0.037
-0.037
-0.037
-0.038
-0.04
-0.038
-0.039
-0.037
-0.035
-0.038
-0.044
-0.041
0.042
0.115
0.203
0.302
0.399
0.407
0.333
0.263
0.154
0.039
-0.072
-0.082
-0.099
-0.084
-0.072
-0.059
-0.052
-0.051
-0.051
-0.051
-0.049
-0.045
-0.042
-0.038
-0.025
-0.011
0.002
0.017
0.035
0.045
0.061
0.075
0.085
0.09
0.096
0.098
0.098
0.096
0.095
0.094
0.089
0.084
0.071
0.054
0.035
0.017
-0.006
-0.014
-0.026
-0.037
-0.048
-0.051
-0.057
-0.057
-0.055
-0.055
-0.056
-0.057
-0.057
-0.056
-0.054
-0.054
-0.055
-0.055
-0.055
-0.055
-0.053
-0.053
-0.054
-0.055
-0.055
-0.055
-0.052
-0.051
-0.051
-0.051
-0.049
-0.048
-0.046
-0.045
-0.045
-0.046
-0.045
-0.045
-0.036
-0.026
-0.017
-0.006
0.008
0.013
0.017
0.018
0.015
0.008
0.001
-0.006
-0.016
-0.026
-0.035
-0.043
-0.049
-0.049
-0.048
-0.047
-0.035
-0.035
-0.024
0.002
0.041
0.078
0.18
0.26
0.312
0.341
0.347
0.283
0.181
0.09
0.012
-0.048
-0.092
-0.085
-0.074
-0.067
-0.067
-0.068
-0.068
-0.068
-0.066
-0.064
-0.063
-0.06
-0.054
-0.047
-0.03
-0.013
0.004
0.019
0.036
0.045
0.056
0.066
0.072
0.077
0.082
0.084
0.08
0.079
0.075
0.068
0.061
0.057
0.041
0.025
0.008
-0.011
-0.029
-0.039
-0.048
-0.055
-0.061
-0.066
-0.069
-0.068
-0.068
-0.066
-0.066
-0.066
-0.065
-0.064
-0.065
-0.065
-0.064
-0.063
-0.061
-0.059
-0.058
-0.059
-0.059
-0.059
-0.058
-0.056
-0.056
-0.056
-0.056
-0.056
-0.054
-0.052
-0.051
-0.051
-0.05
-0.047
-0.035
-0.021
-0.008
0.004
0.015
0.017
0.016
0.012
0.005
-0.006
-0.017
-0.025
-0.032
-0.037
-0.042
-0.046
-0.049
-0.049
-0.048
-0.046
-0.046
-0.047
-0.047
-0.047
-0.033
-0.007
0.029
0.075
0.135
0.193
0.251
0.285
0.292
0.272
0.229
0.161
0.085
0.027
-0.018
-0.051
-0.07
-0.065
-0.061
-0.059
-0.057
-0.057
-0.053
-0.05
-0.045
-0.038
-0.028
-0.019
-0.002
0.016
0.034
0.051
0.067
0.075
0.085
0.093
0.098
0.099
0.1
0.098
0.095
0.092
0.085
0.075
0.064
0.053
0.036
0.02
0.003
-0.016
-0.034
-0.042
-0.048
-0.05
-0.051
-0.053
-0.055
-0.056
-0.055
-0.053
-0.052
-0.052
-0.052
-0.052
-0.049
-0.046
-0.043
-0.042
-0.042
-0.041
-0.041
-0.04
-0.04
-0.042
-0.044
-0.044
-0.043
-0.042
-0.04
-0.041
-0.041
-0.041
-0.04
-0.039
-0.033
-0.031
-0.028
-0.02
-0.006
0.005
0.018
0.027
0.033
0.034
0.026
0.018
0.008
-0.005
-0.019
-0.024
-0.029
-0.032
-0.033
-0.035
-0.037
-0.037
-0.038
-0.039
-0.039
-0.04
-0.005
0.043
0.103
0.172
0.255
0.312
0.294
0.28
0.24
0.173
0.079
0.038
-0.008
-0.039
-0.055
-0.06
-0.052
-0.052
-0.053
-0.054
-0.053
-0.053
-0.054
-0.053
-0.044
-0.036
-0.026
-0.016
-0.006
-0.001
0.018
0.035
0.053
0.069
0.082
0.083
0.086
0.09
0.092
0.092
0.089
0.087
0.075
0.067
0.059
0.046
0.03
0.023
0.001
-0.015
-0.029
-0.043
-0.058
-0.059
-0.064
-0.067
-0.066
-0.065
-0.066
-0.067
-0.067
-0.066
