0.353
0.461
0.574
0.688
0.777
0.816
0.808
0.747
0.635
0.5
0.368
0.238
0.103
-0.029
-0.127
-0.187
-0.212
-0.205
-0.175
-0.15
-0.135
-0.127
-0.125
-0.125
-0.125
-0.123
-0.123
-0.122
-0.118
-0.117
-0.117
-0.116
-0.114
-0.115
-0.114
-0.111
-0.106
-0.098
-0.084
-0.067
-0.05
-0.032
-0.014
0.005
0.021
0.037
0.055
0.074
0.093
0.112
0.129
0.142
0.153
0.162
0.169
0.173
0.175
0.177
0.178
0.177
0.175
0.172
0.168
0.163
0.157
0.15
0.143
0.133
0.118
0.102
0.084
0.064
0.043
0.022
0.002
-0.016
-0.038
-0.055
-0.073
-0.091
-0.108
-0.116
-0.128
-0.135
-0.138
-0.137
-0.136
-0.135
-0.134
-0.133
-0.132
-0.131
-0.129
-0.129
-0.129
-0.128
-0.126
-0.126
-0.124
-0.122
-0.121
-0.12
-0.119
-0.118
-0.118
-0.117
-0.116
-0.114
-0.114
-0.112
-0.111
-0.11
-0.109
-0.108
-0.106
-0.106
-0.105
-0.104
-0.103
-0.103
-0.103
-0.102
-0.094
-0.094
-0.094
-0.093
-0.092
-0.098
-0.097
-0.095
-0.093
-0.093
-0.092
-0.09
-0.089
-0.088
-0.087
-0.086
-0.082
-0.075
-0.064
-0.05
-0.033
-0.015
0.003
0.018
0.03
0.04
0.047
0.051
0.051
0.05
0.049
0.042
0.032
0.02
0.007
-0.012
-0.031
-0.047
-0.06
-0.07
-0.076
-0.08
-0.081
-0.083
-0.083
-0.083
-0.083
-0.081
-0.089
-0.088
-0.088
-0.087
-0.085
-0.075
-0.074
-0.072
-0.071
-0.07
-0.071
-0.08
-0.084
-0.068
-0.029
0.033
0.124
0.235
0.353
0.471
0.581
0.686
0.771
0.812
0.801
0.742
0.639
0.506
0.365
0.225
0.094
-0.027
-0.12
-0.182
-0.21
-0.204
-0.177
-0.154
-0.137
-0.129
-0.127
-0.126
-0.124
-0.122
-0.122
-0.121
-0.119
-0.118
-0.118
-0.116
-0.114
-0.113
-0.112
-0.109
-0.103
-0.095
-0.083
-0.066
-0.047
-0.029
-0.01
0.007
0.023
0.042
0.062
0.081
0.099
0.118
0.136
0.15
0.16
0.167
0.172
0.176
0.179
0.181
0.181
0.181
0.179
0.177
