0.125
0.193
0.276
0.31
0.293
0.279
0.241
0.175
0.082
0.042
-0.004
-0.036
-0.053
-0.059
-0.052
-0.052
-0.051
-0.049
-0.046
-0.044
-0.044
-0.044
-0.037
-0.029
-0.02
-0.009
0.002
0.007
0.026
0.044
0.062
0.081
0.097
0.099
0.102
0.106
0.106
0.102
0.099
0.096
0.083
0.068
0.052
0.038
0.022
0.013
-0.001
-0.015
-0.029
-0.043
-0.054
-0.055
-0.053
-0.052
-0.052
-0.053
-0.052
-0.05
-0.05
-0.049
-0.049
-0.05
-0.05
-0.048
-0.047
-0.046
-0.048
-0.049
-0.047
-0.047
-0.045
-0.044
-0.045
-0.046
-0.046
-0.045
-0.043
-0.042
-0.043
-0.044
-0.044
-0.043
-0.038
-0.03
-0.022
-0.014
-0.002
0.006
0.015
0.02
0.021
0.02
0.017
0.012
0
-0.011
-0.023
-0.035
-0.044
-0.045
-0.044
-0.042
-0.043
-0.044
-0.043
-0.043
-0.041
-0.041
-0.046
-0.048
-0.038
-0.016
0.066
0.163
0.263
0.347
0.409
0.399
0.312
0.202
0.087
-0.014
-0.097
-0.106
-0.097
-0.082
-0.071
-0.064
-0.06
-0.06
-0.061
-0.06
-0.061
-0.063
-0.063
-0.058
-0.044
-0.029
-0.015
-0.001
0.016
0.025
0.039
0.054
0.066
0.075
0.084
0.087
0.084
0.084
0.081
0.075
0.071
0.071
0.053
0.04
0.024
0.005
-0.013
-0.016
-0.029
-0.04
-0.051
-0.062
-0.07
-0.068
-0.067
-0.066
-0.065
-0.067
-0.068
-0.068
-0.066
-0.064
-0.063
-0.064
-0.063
-0.063
-0.061
-0.059
-0.057
-0.058
-0.058
-0.057
-0.056
-0.054
-0.054
-0.056
-0.057
-0.057
-0.056
-0.053
-0.052
-0.053
-0.053
-0.053
-0.045
-0.035
-0.025
-0.014
-0.002
0.003
0.009
0.012
0.012
0.006
0
-0.007
-0.017
-0.026
-0.033
-0.041
-0.047
-0.048
-0.048
-0.046
-0.045
-0.046
-0.046
-0.046
-0.05
-0.049
-0.038
-0.017
0.016
0.066
0.169
0.259
0.323
0.359
0.372
0.313
0.197
0.1
0.018
-0.049
-0.1
-0.085
-0.074
-0.065
-0.059
-0.058
-0.058
-0.058
-0.056
-0.054
-0.052
-0.05
-0.046
-0.04
