80
79
79
79
78
78
78
78
77
76
76
75
75
75
75
75
75
75
75
75
75
74
74
74
74
74
74
74
74
74
74
74
74
74
74
74
74
74
75
76
76
76
76
75
75
75
75
75
75
75
75
75
75
75
75
74
73
73
73
73
73
74
74
74
74
74
74
74
73
73
72
72
72
72
72
73
73
74
74
74
74
74
74
74
74
73
73
73
72
72
72
72
72
73
73
72
72
72
72
72
71
71
71
71
71
71
71
71
71
71
71
70
70
70
70
70
70
70
71
71
72
74
75
76
76
76
76
76
76
76
76
77
77
77
78
78
79
82
83
84
84
84
85
85
85
85
86
87
90
91
92
94
95
96
98
101
103
104
102
99
97
96
97
97
97
97
97
97
97
97
97
95
93
92
91
91
91
91
89
87
86
86
86
86
87
87
88
88
89
89
83
80
79
78
78
78
78
78
78
78
78
78
78
78
78
78
79
79
80
80
80
80
79
79
78
78
79
80
81
82
83
84
85
87
88
90
91
91
91
89
88
88
87
87
87
90
94
97
98
99
99
88
81
78
76
75
75
75
76
77
77
78
78
78
78
78
79
79
79
79
79
78
78
78
77
77
77
75
74
72
72
71
71
71
71
71
71
71
71
72
72
72
72
72
71
71
70
70
70
70
69
69
68
68
68
68
69
69
70
70
71
72
72
72
72
71
71
70
70
70
71
72
72
73
73
73
72
71
71
70
71
71
72
72
72
72
71
69
67
67
68
68
68
69
70
71
71
70
70
69
69
69
70
71
71
71
70
69
69
69
69
71
72
72
71
71
71
70
70
70
70
70
70
70
70
70
70
70
70
70
69
68
68
68
68
69
71
72
72
72
70
69
68
68
68
68
68
69
69
69
69
69
69
69
69
71
72
73
73
71
69
69
68
69
70
70
69
69
67
66
65
64
63
63
63
65
65
66
66
67
67
67
67
67
66
66
67
68
69
69
70
69
69
69
69
69
69
68
67
67
66
67
68
69
70
70
70
69
68
67
67
66
66
66
66
66
66
66
65
65
65
66
67
67
68
68
69
69
69
69
68
68
68
68
69
73
75
76
76
76
75
73
72
72
72
71
71
71
71
71
71
71
71
70
70
70
71
71
72
72
72
72
73
72
72
73
73
73
73
73
73
73
73
73
73
73
73
73
72
72
72
73
73
73
73
73
73
73
73
73
73
72
72
72
71
72
72
73
73
73
73
74
74
75
75
75
76
76
76
76
75
75
75
74
74
74
74
75
76
77
77
77
76
76
76
75
75
75
75
75
75
75
75
75
74
74
74
75
75
76
76
76
75
75
74
74
74
74
74
74
74
75
76
77
77
77
77
76
75
74
73
73
73
73
73
73
73
73
72
72
71
71
71
72
72
72
72
73
73
72
72
72
71
71
72
72
74
74
75
75
74
73
73
73
73
73
73
73
73
73
73
73
73
73
73
73
73
73
73
73
73
73
73
73
73
72
72
72
71
71
72
72
72
72
73
73
73
73
73
72
72
71
71
72
73
73
74
74
75
75
75
76
76
76
76
76
76
76
76
76
77
77
77
77
77
77
77
76
75
75
74
74
75
76
77
78
79
79
79
79
79
79
77
76
76
77
77
77
78
78
78
79
80
80
80
80
68
60
57
62
66
69
70
70
70
70
69
69
69
69
69
70
70
70
69
69
68
68
67
67
67
66
66
66
66
66
66
66
66
66
66
66
66
66
67
69
70
71
71
71
70
70
70
70
70
70
70
71
71
71
69
67
