0.529
0.523
0.519
0.514
0.509
0.503
0.497
0.492
0.487
0.478
0.471
0.476
0.535
0.607
0.696
0.79
0.869
0.879
0.815
0.727
0.618
0.503
0.403
0.371
0.359
0.36
0.37
0.377
0.378
0.374
0.369
0.365
0.362
0.359
0.355
0.351
0.356
0.364
0.374
0.385
0.396
0.401
0.411
0.421
0.431
0.44
0.446
0.443
0.44
0.436
0.433
0.429
0.413
0.396
0.377
0.356
0.334
0.321
0.301
0.283
0.268
0.255
0.243
0.241
0.238
0.235
0.233
0.231
0.229
0.227
0.223
0.22
0.218
0.216
0.213
0.211
0.208
0.205
0.204
0.203
0.201
0.198
0.196
0.193
0.191
0.19
0.187
0.185
0.183
0.18
0.177
0.176
0.174
0.173
0.176
0.181
0.189
0.197
0.204
0.208
0.212
0.213
0.214
0.212
0.207
0.198
0.184
0.17
0.158
0.149
0.14
0.136
0.133
0.129
0.127
0.126
0.124
0.123
0.12
0.114
0.111
0.119
0.136
0.166
0.264
0.36
0.445
0.509
0.546
0.502
0.392
0.278
0.18
0.1
0.035
0.042
0.055
0.064
0.071
0.074
0.075
0.072
0.072
0.072
0.072
0.075
0.08
0.086
0.099
0.114
0.129
0.142
0.156
0.165
0.174
0.183
0.189
0.193
0.194
0.193
0.189
0.186
0.184
0.18
0.174
0.167
0.149
0.13
0.108
0.086
0.066
0.056
0.046
0.039
0.034
0.028
0.025
0.025
0.024
0.025
0.026
0.025
0.024
0.024
0.023
0.023
0.023
0.022
0.021
0.021
0.021
0.022
0.023
0.021
0.019
0.019
0.018
0.02
0.021
0.021
0.019
0.019
0.018
0.019
0.02
0.021
0.034
0.047
0.059
0.072
0.085
0.085
0.08
0.074
0.066
0.055
0.041
0.033
0.025
0.02
0.017
0.015
0.014
0.014
0.014
0.014
0.014
0.012
0.01
0.009
0.026
0.056
0.097
0.149
0.21
0.265
0.306
0.324
0.318
0.287
0.232
0.168
0.102
0.054
0.019
-0.005
-0.016
-0.011
-0.011
-0.011
-0.01
-0.01
-0.011
-0.01
-0.008
-0.003
0.004
0.011
0.019
0.026
0.04
0.056
0.073
0.09
0.105
0.112
0.118
0.124
0.129
0.13
0.127
0.121
0.112
0.1
0.087
0.076
0.055
0.038
0.023
0.007
-0.009
-0.012
-0.017
-0.02
-0.022
-0.021
-0.022
-0.022
-0.022
-0.021
-0.021
-0.02
-0.022
-0.022
-0.023
-0.022
-0.02
-0.02
-0.02
-0.021
-0.021
-0.021
-0.02
-0.019
-0.02
-0.019
-0.02
-0.018
-0.017
-0.016
-0.016
-0.016
-0.017
-0.016
-0.013
-0.01
-0.006
-0
0.012
0.024
0.036
0.045
0.051
0.05
0.04
0.031
0.021
0.008
-0.005
-0.011
-0.016
-0.019
-0.019
-0.019
-0.021
-0.022
-0.022
-0.021
-0.019
-0.018
-0.019
-0.023
0.015
0.066
0.127
0.2
0.288
0.342
0.337
0.311
0.262
0.185
0.084
0.02
-0.02
-0.045
-0.055
-0.054
-0.042
-0.042
-0.043
-0.042
-0.041
-0.04
-0.04
-0.04
-0.034
-0.025
-0.014
-0.003
0.008
0.014
0.027
0.042
0.058
0.072
0.086
0.089
0.092
0.095
0.098
0.099
0.099
0.096
0.086
0.076
0.066
0.053
0.038
0.028
0.01
-0.007
-0.022
-0.036
-0.049
-0.054
-0.056
-0.057
-0.056
-0.056
-0.057
-0.057
-0.058
-0.057
-0.056
-0.054
-0.054
-0.054
-0.055
-0.055
-0.054
-0.054
-0.053
-0.053
-0.054
-0.054
-0.053
-0.052
-0.052
-0.051
-0.052
-0.052
-0.05
-0.05
-0.048
-0.043
-0.037
-0.032
-0.024
-0.016
-0.007
0.002
0.01
0.015
0.016
0.013
0
-0.012
-0.023
-0.032
-0.043
-0.045
-0.047
-0.047
-0.046
-0.045
-0.046
-0.046
-0.047
-0.048
-0.048
-0.049
-0.053
-0.049
0.036
0.111
0.2
0.299
0.392
0.391
0.314
0.238
0.141
0.028
-0.076
-0.085
-0.097
-0.097
-0.083
-0.07
-0.062
-0.063
-0.062
-0.062
-0.06
-0.058
-0.058
-0.059
-0.046
-0.035
-0.022
-0.007
0.008
0.012
0.027
0.042
0.056
0.07
0.083
0.085
0.082
0.082
0.08
0.076
0.06
0.049
0.035
0.021
0.004
-0.002
