0.093
0.095
0.095
0.093
0.088
0.082
0.077
0.07
0.056
0.04
0.021
0.002
-0.014
-0.023
-0.034
-0.044
-0.054
-0.063
-0.067
-0.067
-0.064
-0.063
-0.064
-0.065
-0.063
-0.063
-0.06
-0.059
-0.06
-0.061
-0.06
-0.06
-0.058
-0.057
-0.058
-0.058
-0.055
-0.054
-0.053
-0.053
-0.054
-0.056
-0.055
-0.054
-0.052
-0.052
-0.053
-0.054
-0.053
-0.052
-0.041
-0.03
-0.019
-0.008
0.006
0.01
0.012
0.011
0.005
-0.003
-0.011
-0.019
-0.027
-0.035
-0.043
-0.05
-0.053
-0.052
-0.05
-0.049
-0.049
-0.05
-0.05
-0.05
-0.05
-0.04
0.005
0.037
0.082
0.139
0.23
0.268
0.306
0.319
0.31
0.241
0.144
0.063
-0.004
-0.056
-0.091
-0.08
-0.07
-0.065
-0.064
-0.064
-0.062
-0.061
-0.059
-0.057
-0.055
-0.052
-0.045
-0.037
-0.019
-0
0.016
0.032
0.049
0.058
0.07
0.079
0.085
0.089
0.092
0.092
0.092
0.09
0.085
0.077
0.068
0.059
0.043
0.026
0.008
-0.01
-0.027
-0.035
-0.043
-0.049
-0.054
-0.059
-0.06
-0.059
-0.06
-0.057
-0.057
-0.058
-0.058
-0.056
-0.057
-0.055
-0.055
-0.055
-0.055
-0.052
-0.052
-0.049
-0.049
-0.051
-0.052
-0.051
-0.052
-0.051
-0.049
-0.046
-0.047
-0.045
-0.045
-0.045
-0.042
-0.035
-0.022
-0.007
0.009
0.02
0.03
0.034
0.025
0.017
0.009
-0.003
-0.016
-0.018
-0.026
-0.029
-0.033
-0.036
-0.037
-0.035
-0.036
-0.035
-0.033
-0.031
-0.032
-0.036
0.007
0.039
0.08
0.135
0.208
0.244
0.259
0.277
0.245
0.21
0.151
0.113
0.049
0.024
-0.013
-0.038
-0.049
-0.046
-0.047
-0.046
-0.046
-0.047
-0.047
-0.045
-0.04
-0.032
-0.02
-0.008
0.004
0.013
0.029
0.042
0.052
0.064
0.079
0.084
0.089
0.094
0.099
0.1
0.099
0.098
0.089
0.077
0.064
0.051
0.037
0.027
0.01
-0.008
-0.024
-0.038
-0.048
-0.052
-0.054
-0.056
-0.057
-0.058
-0.056
-0.054
-0.053
-0.054
-0.055
-0.055
