-0.037
-0.035
-0.033
-0.035
-0.038
-0.044
0.007
0.069
0.143
0.228
0.278
0.255
0.206
0.135
0.04
-0.017
-0.045
-0.058
-0.059
-0.05
-0.037
-0.037
-0.038
-0.037
-0.035
-0.037
-0.038
-0.037
-0.029
-0.018
-0.007
0.004
0.017
0.025
0.044
0.063
0.08
0.092
0.104
0.108
0.107
0.108
0.11
0.11
0.106
0.102
0.097
0.087
0.072
0.057
0.045
0.035
0.018
0.004
-0.01
-0.027
-0.041
-0.043
-0.044
-0.042
-0.042
-0.043
-0.045
-0.045
-0.046
-0.045
-0.043
-0.041
-0.041
-0.04
-0.036
-0.034
-0.037
-0.039
-0.039
-0.038
-0.039
-0.037
-0.035
-0.032
-0.034
-0.037
-0.038
-0.036
-0.032
-0.027
-0.017
-0.004
0.009
0.015
0.022
0.03
0.03
0.026
0.025
0.023
0.006
-0.005
-0.016
-0.03
-0.042
-0.04
-0.04
-0.039
-0.038
-0.04
-0.045
-0.045
-0.049
-0.056
-0.054
-0.037
-0.048
-0.04
-0.041
-0.056
-0.082
-0.076
-0.082
-0.07
-0.055
-0.045
-0.041
-0.04
-0.042
-0.041
-0.039
-0.04
-0.042
-0.04
-0.027
-0.013
0.005
0.02
0.034
0.041
0.055
0.069
0.083
0.094
0.105
0.106
0.104
0.106
0.107
0.101
0.095
0.092
0.073
0.061
0.047
0.031
0.012
0.008
-0.01
-0.025
-0.037
-0.046
-0.053
-0.051
-0.049
-0.049
-0.051
-0.052
-0.05
-0.048
-0.045
-0.045
-0.048
-0.048
-0.045
-0.044
-0.04
-0.04
-0.043
-0.043
-0.039
-0.039
-0.035
-0.034
-0.036
-0.037
-0.035
-0.035
-0.031
-0.031
-0.035
-0.036
-0.033
-0.032
-0.02
-0.008
0.002
0.014
0.029
0.034
0.037
0.034
0.024
0.015
0.008
-0.001
-0.009
-0.018
-0.03
-0.038
-0.039
-0.039
-0.036
-0.035
-0.038
-0.04
-0.038
-0.038
-0.034
-0.02
0.001
0.036
0.088
0.148
0.237
0.296
0.253
0.191
0.123
0.021
-0.059
-0.051
-0.046
-0.042
-0.045
-0.048
-0.049
-0.045
-0.042
-0.039
-0.039
-0.036
-0.029
-0.02
-0.002
0.015
0.029
0.043
0.061
0.072
0.081
0.091
0.096
0.098
