-0.051
-0.068
-0.083
-0.1
-0.114
-0.125
-0.132
-0.135
-0.135
-0.134
-0.132
-0.131
-0.129
-0.128
-0.127
-0.126
-0.124
-0.123
-0.117
-0.116
-0.114
-0.112
-0.111
-0.114
-0.112
-0.111
-0.109
-0.109
-0.108
-0.107
-0.106
-0.106
-0.104
-0.102
-0.101
-0.099
-0.098
-0.097
-0.096
-0.095
-0.094
-0.093
-0.092
-0.09
-0.088
-0.087
-0.086
-0.086
-0.081
-0.08
-0.08
-0.079
-0.078
-0.082
-0.082
-0.081
-0.08
-0.079
-0.076
-0.074
-0.073
-0.068
-0.06
-0.049
-0.034
-0.016
0.002
0.017
0.031
0.043
0.054
0.06
0.063
0.064
0.062
0.056
0.048
0.038
0.026
0.012
-0.005
-0.022
-0.036
-0.048
-0.057
-0.063
-0.066
-0.067
-0.067
-0.067
-0.066
-0.066
-0.065
-0.065
-0.065
-0.065
-0.063
-0.062
-0.061
-0.061
-0.06
-0.06
-0.06
-0.062
-0.07
-0.073
-0.054
-0.014
0.053
0.153
0.273
0.388
0.539
0.646
0.754
0.838
0.87
0.808
0.741
0.625
0.482
0.344
0.215
0.087
-0.035
-0.129
-0.184
-0.204
-0.192
-0.165
-0.142
-0.127
-0.121
-0.12
-0.118
-0.116
-0.115
-0.113
-0.111
-0.11
-0.108
-0.106
-0.114
-0.114
-0.113
-0.112
-0.11
-0.096
-0.087
-0.073
-0.056
-0.037
-0.019
-0.001
0.016
0.033
0.051
0.069
0.087
0.107
0.127
0.144
0.157
0.167
0.174
0.178
0.18
0.182
0.185
0.185
0.182
0.179
0.177
0.173
0.167
0.159
0.141
0.133
0.122
0.109
0.091
0.081
0.06
0.04
0.02
-0.001
-0.018
-0.034
-0.05
-0.067
-0.083
-0.1
-0.114
-0.124
-0.13
-0.133
-0.133
-0.132
-0.13
-0.129
-0.128
-0.126
-0.125
-0.123
-0.121
-0.12
-0.119
-0.119
-0.118
-0.117
-0.116
-0.114
-0.112
-0.111
-0.111
-0.11
-0.109
-0.108
-0.107
-0.106
-0.105
-0.104
-0.104
-0.103
-0.101
-0.099
-0.098
-0.097
-0.096
-0.095
-0.094
-0.094
-0.093
-0.093
-0.092
-0.091
-0.09
-0.088
-0.087
-0.085
-0.083
-0.083
-0.083
-0.082
-0.082
-0.082
-0.081
-0.08
-0.079
-0.076
