-0.145
-0.143
-0.142
-0.134
-0.134
-0.133
-0.132
-0.131
-0.129
-0.127
-0.125
-0.123
-0.122
-0.12
-0.119
-0.118
-0.117
-0.116
-0.115
-0.114
-0.111
-0.11
-0.109
-0.108
-0.107
-0.106
-0.105
-0.103
-0.101
-0.1
-0.099
-0.099
-0.097
-0.097
-0.096
-0.095
-0.094
-0.093
-0.092
-0.091
-0.091
-0.09
-0.089
-0.088
-0.087
-0.086
-0.085
-0.084
-0.083
-0.082
-0.081
-0.08
-0.08
-0.077
-0.06
-0.05
-0.038
-0.022
-0.005
-0.001
0.015
0.031
0.043
0.051
0.056
0.059
0.059
0.055
0.05
0.042
0.03
0.015
0.001
-0.015
-0.03
-0.043
-0.055
-0.064
-0.069
-0.072
-0.073
-0.075
-0.075
-0.075
-0.073
-0.072
-0.07
-0.069
-0.068
-0.067
-0.066
-0.065
-0.065
-0.065
-0.065
-0.065
-0.07
-0.079
-0.076
-0.051
0
0.082
0.188
0.298
0.408
0.522
0.638
0.741
0.804
0.82
0.786
0.699
0.575
0.444
0.315
0.179
0.041
-0.073
-0.143
-0.186
-0.196
-0.176
-0.149
-0.136
-0.124
-0.118
-0.116
-0.115
-0.113
-0.111
-0.11
-0.11
-0.108
-0.107
-0.106
-0.105
-0.104
-0.103
-0.103
-0.099
-0.091
-0.08
-0.066
-0.048
-0.031
-0.014
0.002
0.019
0.037
0.055
0.074
0.095
0.115
0.131
0.145
0.158
0.169
0.176
0.18
0.183
0.186
0.186
0.186
0.186
0.183
0.179
0.174
0.169
0.163
0.157
0.148
0.136
0.121
0.105
0.086
0.065
0.042
0.021
0.003
-0.014
-0.031
-0.048
-0.064
-0.081
-0.097
-0.11
-0.12
-0.126
-0.128
-0.128
-0.127
-0.125
-0.123
-0.122
-0.12
-0.117
-0.114
-0.112
-0.111
-0.11
-0.11
-0.109
-0.109
-0.108
-0.106
-0.105
-0.104
-0.103
-0.101
-0.1
-0.099
-0.099
-0.102
-0.102
-0.102
-0.101
-0.1
-0.094
-0.093
-0.093
-0.093
-0.093
-0.091
-0.09
-0.089
-0.088
-0.087
-0.086
-0.085
-0.084
-0.083
-0.082
-0.081
-0.08
-0.079
-0.077
-0.077
-0.076
-0.076
-0.075
-0.074
-0.071
-0.063
-0.054
-0.043
-0.028
-0.011
0.004
0.019
0.033
