-0.115
-0.114
-0.112
-0.112
-0.111
-0.11
-0.108
-0.107
-0.105
-0.104
-0.101
-0.1
-0.099
-0.098
-0.096
-0.096
-0.096
-0.095
-0.094
-0.093
-0.093
-0.092
-0.092
-0.092
-0.093
-0.092
-0.091
-0.089
-0.087
-0.086
-0.086
-0.086
-0.084
-0.084
-0.083
-0.082
-0.08
-0.074
-0.066
-0.054
-0.038
-0.02
-0.002
0.014
0.022
0.033
0.042
0.048
0.05
0.055
0.052
0.047
0.038
0.027
0.015
0
-0.017
-0.035
-0.049
-0.061
-0.069
-0.075
-0.078
-0.079
-0.08
-0.081
-0.08
-0.079
-0.078
-0.078
-0.077
-0.077
-0.077
-0.076
-0.076
-0.075
-0.075
-0.074
-0.073
-0.077
-0.087
-0.084
-0.057
-0.009
0.064
0.166
0.281
0.4
0.514
0.621
0.721
0.788
0.747
0.717
0.639
0.52
0.383
0.305
0.169
0.041
-0.07
-0.151
-0.2
-0.213
-0.195
-0.169
-0.149
-0.137
-0.131
-0.129
-0.128
-0.125
-0.122
-0.121
-0.12
-0.118
-0.116
-0.116
-0.115
-0.114
-0.113
-0.113
-0.11
-0.104
-0.095
-0.081
-0.062
-0.043
-0.024
-0.006
0.01
0.027
0.045
0.064
0.083
0.101
0.12
0.137
0.145
0.154
0.161
0.165
0.168
0.176
0.177
0.178
0.177
0.175
0.171
0.167
0.161
0.155
0.148
0.139
0.127
0.113
0.097
0.075
0.052
0.031
0.012
-0.009
-0.027
-0.044
-0.06
-0.077
-0.094
-0.112
-0.129
-0.139
-0.144
-0.145
-0.144
-0.139
-0.137
-0.135
-0.133
-0.132
-0.131
-0.131
-0.13
-0.13
-0.128
-0.126
-0.125
-0.123
-0.121
-0.12
-0.12
-0.118
-0.117
-0.116
-0.114
-0.113
-0.111
-0.11
-0.109
-0.109
-0.107
-0.107
-0.106
-0.105
-0.103
-0.102
-0.101
-0.099
-0.097
-0.097
-0.097
-0.096
-0.096
-0.096
-0.095
-0.094
-0.094
-0.093
-0.092
-0.09
-0.089
-0.088
-0.086
-0.085
-0.085
-0.084
-0.082
-0.077
-0.067
-0.053
-0.036
-0.018
-0.001
0.015
0.029
0.04
0.048
0.052
0.054
0.054
0.051
0.046
0.038
0.027
0.013
-0.001
-0.017
-0.032
-0.046
-0.059
-0.068
-0.075
