-0.122
-0.121
-0.119
-0.117
-0.116
-0.114
-0.113
-0.113
-0.112
-0.112
-0.112
-0.11
-0.103
-0.093
-0.08
-0.062
-0.044
-0.027
-0.01
0.008
0.025
0.043
0.062
0.082
0.103
0.122
0.138
0.151
0.162
0.17
0.175
0.178
0.18
0.182
0.183
0.183
0.182
0.178
0.174
0.168
0.161
0.154
0.146
0.135
0.12
0.103
0.084
0.063
0.042
0.021
0.002
-0.014
-0.03
-0.048
-0.073
-0.09
-0.108
-0.121
-0.131
-0.13
-0.132
-0.131
-0.13
-0.129
-0.127
-0.125
-0.124
-0.123
-0.122
-0.121
-0.12
-0.12
-0.119
-0.118
-0.116
-0.115
-0.113
-0.112
-0.112
-0.111
-0.109
-0.108
-0.106
-0.105
-0.104
-0.103
-0.102
-0.101
-0.099
-0.099
-0.098
-0.097
-0.096
-0.095
-0.093
-0.092
-0.091
-0.089
-0.088
-0.087
-0.087
-0.086
-0.086
-0.086
-0.085
-0.084
-0.082
-0.081
-0.079
-0.078
-0.077
-0.076
-0.074
-0.071
-0.065
-0.057
-0.045
-0.032
-0.014
0.005
0.021
0.035
0.047
0.055
0.06
0.062
0.062
0.06
0.056
0.048
0.038
0.025
0.011
-0.005
-0.022
-0.036
-0.047
-0.056
-0.063
-0.066
-0.068
-0.069
-0.07
-0.07
-0.068
-0.067
-0.066
-0.065
-0.055
-0.055
-0.054
-0.052
-0.051
-0.059
-0.058
-0.058
-0.062
-0.071
-0.071
-0.048
-0.002
0.068
0.167
0.285
0.404
0.517
0.624
0.725
0.797
0.822
0.796
0.723
0.607
0.469
0.328
0.194
0.064
-0.049
-0.112
-0.166
-0.182
-0.165
-0.136
-0.138
-0.124
-0.118
-0.125
-0.127
-0.126
-0.123
-0.123
-0.114
-0.113
-0.112
-0.111
-0.109
-0.108
-0.106
-0.105
-0.101
-0.095
-0.085
-0.072
-0.054
-0.035
-0.017
-0
0.015
0.032
0.051
0.071
0.09
0.11
0.129
0.145
0.158
0.168
0.174
0.178
0.181
0.184
0.185
0.185
0.185
0.183
0.179
0.176
0.17
0.164
0.156
0.146
0.135
0.121
0.103
0.082
0.061
0.041
0.021
0.002
-0.016
-0.033
-0.05
-0.071
-0.09
-0.108
-0.122
-0.14
-0.14
-0.142
-0.139
