0.003
-0.008
-0.019
-0.028
-0.034
-0.034
-0.032
-0.032
-0.033
-0.035
-0.035
-0.034
-0.035
-0.039
-0.037
-0.023
0.003
0.044
0.145
0.243
0.32
0.373
0.402
0.359
0.245
0.136
0.041
-0.036
-0.094
-0.084
-0.07
-0.06
-0.056
-0.056
-0.055
-0.053
-0.052
-0.05
-0.05
-0.05
-0.047
-0.042
-0.025
-0.009
0.007
0.023
0.04
0.047
0.061
0.073
0.08
0.087
0.094
0.094
0.094
0.092
0.087
0.081
0.075
0.068
0.054
0.038
0.019
-0
-0.017
-0.025
-0.037
-0.045
-0.054
-0.061
-0.066
-0.064
-0.065
-0.064
-0.064
-0.065
-0.064
-0.061
-0.062
-0.061
-0.062
-0.063
-0.064
-0.061
-0.061
-0.059
-0.06
-0.06
-0.059
-0.056
-0.057
-0.056
-0.057
-0.058
-0.057
-0.054
-0.055
-0.053
-0.053
-0.053
-0.053
-0.05
-0.039
-0.027
-0.016
-0.005
0.007
0.01
0.012
0.01
0.005
-0.003
-0.011
-0.02
-0.027
-0.033
-0.039
-0.045
-0.048
-0.048
-0.047
-0.046
-0.046
-0.048
-0.049
-0.049
-0.046
-0.031
-0.007
0.029
0.078
0.135
0.218
0.275
0.306
0.31
0.292
0.224
0.132
0.058
-0.001
-0.047
-0.078
-0.069
-0.064
-0.063
-0.063
-0.065
-0.065
-0.063
-0.061
-0.058
-0.054
-0.05
-0.043
-0.034
-0.017
0.001
0.016
0.031
0.046
0.055
0.067
0.077
0.083
0.086
0.089
0.088
0.086
0.083
0.078
0.069
0.06
0.051
0.035
0.019
0.002
-0.017
-0.035
-0.044
-0.052
-0.057
-0.062
-0.067
-0.069
-0.068
-0.067
-0.064
-0.063
-0.064
-0.063
-0.062
-0.061
-0.059
-0.059
-0.06
-0.06
-0.059
-0.058
-0.055
-0.054
-0.054
-0.054
-0.053
-0.052
-0.049
-0.048
-0.048
-0.049
-0.048
-0.047
-0.045
-0.044
-0.044
-0.041
-0.037
-0.023
-0.009
0.004
0.015
0.025
0.026
0.023
0.018
0.01
-0.003
-0.016
-0.024
-0.03
-0.033
-0.035
-0.037
-0.038
-0.038
-0.038
-0.036
-0.036
-0.037
-0.037
-0.037
-0.011
0.026
0.073
0.131
0.2
0.255
0.261
0.245
0.206
0.141
0.049
-0.009
-0.041
-0.06
-0.068
-0.062
-0.048
-0.046
-0.045
-0.043
-0.034
-0.028
-0.022
-0.015
-0.006
0
0.018
0.036
0.053
0.068
0.084
0.09
0.097
0.103
0.106
0.105
0.104
0.102
0.092
0.086
0.078
0.066
0.052
0.046
0.023
0.007
-0.009
-0.027
-0.044
-0.045
-0.052
-0.053
-0.053
-0.053
-0.053
-0.05
-0.051
-0.049
-0.048
-0.049
-0.051
-0.049
-0.051
-0.05
-0.049
-0.047
-0.046
-0.045
-0.045
-0.045
-0.047
-0.049
-0.049
-0.048
-0.048
-0.045
-0.044
-0.044
-0.043
-0.041
-0.04
-0.037
-0.034
-0.031
-0.027
-0.02
-0.008
0.004
0.015
0.022
0.026
0.026
0.013
0.005
-0.006
-0.019
-0.034
-0.035
-0.039
-0.04
-0.039
-0.04
-0.042
-0.042
-0.044
-0.046
-0.047
-0.05
-0.049
-0.037
0.033
0.095
0.192
0.27
0.349
0.381
0.34
0.25
0.16
0.052
-0.064
-0.09
-0.096
-0.088
-0.075
-0.065
-0.057
-0.058
-0.057
-0.057
-0.059
-0.06
-0.059
-0.057
-0.046
-0.034
-0.021
-0.006
0.011
0.021
0.039
0.053
0.064
0.074
0.085
0.087
0.089
0.089
0.087
0.084
0.082
0.078
0.067
0.052
0.035
0.017
0.001
-0.007
-0.021
-0.035
-0.048
-0.06
-0.068
-0.067
-0.064
-0.063
-0.064
-0.065
-0.064
-0.064
-0.063
-0.062
-0.063
-0.063
-0.061
-0.061
-0.059
-0.059
-0.061
-0.061
-0.059
-0.057
-0.053
-0.051
-0.051
-0.052
-0.051
-0.05
-0.049
-0.049
-0.049
-0.051
-0.05
-0.05
-0.041
-0.032
-0.023
-0.013
-0
0.005
0.009
0.013
0.012
0.009
0.005
0.001
-0.01
-0.022
-0.033
-0.042
-0.048
-0.047
-0.046
-0.045
-0.046
-0.046
-0.046
-0.045
-0.047
-0.05
-0.052
-0.043
-0.021
0.016
0.118
0.22
0.306
0.369
0.408
0.367
0.253
0.141
0.04
-0.043
-0.106
-0.094
-0.079
-0.067
-0.062
-0.06
-0.059
-0.059
-0.057
-0.055
-0.055
-0.055
-0.052
-0.048
-0.033
-0.017
-0.001
0.015
0.033
0.042
0.057
0.071
0.08
0.086
0.094
0.096
