-0.051
-0.051
-0.05
-0.05
-0.05
-0.051
-0.05
-0.051
-0.017
0.027
0.081
0.149
0.231
0.288
0.303
0.292
0.254
0.192
0.097
0.034
-0.016
-0.05
-0.071
-0.069
-0.066
-0.065
-0.066
-0.067
-0.066
-0.065
-0.059
-0.051
-0.044
-0.035
-0.023
-0.013
0.005
0.023
0.039
0.053
0.068
0.073
0.081
0.085
0.086
0.087
0.088
0.085
0.079
0.071
0.059
0.045
0.032
0.021
0.007
-0.009
-0.027
-0.044
-0.057
-0.063
-0.064
-0.065
-0.065
-0.065
-0.064
-0.064
-0.061
-0.06
-0.06
-0.06
-0.058
-0.057
-0.058
-0.057
-0.056
-0.057
-0.058
-0.056
-0.053
-0.054
-0.055
-0.056
-0.055
-0.055
-0.053
-0.051
-0.052
-0.052
-0.051
-0.052
-0.049
-0.045
-0.041
-0.036
-0.027
-0.019
-0.008
0.002
0.011
0.017
0.018
0.013
0.006
-0.006
-0.02
-0.03
-0.036
-0.039
-0.039
-0.038
-0.04
-0.041
-0.041
-0.041
-0.038
-0.037
-0.037
-0.039
-0.044
-0.046
0.011
0.079
0.158
0.252
0.354
0.396
0.336
0.279
0.194
0.084
-0.032
-0.048
-0.071
-0.078
-0.073
-0.06
-0.048
-0.046
-0.046
-0.044
-0.045
-0.046
-0.045
-0.042
-0.032
-0.02
-0.009
0.003
0.017
0.024
0.041
0.058
0.072
0.086
0.099
0.102
0.102
0.103
0.102
0.099
0.097
0.097
0.081
0.071
0.056
0.04
0.023
0.021
0
-0.014
-0.029
-0.043
-0.056
-0.053
-0.053
-0.051
-0.049
-0.046
-0.047
-0.049
-0.047
-0.046
-0.046
-0.044
-0.045
-0.044
-0.047
-0.05
-0.049
-0.045
-0.045
-0.042
-0.041
-0.042
-0.042
-0.039
-0.04
-0.038
-0.037
-0.038
-0.039
-0.038
-0.033
-0.025
-0.013
0
0.013
0.02
0.024
0.023
0.02
0.016
0.011
0.004
-0.008
-0.019
-0.029
-0.036
-0.04
-0.04
-0.039
-0.04
-0.041
-0.041
-0.039
-0.039
-0.043
-0.047
-0.041
-0.021
0.011
0.059
0.161
0.251
0.318
0.361
0.38
0.327
0.212
0.108
0.027
-0.039
-0.089
-0.075
-0.061
-0.061
-0.059
-0.059
-0.059
-0.056
