-0.075
-0.069
-0.058
-0.046
-0.032
-0.015
0.002
0.018
0.031
0.043
0.052
0.058
0.061
0.061
0.06
0.055
0.046
0.035
0.022
0.008
-0.008
-0.025
-0.04
-0.053
-0.062
-0.067
-0.069
-0.07
-0.07
-0.07
-0.069
-0.069
-0.068
-0.068
-0.067
-0.067
-0.059
-0.059
-0.058
-0.058
-0.058
-0.064
-0.064
-0.067
-0.075
-0.075
-0.052
-0.004
0.069
0.167
0.278
0.392
0.511
0.624
0.726
0.798
0.823
0.797
0.722
0.607
0.477
0.34
0.199
0.065
-0.05
-0.133
-0.184
-0.201
-0.187
-0.161
-0.14
-0.126
-0.119
-0.116
-0.114
-0.112
-0.11
-0.109
-0.107
-0.106
-0.104
-0.103
-0.1
-0.1
-0.099
-0.097
-0.095
-0.091
-0.082
-0.069
-0.054
-0.035
-0.016
0.002
0.019
0.035
0.055
0.075
0.095
0.114
0.132
0.148
0.161
0.171
0.179
0.183
0.186
0.189
0.191
0.192
0.19
0.188
0.179
0.173
0.167
0.161
0.154
0.149
0.138
0.125
0.109
0.089
0.067
0.045
0.025
0.005
-0.012
-0.03
-0.047
-0.063
-0.079
-0.095
-0.11
-0.12
-0.126
-0.128
-0.128
-0.127
-0.125
-0.124
-0.123
-0.121
-0.118
-0.117
-0.116
-0.115
-0.114
-0.114
-0.113
-0.112
-0.111
-0.11
-0.108
-0.108
-0.106
-0.105
-0.104
-0.102
-0.1
-0.099
-0.097
-0.096
-0.096
-0.096
-0.094
-0.094
-0.093
-0.092
-0.091
-0.09
-0.089
-0.088
-0.086
-0.086
-0.085
-0.085
-0.077
-0.076
-0.076
-0.074
-0.073
-0.082
-0.082
-0.082
-0.082
-0.082
-0.081
-0.08
-0.078
-0.073
-0.064
-0.052
-0.036
-0.019
-0.002
0.014
0.028
0.041
0.052
0.057
0.06
0.06
0.057
0.052
0.043
0.033
0.022
0.006
-0.01
-0.025
-0.039
-0.054
-0.064
-0.07
-0.073
-0.074
-0.075
-0.075
-0.075
-0.075
-0.075
-0.074
-0.073
-0.073
-0.072
-0.071
-0.069
-0.068
-0.066
-0.066
-0.066
-0.071
-0.081
-0.081
-0.059
-0.014
0.059
0.165
0.283
0.393
0.501
0.61
0.72
0.796
0.819
0.794
0.718
0.591
0.449
0.316
