-0.018
0.05
0.142
0.252
0.366
0.485
0.6
0.706
0.785
0.818
0.801
0.736
0.628
0.498
0.364
0.224
0.087
-0.034
-0.123
-0.18
-0.204
-0.195
-0.168
-0.146
-0.13
-0.122
-0.12
-0.119
-0.118
-0.118
-0.117
-0.117
-0.115
-0.114
-0.112
-0.111
-0.109
-0.108
-0.105
-0.103
-0.098
-0.089
-0.077
-0.064
-0.045
-0.025
-0.007
0.01
0.026
0.044
0.064
0.084
0.104
0.123
0.139
0.153
0.164
0.172
0.176
0.179
0.181
0.183
0.184
0.184
0.183
0.179
0.174
0.168
0.161
0.154
0.144
0.132
0.119
0.104
0.084
0.061
0.03
0.011
-0.008
-0.025
-0.042
-0.049
-0.067
-0.083
-0.1
-0.115
-0.126
-0.133
-0.136
-0.136
-0.135
-0.133
-0.132
-0.131
-0.129
-0.128
-0.128
-0.128
-0.127
-0.126
-0.125
-0.124
-0.131
-0.13
-0.13
-0.127
-0.126
-0.116
-0.115
-0.114
-0.115
-0.115
-0.114
-0.114
-0.113
-0.111
-0.109
-0.108
-0.107
-0.106
-0.105
-0.105
-0.104
-0.103
-0.103
-0.103
-0.103
-0.102
-0.1
-0.099
-0.097
-0.095
-0.093
-0.092
-0.091
-0.09
-0.091
-0.091
-0.091
-0.09
-0.089
-0.086
-0.081
-0.072
-0.061
-0.045
-0.028
-0.011
0.005
0.018
0.031
0.041
0.047
0.049
0.049
0.047
0.042
0.035
0.026
0.013
-0.002
-0.019
-0.035
-0.05
-0.061
-0.07
-0.076
-0.079
-0.08
-0.081
-0.081
-0.08
-0.079
-0.078
-0.078
-0.078
-0.077
-0.077
-0.076
-0.075
-0.074
-0.073
-0.073
-0.074
-0.076
-0.086
-0.091
-0.074
-0.033
0.033
0.132
0.252
0.365
0.474
0.582
0.693
0.714
0.747
0.731
0.667
0.55
0.476
0.342
0.214
0.083
-0.042
-0.138
-0.195
-0.217
-0.207
-0.178
-0.154
-0.139
-0.132
-0.13
-0.129
-0.128
-0.126
-0.124
-0.123
-0.122
-0.121
-0.119
-0.118
-0.117
-0.116
-0.11
-0.108
-0.104
-0.095
-0.081
-0.07
-0.051
-0.032
-0.014
0.004
0.022
0.041
0.059
0.077
0.097
0.118
0.134
0.146
0.156
0.164
0.169
0.174
0.177
0.18
