-0.049
-0.05
-0.048
-0.044
-0.039
-0.036
-0.025
-0.014
-0.003
0.009
0.018
0.019
0.013
0.003
-0.009
-0.02
-0.03
-0.037
-0.04
-0.044
-0.045
-0.045
-0.045
-0.046
-0.046
-0.046
-0.045
-0.043
-0.041
-0.043
-0.007
0.041
0.101
0.172
0.257
0.312
0.318
0.298
0.256
0.189
0.098
0.031
-0.014
-0.046
-0.064
-0.066
-0.054
-0.053
-0.053
-0.054
-0.053
-0.052
-0.049
-0.048
-0.043
-0.037
-0.015
0.01
0.039
0.065
0.088
0.092
0.097
0.099
0.1
0.101
0.103
0.1
0.092
0.082
0.071
0.06
0.047
0.036
0.018
-0.002
-0.019
-0.035
-0.047
-0.052
-0.055
-0.057
-0.058
-0.057
-0.055
-0.053
-0.052
-0.053
-0.053
-0.052
-0.05
-0.05
-0.049
-0.049
-0.05
-0.049
-0.047
-0.047
-0.047
-0.048
-0.048
-0.046
-0.043
-0.042
-0.041
-0.041
-0.041
-0.039
-0.037
-0.037
-0.035
-0.034
-0.031
-0.024
-0.014
-0.006
0.007
0.016
0.012
0.004
-0.004
-0.017
-0.029
-0.033
-0.034
-0.036
-0.038
-0.038
-0.036
-0.035
-0.034
-0.034
-0.034
-0.035
-0.039
-0.039
0.045
0.14
0.244
0.342
0.425
0.409
0.341
0.251
0.158
0.065
-0.021
-0.063
-0.081
-0.087
-0.079
-0.065
-0.053
-0.053
-0.052
-0.053
-0.054
-0.052
-0.05
-0.049
-0.04
-0.031
-0.02
-0.006
0.011
0.02
0.037
0.05
0.063
0.076
0.089
0.091
0.093
0.091
0.089
0.088
0.086
0.084
0.074
0.06
0.042
0.026
0.011
0.001
-0.015
-0.029
-0.043
-0.054
-0.063
-0.064
-0.062
-0.063
-0.064
-0.063
-0.062
-0.062
-0.061
-0.062
-0.064
-0.065
-0.064
-0.063
-0.062
-0.062
-0.063
-0.062
-0.061
-0.06
-0.058
-0.058
-0.058
-0.057
-0.055
-0.055
-0.056
-0.055
-0.055
-0.056
-0.056
-0.055
-0.049
-0.044
-0.037
-0.026
-0.013
-0.008
-0.001
0.004
0.007
0.007
0.007
0.003
-0.01
-0.023
-0.036
-0.046
-0.053
-0.053
-0.053
-0.054
-0.056
-0.057
-0.055
-0.053
-0.057
-0.058
-0.064
-0.065
-0.053
-0.024
