0.176
0.178
0.179
0.178
0.175
0.171
0.166
0.16
0.154
0.147
0.136
0.124
0.11
0.094
0.073
0.051
0.03
0.01
-0.009
-0.026
-0.043
-0.06
-0.076
-0.092
-0.109
-0.124
-0.133
-0.139
-0.14
-0.139
-0.138
-0.137
-0.143
-0.143
-0.142
-0.139
-0.138
-0.128
-0.127
-0.125
-0.124
-0.123
-0.122
-0.121
-0.12
-0.12
-0.119
-0.117
-0.115
-0.113
-0.112
-0.11
-0.11
-0.109
-0.109
-0.108
-0.109
-0.109
-0.107
-0.107
-0.106
-0.104
-0.102
-0.101
-0.101
-0.099
-0.103
-0.103
-0.103
-0.101
-0.099
-0.093
-0.092
-0.09
-0.09
-0.09
-0.088
-0.087
-0.087
-0.086
-0.084
-0.082
-0.077
-0.069
-0.056
-0.04
-0.024
-0.007
0.009
0.022
0.034
0.043
0.049
0.051
0.051
0.048
0.044
0.035
0.024
0.011
-0.004
-0.021
-0.037
-0.051
-0.063
-0.073
-0.079
-0.081
-0.083
-0.083
-0.082
-0.081
-0.081
-0.08
-0.078
-0.078
-0.078
-0.077
-0.077
-0.076
-0.075
-0.074
-0.073
-0.073
-0.077
-0.088
-0.047
-0.025
0.02
0.096
0.204
0.277
0.387
0.495
0.606
0.716
0.79
0.812
0.785
0.706
0.58
0.442
0.311
0.182
0.05
-0.071
-0.157
-0.205
-0.219
-0.202
-0.174
-0.152
-0.139
-0.134
-0.132
-0.13
-0.128
-0.127
-0.126
-0.124
-0.123
-0.123
-0.123
-0.122
-0.121
-0.121
-0.119
-0.116
-0.109
-0.098
-0.083
-0.066
-0.049
-0.032
-0.014
0.003
0.021
0.04
0.059
0.079
0.099
0.119
0.135
0.147
0.156
0.164
0.169
0.171
0.173
0.176
0.178
0.177
0.175
0.173
0.168
0.161
0.154
0.147
0.137
0.124
0.108
0.09
0.07
0.049
0.03
0.01
-0.011
-0.028
-0.044
-0.061
-0.079
-0.096
-0.111
-0.124
-0.133
-0.138
-0.14
-0.139
-0.138
-0.136
-0.134
-0.133
-0.132
-0.13
-0.129
-0.128
-0.127
-0.126
-0.124
-0.123
-0.122
-0.12
-0.118
-0.117
-0.116
-0.114
-0.113
-0.113
-0.112
-0.112
-0.112
-0.112
-0.11
-0.109
-0.108
-0.106
-0.104
-0.102
-0.101
-0.1
