-0.099
-0.098
-0.098
-0.096
-0.094
-0.092
-0.091
-0.089
-0.088
-0.088
-0.087
-0.085
-0.084
-0.084
-0.083
-0.082
-0.083
-0.082
-0.081
-0.078
-0.072
-0.061
-0.048
-0.033
-0.016
0.002
0.018
0.031
0.041
0.05
0.056
0.059
0.06
0.058
0.054
0.046
0.035
0.021
-0.004
-0.02
-0.038
-0.052
-0.065
-0.062
-0.069
-0.072
-0.075
-0.076
-0.076
-0.075
-0.074
-0.072
-0.071
-0.071
-0.071
-0.07
-0.069
-0.068
-0.066
-0.065
-0.062
-0.062
-0.065
-0.074
-0.072
-0.047
0.002
0.076
0.176
0.287
0.403
0.522
0.633
0.734
0.801
0.821
0.79
0.711
0.593
0.46
0.321
0.181
0.049
-0.062
-0.143
-0.192
-0.206
-0.188
-0.162
-0.141
-0.126
-0.12
-0.119
-0.117
-0.115
-0.115
-0.114
-0.113
-0.112
-0.111
-0.11
-0.108
-0.106
-0.104
-0.103
-0.099
-0.091
-0.081
-0.067
-0.05
-0.031
-0.012
0.006
0.022
0.038
0.057
0.076
0.095
0.114
0.132
0.149
0.163
0.173
0.179
0.183
0.186
0.188
0.19
0.191
0.19
0.188
0.184
0.18
0.175
0.169
0.162
0.151
0.138
0.123
0.106
0.086
0.065
0.045
0.026
0.006
-0.013
-0.031
-0.05
-0.067
-0.083
-0.1
-0.113
-0.122
-0.127
-0.129
-0.128
-0.127
-0.125
-0.131
-0.13
-0.129
-0.126
-0.125
-0.115
-0.114
-0.113
-0.111
-0.11
-0.109
-0.108
-0.107
-0.108
-0.106
-0.105
-0.104
-0.103
-0.101
-0.1
-0.099
-0.098
-0.096
-0.096
-0.095
-0.094
-0.093
-0.093
-0.093
-0.092
-0.091
-0.09
-0.088
-0.087
-0.085
-0.085
-0.084
-0.084
-0.083
-0.083
-0.082
-0.081
-0.08
-0.079
-0.077
-0.076
-0.075
-0.075
-0.074
-0.074
-0.07
-0.061
-0.047
-0.031
-0.013
0.005
0.021
0.035
0.046
0.056
0.061
0.062
0.062
0.06
0.055
0.046
0.035
0.021
0.006
-0.011
-0.027
-0.04
-0.051
-0.062
-0.069
-0.072
-0.074
-0.075
-0.074
-0.074
-0.073
-0.073
-0.072
-0.072
-0.071
-0.071
-0.07
-0.069
-0.068
-0.067
-0.066
-0.067
