-0.055
-0.052
-0.037
-0.025
-0.012
0.002
0.015
0.014
0.013
0.007
-0.008
-0.024
-0.037
-0.046
-0.052
-0.051
-0.05
-0.05
-0.051
-0.051
-0.05
-0.049
-0.034
-0.009
0.027
0.076
0.137
0.193
0.249
0.277
0.281
0.262
0.219
0.152
0.078
0.02
-0.025
-0.055
-0.069
-0.065
-0.064
-0.065
-0.066
-0.067
-0.065
-0.064
-0.061
-0.057
-0.053
-0.046
-0.035
-0.026
-0.009
0.008
0.024
0.041
0.059
0.066
0.076
0.081
0.084
0.086
0.089
0.087
0.083
0.077
0.068
0.058
0.049
0.039
0.023
0.006
-0.016
-0.038
-0.056
-0.064
-0.068
-0.067
-0.065
-0.064
-0.065
-0.065
-0.064
-0.063
-0.061
-0.06
-0.061
-0.061
-0.059
-0.057
-0.056
-0.056
-0.056
-0.056
-0.054
-0.053
-0.049
-0.048
-0.047
-0.044
-0.037
-0.031
-0.017
-0.004
0.006
0.016
0.024
0.025
0.019
0.009
-0.004
-0.018
-0.033
-0.039
-0.042
-0.043
-0.045
-0.043
-0.041
-0.041
-0.038
-0.036
-0.035
-0.035
-0.035
-0.039
-0.001
0.047
0.107
0.181
0.269
0.324
0.329
0.307
0.258
0.185
0.09
0.023
-0.019
-0.048
-0.065
-0.068
-0.056
-0.055
-0.053
-0.051
-0.05
-0.049
-0.047
-0.047
-0.041
-0.035
-0.029
-0.019
-0.006
0.003
0.023
0.045
0.064
0.08
0.094
0.096
0.098
0.096
0.094
0.095
0.095
0.093
0.088
0.079
0.067
0.052
0.038
0.026
0.01
-0.007
-0.024
-0.04
-0.053
-0.058
-0.058
-0.058
-0.059
-0.059
-0.058
-0.058
-0.058
-0.055
-0.053
-0.053
-0.053
-0.052
-0.054
-0.055
-0.057
-0.056
-0.054
-0.052
-0.052
-0.05
-0.052
-0.053
-0.052
-0.049
-0.05
-0.048
-0.048
-0.048
-0.048
-0.045
-0.041
-0.034
-0.025
-0.016
-0.006
0.002
0.011
0.016
0.005
-0.005
-0.015
-0.031
-0.044
-0.041
-0.044
-0.045
-0.046
-0.048
-0.048
-0.046
-0.047
-0.046
-0.047
-0.051
-0.056
-0.054
0.025
0.095
0.178
0.276
0.378
0.392
0.326
0.261
0.169
0.052
-0.061
-0.074
-0.093
-0.097
-0.089
-0.076
-0.066
-0.063
-0.063
-0.061
-0.061
-0.062
-0.062
-0.059
-0.048
-0.034
-0.018
0
0.019
0.028
0.041
0.053
0.064
0.075
0.085
0.087
0.086
0.083
0.081
0.078
0.076
0.072
0.058
0.04
0.023
0.006
-0.019
-0.035
-0.048
-0.059
-0.069
-0.069
-0.069
-0.07
-0.071
-0.07
-0.067
-0.066
-0.064
-0.065
-0.064
-0.063
-0.061
-0.06
-0.059
-0.061
-0.062
-0.061
-0.059
-0.059
-0.058
-0.06
-0.061
-0.061
-0.059
-0.058
-0.057
-0.057
-0.056
-0.055
-0.053
-0.053
-0.046
-0.038
-0.027
-0.014
0.001
0.008
0.011
0.01
0.007
0.003
-0.002
-0.009
-0.019
-0.03
-0.039
-0.045
-0.047
-0.046
-0.045
-0.046
-0.048
-0.048
-0.046
-0.046
-0.034
-0.035
-0.025
-0.002
0.033
0.067
0.169
0.254
0.314
0.351
0.3
0.186
0.081
-0.008
-0.083
-0.077
-0.066
-0.061
-0.06
-0.059
-0.057
-0.057
-0.054
-0.054
-0.054
-0.05
-0.043
-0.037
-0.022
-0.007
0.008
0.026
0.044
0.055
0.069
0.078
0.085
0.092
0.098
0.099
0.098
0.094
0.089
0.084
0.078
0.07
0.055
0.037
0.018
0.001
-0.014
-0.022
-0.031
-0.04
-0.048
-0.054
-0.057
-0.057
-0.055
-0.055
-0.056
-0.055
-0.053
-0.052
-0.049
-0.047
-0.047
-0.047
-0.045
-0.045
-0.043
-0.043
-0.043
-0.043
-0.041
-0.041
-0.039
-0.04
-0.042
-0.042
-0.041
-0.04
-0.036
-0.035
-0.035
-0.035
-0.033
-0.032
-0.021
-0.01
0.002
0.014
0.027
0.03
0.031
0.027
0.02
0.01
0.001
-0.008
-0.015
-0.022
-0.028
-0.033
-0.034
-0.033
-0.032
-0.031
-0.031
-0.031
-0.029
-0.029
-0.018
0.003
0.035
0.079
0.136
0.193
0.259
0.296
0.308
0.296
0.262
0.194
0.114
0.05
-0.001
-0.037
-0.058
-0.05
-0.045
-0.044
-0.046
-0.047
-0.046
-0.046
-0.043
-0.04
-0.037
-0.032
-0.023
-0.014
0.005
0.022
0.037
0.054
0.072
0.08
0.09
0.097
0.1
0.101
0.103
0.101
0.094
0.087
0.077
0.063
