0.103
0.103
0.102
0.102
0.086
0.065
0.041
0.016
-0.007
-0.017
-0.027
-0.035
-0.042
-0.049
-0.054
-0.054
-0.052
-0.049
-0.048
-0.049
-0.05
-0.05
-0.049
-0.047
-0.046
-0.048
-0.048
-0.048
-0.046
-0.043
-0.042
-0.043
-0.043
-0.043
-0.042
-0.04
-0.039
-0.041
-0.041
-0.041
-0.04
-0.038
-0.036
-0.037
-0.037
-0.034
-0.022
-0.008
0.005
0.016
0.025
0.028
0.02
0.01
0.001
-0.011
-0.025
-0.031
-0.033
-0.036
-0.04
-0.043
-0.044
-0.043
-0.042
-0.04
-0.039
-0.04
-0.03
-0.007
0.025
0.07
0.128
0.186
0.248
0.285
0.272
0.256
0.214
0.145
0.065
0.031
-0.015
-0.05
-0.072
-0.065
-0.062
-0.06
-0.058
-0.059
-0.061
-0.061
-0.06
-0.056
-0.049
-0.044
-0.037
-0.028
-0.011
0.007
0.025
0.041
0.056
0.064
0.071
0.077
0.083
0.087
0.089
0.087
0.08
0.077
0.067
0.056
0.045
0.041
0.018
0.003
-0.012
-0.029
-0.048
-0.052
-0.06
-0.067
-0.07
-0.069
-0.067
-0.066
-0.064
-0.061
-0.061
-0.064
-0.065
-0.064
-0.066
-0.065
-0.063
-0.063
-0.065
-0.064
-0.066
-0.065
-0.064
-0.064
-0.065
-0.063
-0.062
-0.06
-0.057
-0.056
-0.057
-0.056
-0.055
-0.054
-0.051
-0.049
-0.046
-0.04
-0.027
-0.012
0.001
0.012
0.018
0.018
0.007
-0.001
-0.01
-0.022
-0.037
-0.041
-0.047
-0.049
-0.049
-0.048
-0.049
-0.048
-0.047
-0.047
-0.047
-0.046
-0.05
-0.052
0.005
0.072
0.151
0.246
0.35
0.39
0.357
0.296
0.207
0.095
-0.018
-0.062
-0.081
-0.087
-0.081
-0.068
-0.056
-0.056
-0.055
-0.056
-0.057
-0.059
-0.058
-0.056
-0.046
-0.034
-0.023
-0.01
0.006
0.014
0.034
0.051
0.064
0.077
0.091
0.094
0.097
0.099
0.084
0.069
0.052
0.035
0.015
0.012
-0.002
-0.015
-0.031
-0.04
-0.051
-0.053
-0.052
-0.051
-0.051
-0.053
-0.052
-0.051
-0.049
-0.048
-0.048
-0.049
-0.048
-0.047
-0.044
-0.042
-0.042
-0.043
-0.041
-0.041
-0.042
-0.041
-0.042
-0.043
-0.043
-0.039
-0.036
-0.034
-0.035
-0.037
-0.037
-0.037
-0.032
-0.026
-0.02
-0.013
-0.002
0.006
0.017
0.026
0.03
0.031
0.031
0.026
0.012
0.001
-0.012
-0.024
-0.034
-0.032
-0.033
-0.031
-0.031
-0.031
-0.03
-0.027
-0.034
-0.035
-0.041
-0.045
-0.036
-0.008
0.075
0.171
0.272
0.361
0.428
0.421
0.339
0.233
0.116
0.011
-0.074
-0.088
-0.083
-0.067
-0.056
-0.05
-0.047
-0.046
-0.045
-0.043
-0.043
-0.045
-0.044
-0.042
-0.029
-0.013
0.001
0.015
0.031
0.04
0.056
0.071
0.084
0.092
0.1
0.1
0.101
0.102
0.1
0.095
0.092
0.087
0.075
0.062
0.045
0.026
0.008
-0
-0.014
-0.025
-0.035
-0.046
-0.055
-0.054
-0.053
-0.051
-0.051
-0.053
-0.054
-0.053
-0.052
-0.05
-0.049
-0.051
-0.053
-0.052
-0.05
-0.048
-0.047
-0.048
-0.048
-0.048
-0.047
-0.044
-0.044
-0.046
-0.048
-0.047
-0.047
-0.045
-0.044
-0.045
-0.046
-0.046
-0.039
-0.029
-0.018
-0.009
0.003
0.009
0.014
0.017
0.017
0.011
0.003
-0.005
-0.016
-0.025
-0.033
-0.042
-0.049
-0.05
-0.049
-0.047
-0.045
-0.046
-0.047
-0.047
-0.052
-0.054
-0.045
-0.027
0.002
0.05
0.154
0.247
0.315
0.356
0.374
0.318
0.203
0.104
0.021
-0.048
-0.101
-0.088
-0.078
-0.072
-0.067
-0.064
-0.063
-0.063
-0.06
-0.059
-0.059
-0.06
-0.057
-0.05
-0.035
-0.017
0.002
0.018
0.034
0.044
0.057
0.069
0.075
0.081
0.08
0.073
0.064
0.061
0.045
0.031
0.015
-0.002
-0.022
-0.032
-0.043
-0.051
-0.057
-0.063
-0.067
-0.066
-0.066
-0.063
-0.062
-0.062
-0.063
-0.062
-0.061
-0.059
-0.057
-0.057
-0.057
-0.056
-0.057
-0.054
-0.052
-0.053
-0.054
-0.052
-0.054
-0.052
-0.05
-0.051
-0.053
-0.052
-0.054
-0.052
-0.05
-0.05
-0.05
-0.048
-0.037
-0.024
-0.009
0.008
0.022
0.024
0.02
0.017
0.01
-0.002
-0.013
-0.017
-0.026
-0.031
