-0.056
-0.072
-0.09
-0.107
-0.122
-0.132
-0.14
-0.142
-0.141
-0.14
-0.139
-0.137
-0.136
-0.135
-0.133
-0.131
-0.13
-0.128
-0.127
-0.125
-0.125
-0.124
-0.122
-0.121
-0.12
-0.12
-0.118
-0.117
-0.116
-0.115
-0.113
-0.112
-0.111
-0.11
-0.107
-0.106
-0.105
-0.103
-0.103
-0.103
-0.102
-0.102
-0.101
-0.1
-0.098
-0.097
-0.095
-0.095
-0.094
-0.093
-0.093
-0.092
-0.09
-0.089
-0.089
-0.087
-0.086
-0.086
-0.085
-0.084
-0.082
-0.077
-0.07
-0.058
-0.043
-0.027
-0.01
0.006
0.022
0.034
0.043
0.049
0.053
0.053
0.051
0.048
0.041
0.031
0.018
0.004
-0.012
-0.029
-0.043
-0.056
-0.066
-0.073
-0.076
-0.077
-0.078
-0.078
-0.078
-0.077
-0.077
-0.075
-0.073
-0.072
-0.07
-0.069
-0.068
-0.069
-0.069
-0.069
-0.067
-0.069
-0.077
-0.081
-0.066
-0.029
0.037
0.135
0.247
0.357
0.468
0.581
0.695
0.781
0.818
0.806
0.743
0.629
0.496
0.365
0.235
0.099
-0.032
-0.127
-0.186
-0.211
-0.202
-0.174
-0.15
-0.135
-0.127
-0.124
-0.123
-0.12
-0.118
-0.117
-0.115
-0.114
-0.113
-0.112
-0.11
-0.109
-0.109
-0.107
-0.105
-0.1
-0.09
-0.077
-0.06
-0.042
-0.025
-0.007
0.011
0.028
0.044
0.063
0.083
0.103
0.123
0.14
0.154
0.165
0.173
0.178
0.182
0.184
0.186
0.189
0.189
0.187
0.184
0.179
0.173
0.167
0.161
0.154
0.144
0.13
0.115
0.097
0.077
0.055
0.034
0.014
-0.005
-0.022
-0.038
-0.057
-0.074
-0.09
-0.104
-0.115
-0.122
-0.125
-0.133
-0.131
-0.13
-0.129
-0.129
-0.12
-0.119
-0.118
-0.116
-0.114
-0.113
-0.111
-0.11
-0.11
-0.109
-0.108
-0.107
-0.106
-0.104
-0.103
-0.103
-0.102
-0.101
-0.1
-0.099
-0.099
-0.096
-0.096
-0.095
-0.092
-0.091
-0.092
-0.09
-0.089
-0.089
-0.089
-0.088
-0.087
-0.086
-0.086
-0.084
-0.083
-0.082
-0.08
-0.082
-0.081
-0.081
-0.08
-0.08
-0.073
-0.073
-0.072
-0.07
-0.065
