-0.009
0.007
0.023
0.042
0.062
0.071
0.081
0.085
0.088
0.093
0.097
0.097
0.095
0.087
0.078
0.07
0.063
0.054
0.038
0.019
-0
-0.017
-0.03
-0.038
-0.044
-0.051
-0.056
-0.058
-0.056
-0.055
-0.053
-0.054
-0.054
-0.054
-0.052
-0.052
-0.051
-0.053
-0.055
-0.053
-0.05
-0.047
-0.044
-0.045
-0.046
-0.045
-0.042
-0.042
-0.039
-0.042
-0.044
-0.044
-0.041
-0.041
-0.039
-0.04
-0.042
-0.041
-0.035
-0.028
-0.013
-0.002
0.009
0.02
0.031
0.032
0.029
0.02
0.007
-0.005
-0.014
-0.02
-0.025
-0.03
-0.035
-0.037
-0.036
-0.035
-0.033
-0.033
-0.035
-0.035
-0.033
-0.033
0.022
0.063
0.115
0.182
0.261
0.291
0.312
0.305
0.271
0.216
0.14
0.073
0.023
-0.017
-0.046
-0.058
-0.055
-0.054
-0.047
-0.04
-0.035
-0.026
-0.013
-0.004
0.014
0.03
0.045
0.061
0.078
0.083
0.091
0.094
0.094
0.093
0.095
0.092
0.088
0.078
0.066
0.054
0.043
0.032
0.017
-0
-0.02
-0.037
-0.05
-0.055
-0.057
-0.059
-0.062
-0.063
-0.062
-0.062
-0.058
-0.058
-0.06
-0.061
-0.059
-0.059
-0.057
-0.056
-0.059
-0.06
-0.058
-0.057
-0.054
-0.053
-0.054
-0.055
-0.054
-0.054
-0.052
-0.052
-0.055
-0.056
-0.056
-0.055
-0.052
-0.049
-0.047
-0.043
-0.035
-0.027
-0.015
-0.004
-0.004
-0.012
-0.022
-0.033
-0.043
-0.048
-0.048
-0.048
-0.051
-0.054
-0.055
-0.055
-0.052
-0.05
-0.051
-0.052
-0.054
-0.058
-0.004
0.059
0.133
0.223
0.327
0.373
0.349
0.298
0.216
0.111
-0.003
-0.054
-0.078
-0.088
-0.088
-0.077
-0.064
-0.064
-0.065
-0.064
-0.062
-0.062
-0.064
-0.061
-0.052
-0.045
-0.038
-0.025
-0.009
-0.001
0.019
0.037
0.051
0.064
0.078
0.079
0.084
0.085
0.083
0.08
0.08
0.078
0.071
0.062
0.046
0.029
-0.004
-0.026
-0.047
-0.061
-0.074
-0.07
-0.069
-0.067
-0.065
-0.067
-0.066
-0.064
-0.061
-0.063
-0.064
-0.066
