0.003
-0.016
-0.033
-0.035
-0.052
-0.069
-0.088
-0.106
-0.12
-0.129
-0.135
-0.138
-0.136
-0.135
-0.133
-0.131
-0.13
-0.129
-0.129
-0.127
-0.125
-0.124
-0.122
-0.12
-0.118
-0.117
-0.117
-0.115
-0.114
-0.112
-0.111
-0.11
-0.109
-0.109
-0.108
-0.106
-0.105
-0.104
-0.103
-0.102
-0.102
-0.101
-0.1
-0.099
-0.098
-0.098
-0.096
-0.095
-0.093
-0.091
-0.089
-0.088
-0.087
-0.087
-0.085
-0.085
-0.084
-0.082
-0.08
-0.079
-0.078
-0.076
-0.078
-0.078
-0.076
-0.071
-0.062
-0.048
-0.034
-0.017
-0.001
0.016
0.03
0.041
0.05
0.056
0.06
0.062
0.06
0.057
0.05
0.038
0.024
0.01
-0.007
-0.024
-0.04
-0.053
-0.061
-0.067
-0.071
-0.072
-0.071
-0.071
-0.072
-0.071
-0.069
-0.069
-0.068
-0.067
-0.066
-0.066
-0.065
-0.064
-0.063
-0.063
-0.062
-0.065
-0.075
-0.077
-0.002
0.042
0.113
0.21
0.321
0.376
0.494
0.608
0.713
0.788
0.817
0.795
0.725
0.613
0.483
0.349
0.21
0.073
-0.045
-0.13
-0.183
-0.204
-0.191
-0.165
-0.144
-0.129
-0.123
-0.12
-0.119
-0.117
-0.115
-0.115
-0.114
-0.113
-0.112
-0.11
-0.109
-0.107
-0.106
-0.105
-0.102
-0.096
-0.085
-0.072
-0.056
-0.038
-0.008
0.01
0.026
0.042
0.077
0.086
0.105
0.124
0.142
0.14
0.155
0.166
0.173
0.177
0.181
0.184
0.186
0.188
0.187
0.185
0.182
0.178
0.174
0.168
0.161
0.152
0.14
0.127
0.112
0.093
0.069
0.047
0.028
0.009
-0.007
-0.023
-0.041
-0.057
-0.074
-0.092
-0.105
-0.116
-0.123
-0.126
-0.125
-0.124
-0.123
-0.122
-0.12
-0.119
-0.119
-0.118
-0.117
-0.117
-0.117
-0.115
-0.114
-0.113
-0.111
-0.11
-0.108
-0.106
-0.106
-0.105
-0.103
-0.102
-0.1
-0.099
-0.098
-0.097
-0.097
-0.096
-0.095
-0.096
-0.095
-0.093
-0.092
-0.09
-0.089
-0.088
-0.088
-0.088
-0.088
-0.088
-0.087
-0.086
-0.084
-0.083
-0.082
-0.08
-0.079
-0.078
-0.077
-0.077
