0.005
0.047
0.149
0.232
0.314
0.386
0.437
0.416
0.318
0.22
0.104
-0.003
-0.096
-0.091
-0.093
-0.083
-0.069
-0.059
-0.056
-0.057
-0.056
-0.055
-0.053
-0.051
-0.05
-0.049
-0.034
-0.021
-0.005
0.011
0.026
0.03
0.047
0.061
0.075
0.088
0.097
0.096
0.095
0.094
0.093
0.092
0.088
0.083
0.067
0.053
0.039
0.024
0.006
-0
-0.017
-0.032
-0.044
-0.053
-0.063
-0.064
-0.064
-0.064
-0.065
-0.064
-0.062
-0.062
-0.061
-0.06
-0.059
-0.058
-0.06
-0.061
-0.059
-0.058
-0.057
-0.055
-0.055
-0.056
-0.055
-0.055
-0.055
-0.054
-0.051
-0.05
-0.049
-0.048
-0.048
-0.05
-0.05
-0.049
-0.04
-0.028
-0.016
-0.005
0.007
0.012
0.013
0.012
0.008
-0.001
-0.011
-0.019
-0.029
-0.036
-0.041
-0.047
-0.051
-0.051
-0.05
-0.049
-0.049
-0.05
-0.052
-0.052
-0.049
-0.034
-0.007
0.029
0.077
0.136
0.217
0.273
0.303
0.307
0.286
0.217
0.123
0.048
-0.01
-0.057
-0.089
-0.078
-0.072
-0.068
-0.064
-0.061
-0.058
-0.054
-0.048
-0.041
-0.025
-0.007
0.011
0.028
0.044
0.054
0.064
0.073
0.08
0.083
0.084
0.084
0.081
0.078
0.073
0.065
0.054
0.045
0.024
0.008
-0.008
-0.025
-0.043
-0.047
-0.057
-0.062
-0.065
-0.068
-0.07
-0.069
-0.069
-0.067
-0.066
-0.066
-0.067
-0.067
-0.067
-0.065
-0.063
-0.061
-0.061
-0.06
-0.061
-0.06
-0.059
-0.059
-0.06
-0.059
-0.059
-0.058
-0.057
-0.056
-0.056
-0.055
-0.054
-0.052
-0.051
-0.049
-0.047
-0.042
-0.029
-0.015
-0.001
0.01
0.018
0.019
0.014
0.009
0.002
-0.009
-0.022
-0.03
-0.037
-0.041
-0.042
-0.042
-0.044
-0.043
-0.043
-0.042
-0.041
-0.041
-0.042
-0.042
-0.018
0.02
0.069
0.129
0.199
0.257
0.289
0.298
0.281
0.238
0.167
0.098
0.036
-0.008
-0.04
-0.057
-0.062
-0.059
-0.059
-0.056
-0.055
-0.054
-0.054
-0.053
-0.049
-0.043
-0.034
-0.025
-0.017
-0.008
0.008
0.027
0.045
0.062
0.078
0.084
0.09
0.096
0.1
0.102
0.102
0.1
0.093
0.087
0.079
0.068
0.054
0.042
0.024
0.007
-0.009
-0.025
-0.04
-0.047
-0.053
-0.055
-0.055
-0.054
-0.053
-0.052
-0.052
-0.051
-0.05
-0.048
-0.049
-0.047
-0.048
-0.047
-0.046
-0.046
-0.047
-0.047
-0.048
-0.048
-0.046
-0.045
-0.045
-0.044
-0.044
-0.043
-0.042
-0.04
-0.04
-0.04
-0.041
-0.04
-0.036
-0.031
-0.025
-0.017
-0.005
0.005
0.016
0.023
0.027
0.025
0.014
0.003
-0.008
-0.02
-0.032
-0.036
-0.041
-0.042
-0.041
-0.04
-0.04
-0.039
-0.04
-0.04
-0.04
-0.039
-0.041
-0.047
-0.002
0.057
0.128
0.211
0.308
0.361
0.319
0.277
0.213
0.124
0.01
-0.023
-0.057
-0.075
-0.08
-0.069
-0.054
-0.054
-0.056
-0.057
-0.051
-0.042
-0.031
-0.018
0.012
0.032
0.051
0.068
0.083
0.082
0.085
0.086
0.088
0.089
0.087
0.082
0.069
0.059
0.048
0.036
0.022
0.014
-0.007
-0.024
-0.039
-0.052
-0.064
-0.065
-0.066
-0.067
-0.066
-0.065
-0.065
-0.067
-0.066
-0.067
-0.066
-0.065
-0.063
-0.065
-0.063
-0.063
-0.062
-0.06
-0.059
-0.06
-0.059
-0.061
-0.061
-0.06
-0.059
-0.061
-0.06
-0.06
-0.054
-0.049
-0.039
-0.029
-0.02
-0.017
-0.006
-0.001
0.005
0.01
0.011
0.007
-0.006
-0.02
-0.032
-0.043
-0.052
-0.054
-0.052
-0.052
-0.052
-0.05
-0.049
-0.05
-0.052
-0.053
-0.055
-0.059
-0.058
-0.046
0.047
0.151
0.252
0.336
0.397
0.36
0.247
0.134
0.038
-0.044
-0.109
-0.101
-0.087
-0.075
-0.066
-0.062
-0.062
-0.061
-0.061
-0.06
-0.058
-0.058
-0.057
-0.052
-0.039
-0.022
-0.005
0.012
0.028
0.038
0.052
0.065
0.077
0.085
0.091
0.093
0.093
0.093
0.091
0.087
0.081
0.076
0.06
0.045
0.029
0.011
-0.008
-0.017
-0.03
-0.04
-0.047
-0.054
-0.06
-0.059
-0.058
-0.057
-0.056
-0.056
-0.057
-0.057
-0.057
-0.055
