0.229
0.16
0.091
0.024
-0.035
-0.078
-0.104
-0.112
-0.105
-0.091
-0.081
-0.073
-0.069
-0.068
-0.068
-0.068
-0.068
-0.068
-0.067
-0.067
-0.066
-0.065
-0.065
-0.064
-0.064
-0.064
-0.063
-0.061
-0.057
-0.05
-0.04
-0.027
-0.017
-0.007
0.002
0.011
0.019
0.028
0.042
0.053
0.062
0.071
0.078
0.079
0.082
0.084
0.085
0.086
0.086
0.086
0.086
0.084
0.082
0.08
0.077
0.074
0.071
0.066
0.061
0.054
0.046
0.037
0.026
0.016
0.006
-0.005
-0.015
-0.023
-0.031
-0.04
-0.048
-0.057
-0.064
-0.069
-0.072
-0.072
-0.07
-0.068
-0.067
-0.065
-0.065
-0.066
-0.066
-0.067
-0.067
-0.067
-0.065
-0.064
-0.062
-0.061
-0.059
-0.059
-0.06
-0.061
-0.061
-0.061
-0.061
-0.058
-0.057
-0.055
-0.055
-0.055
-0.056
-0.056
-0.056
-0.055
-0.054
-0.052
-0.05
-0.049
-0.049
-0.049
-0.049
-0.049
-0.049
-0.048
-0.047
-0.046
-0.046
-0.045
-0.045
-0.045
-0.045
-0.045
-0.044
-0.044
-0.043
-0.042
-0.041
-0.038
-0.034
-0.027
-0.017
-0.008
0.001
0.011
0.019
0.022
0.027
0.03
0.03
0.03
0.03
0.028
0.025
0.02
0.014
0.007
-0.002
-0.01
-0.018
-0.025
-0.031
-0.034
-0.036
-0.036
-0.036
-0.036
-0.035
-0.035
-0.035
-0.035
-0.034
-0.032
-0.031
-0.03
-0.03
-0.03
-0.03
-0.03
-0.03
-0.033
-0.038
-0.04
-0.03
-0.008
0.028
0.079
0.137
0.195
0.253
0.309
0.362
0.401
0.414
0.403
0.367
0.309
0.243
0.176
0.109
0.041
-0.019
-0.064
-0.091
-0.1
-0.094
-0.08
-0.069
-0.062
-0.059
-0.058
-0.057
-0.056
-0.055
-0.054
-0.053
-0.052
-0.052
-0.052
-0.051
-0.05
-0.05
-0.049
-0.048
-0.045
-0.04
-0.034
-0.025
-0.015
-0.006
0.003
0.012
0.021
0.029
0.039
0.051
0.061
0.072
0.081
0.087
0.092
0.095
0.097
0.099
0.1
0.1
0.1
0.1
0.099
0.098
0.096
0.093
0.09
0.087
0.082
0.076
0.069
0.06
0.05
