0.097
0.194
0.291
0.394
0.502
0.509
0.515
0.524
0.535
0.545
0.556
0.564
0.57
0.574
0.574
0.572
0.568
0.562
0.553
0.541
0.514
0.497
0.478
0.458
0.436
0.429
0.412
0.398
0.387
0.378
0.373
0.368
0.363
0.358
0.355
0.351
0.348
0.345
0.342
0.338
0.334
0.33
0.327
0.323
0.32
0.317
0.312
0.3
0.293
0.305
0.34
0.4
0.488
0.593
0.7
0.805
0.909
1.01
1.086
1.116
1.098
1.032
0.922
0.789
0.657
0.526
0.395
0.274
0.182
0.122
0.096
0.101
0.125
0.144
0.156
0.161
0.161
0.16
0.158
0.156
0.154
0.153
0.151
0.149
0.148
0.147
0.146
0.145
0.144
0.143
0.146
0.152
0.162
0.175
0.19
0.205
0.221
0.235
0.25
0.265
0.281
0.297
0.313
0.329
0.343
0.354
0.363
0.369
0.372
0.373
0.367
0.367
0.366
0.363
0.36
0.361
0.356
0.349
0.341
0.332
0.322
0.31
0.294
0.277
0.257
0.235
0.214
0.193
0.172
0.153
0.135
0.118
0.1
0.082
0.064
0.048
0.037
0.029
0.025
0.024
0.025
0.024
0.024
0.024
0.023
0.022
0.022
0.022
0.022
0.021
0.022
0.022
0.022
0.022
0.022
0.021
0.022
0.022
0.022
0.022
0.022
0.021
0.021
0.02
0.021
0.02
0.021
0.021
0.021
0.021
0.021
0.021
0.02
0.02
0.02
0.019
0.019
0.02
0.02
0.02
0.02
0.02
0.019
0.019
0.019
0.019
0.019
0.019
0.024
0.021
0.017
0.025
0.045
0.058
0.087
0.112
0.126
0.134
0.144
0.141
0.129
0.112
0.085
0.054
0.03
0.021
0.019
0.02
0.016
0.009
0.008
0.008
0.013
0.017
0.014
0.009
0.097
0.202
0.331
0.488
0.67
0.769
0.742
0.667
0.538
0.358
0.141
0.028
-0.029
-0.061
-0.072
-0.062
-0.037
-0.037
-0.031
-0.027
-0.028
-0.034
-0.035
-0.035
-0.018
0.003
0.02
0.037
0.061
0.076
0.112
0.148
0.176
0.198
0.222
0.228
0.237
0.244
0.243
0.236
0.232
0.225
0.211
0.195
0.169
0.135
0.103
0.083
0.054
0.027
-0.004
-0.037
-0.063
-0.069
-0.067
-0.061
-0.061
-0.066
-0.068
-0.067
-0.063
-0.058
-0.059
-0.064
-0.065
-0.065
-0.061
-0.055
-0.056
-0.06
-0.062
-0.062
-0.058
-0.052
-0.052
-0.057
-0.06
-0.06
-0.056
-0.05
-0.05
-0.055
-0.057
-0.058
-0.051
-0.038
-0.004
0.022
0.039
0.052
0.068
0.061
0.041
0.023
-0.001
-0.029
-0.052
-0.056
-0.056
-0.051
-0.051
-0.057
-0.06
-0.059
-0.067
-0.075
-0.076
-0.059
-0.025
0.036
0.177
0.33
0.475
0.62
0.754
0.792
0.687
0.538
0.336
0.109
-0.09
-0.151
-0.168
-0.156
-0.13
-0.112
-0.101
-0.1
-0.097
-0.09
-0.088
-0.092
-0.095
-0.093
-0.074
-0.047
-0.021
0.002
0.028
0.045
0.074
0.108
0.136
0.155
0.171
0.179
0.174
0.18
0.18
0.172
0.162
0.164
0.127
0.107
0.079
0.045
0.008
0.005
-0.031
-0.053
-0.075
-0.1
-0.123
-0.115
-0.113
-0.107
-0.104
-0.106
-0.11
-0.109
-0.106
-0.1
-0.096
-0.1
-0.103
-0.103
-0.107
-0.101
-0.098
-0.101
-0.105
-0.098
-0.102
-0.095
-0.091
-0.094
-0.098
-0.091
-0.096
-0.09
-0.086
-0.089
-0.093
-0.086
-0.074
-0.054
-0.034
-0.017
0.001
0.014
0.018
0.02
0.02
0.016
0.002
-0.013
-0.024
-0.034
-0.058
-0.077
-0.048
-0.042
-0.011
0.059
0.253
0.41
0.588
0.715
0.791
0.715
0.493
0.277
0.086
-0.078
-0.211
-0.185
-0.164
-0.136
-0.117
-0.111
-0.114
-0.109
-0.113
-0.114
-0.105
-0.092
-0.078
-0.062
-0.028
0.002
0.022
0.038
0.061
0.076
0.101
0.124
0.148
0.171
0.178
0.169
0.162
0.154
0.139
0.123
0.096
0.061
0.023
-0.012
-0.04
-0.057
-0.07
-0.085
-0.101
-0.109
-0.108
-0.106
-0.1
-0.101
-0.105
-0.107
-0.101
-0.1
-0.094
-0.094
-0.098
-0.099
-0.094
-0.093
-0.087
-0.087
-0.092
-0.093
-0.088
-0.087
-0.081
-0.081
-0.086
-0.088
-0.083
-0.082
-0.075
-0.075
-0.054
-0.038
-0.016
0.012
0.048
0.053
0.05
0.038
0.018
-0.005
-0.024
-0.038
-0.047
-0.058
-0.07
-0.077
-0.074
-0.073
-0.068
-0.067
-0.072
-0.075
-0.071
-0.07
-0.027
0.033
0.109
0.209
0.337
0.446
0.531
0.564
0.544
0.479
0.372
0.243
0.121
0.024
-0.051
-0.1
-0.116
-0.108
-0.101
-0.1
-0.103
-0.106
-0.102
-0.101
-0.09
-0.082
-0.075
-0.063
-0.042
-0.024
0.015
0.048
0.075
0.103
0.136
0.147
0.166
0.177
0.179
0.179
0.183
0.179
0.175
0.162
0.141
0.117
0.096
0.075
0.033
0.002
-0.036
-0.071
-0.1
-0.1
-0.105
-0.11
-0.117
-0.122
-0.12
-0.124
-0.125
-0.12
-0.114
-0.113
-0.114
-0.112
-0.115
-0.118
-0.116
-0.108
-0.109
-0.106
-0.109
-0.112
-0.11
-0.102
-0.095
-0.092
-0.096
-0.101
-0.099
-0.098
-0.091
-0.087
-0.087
-0.084
-0.072
-0.058
-0.028
-0.002
0.013
0.024
0.037
0.035
0.026
0.01
-0.016
-0.045
-0.068
-0.079
-0.08
-0.081
-0.077
-0.083
-0.091
-0.096
-0.093
-0.101
-0.014
0.092
0.215
0.36
0.54
0.644
0.634
0.575
0.462
0.299
0.094
-0.026
-0.091
-0.132
-0.153
-0.15
-0.124
-0.123
-0.116
-0.112
-0.113
-0.117
-0.116
-0.115
-0.098
-0.078
-0.062
-0.046
-0.022
-0.005
0.032
0.068
0.097
0.12
0.146
0.154
0.165
0.174
0.173
0.168
0.165
0.159
0.147
0.132
0.108
0.076
0.046
0.027
-0.001
-0.028
-0.06
-0.093
-0.118
-0.125
-0.123
-0.118
-0.119
-0.123
-0.123
-0.122
-0.116
-0.11
-0.111
-0.115
-0.115
-0.115
-0.109
-0.103
-0.104
-0.108
-0.108
-0.107
-0.102
-0.096
-0.097
-0.101
-0.103
-0.102
-0.097
-0.09
-0.09
-0.094
-0.095
-0.095
-0.094
-0.093
-0.091
-0.09
-0.085
-0.077
-0.053
-0.039
-0.023
-0.006
0.01
0.011
0.023
0.033
0.039
0.042
0.043
0.042
0.038
0.031
0.022
0.01
-0.003
-0.019
-0.035
-0.049
