-0.01
0.006
0.021
0.033
0.042
0.048
0.051
0.052
0.051
0.048
0.041
0.03
0.017
0.002
-0.013
-0.029
-0.044
-0.058
-0.068
-0.075
-0.079
-0.081
-0.082
-0.082
-0.081
-0.081
-0.08
-0.08
-0.079
-0.078
-0.078
-0.077
-0.077
-0.076
-0.075
-0.074
-0.073
-0.075
-0.065
-0.071
-0.058
-0.019
0.048
0.123
0.232
0.341
0.511
0.627
0.738
0.824
0.863
0.793
0.731
0.623
0.492
0.361
0.228
0.089
-0.04
-0.133
-0.191
-0.217
-0.211
-0.183
-0.16
-0.146
-0.139
-0.137
-0.135
-0.134
-0.133
-0.132
-0.13
-0.129
-0.129
-0.128
-0.127
-0.125
-0.125
-0.123
-0.115
-0.11
-0.101
-0.088
-0.072
-0.06
-0.041
-0.022
-0.005
0.011
0.029
0.048
0.068
0.089
0.108
0.126
0.14
0.152
0.161
0.166
0.169
0.171
0.173
0.173
0.173
0.172
0.169
0.165
0.159
0.153
0.142
0.134
0.121
0.108
0.092
0.078
0.057
0.036
0.015
-0.005
-0.022
-0.038
-0.055
-0.073
-0.089
-0.106
-0.12
-0.132
-0.138
-0.141
-0.14
-0.139
-0.138
-0.137
-0.137
-0.136
-0.133
-0.132
-0.131
-0.13
-0.131
-0.131
-0.129
-0.128
-0.126
-0.123
-0.122
-0.121
-0.119
-0.117
-0.115
-0.114
-0.113
-0.113
-0.111
-0.11
-0.109
-0.107
-0.106
-0.105
-0.105
-0.104
-0.103
-0.103
-0.103
-0.102
-0.1
-0.098
-0.097
-0.095
-0.094
-0.094
-0.093
-0.093
-0.101
-0.101
-0.101
-0.1
-0.1
-0.09
-0.088
-0.086
-0.085
-0.08
-0.073
-0.062
-0.048
-0.031
-0.012
0.004
0.018
0.03
0.041
0.049
0.052
0.053
0.053
0.048
0.041
0.031
0.02
0.005
-0.011
-0.028
-0.042
-0.055
-0.065
-0.072
-0.076
-0.078
-0.078
-0.078
-0.078
-0.078
-0.078
-0.077
-0.077
-0.076
-0.073
-0.072
-0.072
-0.071
-0.069
-0.068
-0.068
-0.07
-0.077
-0.082
-0.066
-0.028
0.034
0.125
0.242
0.36
0.506
0.614
0.721
0.81
0.852
0.805
0.746
0.64
0.5
0.359
0.228
0.1
-0.022
-0.12
-0.184
-0.212
