-0.058
-0.057
-0.057
-0.058
-0.057
-0.055
-0.048
-0.04
-0.032
-0.024
-0.013
-0.007
-0.001
0.007
0.011
0.011
0.01
0.007
-0.007
-0.018
-0.031
-0.042
-0.051
-0.049
-0.05
-0.049
-0.049
-0.05
-0.05
-0.047
-0.053
-0.054
-0.059
-0.058
-0.045
-0.012
0.09
0.192
0.274
0.331
0.36
0.298
0.187
0.093
0.007
-0.06
-0.108
-0.094
-0.086
-0.071
-0.06
-0.054
-0.052
-0.05
-0.051
-0.05
-0.05
-0.052
-0.051
-0.045
-0.031
-0.015
0.001
0.016
0.033
0.042
0.057
0.073
0.084
0.092
0.099
0.102
0.1
0.098
0.097
0.093
0.085
0.078
0.062
0.043
0.025
0.009
-0.006
-0.015
-0.026
-0.036
-0.045
-0.049
-0.051
-0.049
-0.048
-0.049
-0.048
-0.047
-0.045
-0.045
-0.044
-0.045
-0.046
-0.044
-0.041
-0.039
-0.038
-0.039
-0.04
-0.039
-0.038
-0.037
-0.037
-0.037
-0.038
-0.037
-0.034
-0.033
-0.031
-0.032
-0.033
-0.033
-0.031
-0.029
-0.017
-0.006
0.007
0.02
0.033
0.036
0.035
0.029
0.022
0.015
0.005
-0.003
-0.011
-0.021
-0.028
-0.032
-0.032
-0.032
-0.031
-0.032
-0.033
-0.033
-0.03
-0.029
-0.018
0.003
0.036
0.081
0.139
0.196
0.258
0.294
0.305
0.293
0.257
0.189
0.115
0.049
-0.001
-0.035
-0.055
-0.054
-0.05
-0.05
-0.051
-0.051
-0.05
-0.049
-0.048
-0.046
-0.042
-0.035
-0.024
-0.014
0.008
0.024
0.039
0.056
0.073
0.076
0.086
0.091
0.094
0.097
0.099
0.097
0.091
0.084
0.075
0.067
0.059
0.052
0.031
0.013
-0.007
-0.025
-0.041
-0.046
-0.052
-0.058
-0.063
-0.064
-0.062
-0.062
-0.06
-0.059
-0.06
-0.061
-0.059
-0.059
-0.057
-0.057
-0.058
-0.058
-0.056
-0.056
-0.056
-0.056
-0.058
-0.059
-0.058
-0.057
-0.054
-0.053
-0.053
-0.054
-0.052
-0.053
-0.052
-0.052
-0.052
-0.05
-0.044
-0.038
-0.025
-0.013
-0.003
0.006
0.015
0.015
0.011
0.002
-0.009
-0.022
-0.032
-0.039
-0.043
-0.047
-0.05
-0.052
