0.145
0.158
0.167
0.173
0.187
0.189
0.192
0.195
0.195
0.183
0.18
0.176
0.17
0.164
0.159
0.152
0.141
0.127
0.113
0.095
0.074
0.051
0.031
0.011
-0.007
-0.024
-0.041
-0.058
-0.075
-0.092
-0.107
-0.12
-0.129
-0.133
-0.134
-0.133
-0.132
-0.131
-0.128
-0.126
-0.124
-0.121
-0.119
-0.118
-0.116
-0.114
-0.112
-0.112
-0.11
-0.11
-0.109
-0.109
-0.108
-0.107
-0.106
-0.105
-0.1
-0.1
-0.1
-0.099
-0.097
-0.099
-0.097
-0.096
-0.094
-0.094
-0.093
-0.092
-0.091
-0.09
-0.089
-0.087
-0.085
-0.084
-0.083
-0.082
-0.081
-0.08
-0.079
-0.078
-0.077
-0.077
-0.076
-0.075
-0.075
-0.074
-0.073
-0.071
-0.065
-0.056
-0.042
-0.025
-0.007
0.01
0.026
0.039
0.051
0.059
0.054
0.055
0.055
0.052
0.045
0.046
0.035
0.022
0.006
-0.011
-0.027
-0.04
-0.051
-0.059
-0.064
-0.066
-0.067
-0.068
-0.068
-0.068
-0.067
-0.066
-0.064
-0.063
-0.063
-0.062
-0.061
-0.06
-0.059
-0.058
-0.057
-0.057
-0.064
-0.073
-0.065
-0.035
0.019
0.104
0.219
0.338
0.448
0.556
0.666
0.765
0.82
0.824
0.78
0.686
0.551
0.412
0.281
0.154
0.026
-0.085
-0.159
-0.195
-0.197
-0.173
-0.146
-0.127
-0.116
-0.113
-0.113
-0.112
-0.111
-0.111
-0.11
-0.11
-0.109
-0.108
-0.107
-0.105
-0.105
-0.105
-0.105
-0.101
-0.094
-0.082
-0.064
-0.044
-0.026
-0.009
0.009
0.027
0.045
0.063
0.082
0.101
0.121
0.14
0.154
0.165
0.173
0.18
0.179
0.182
0.184
0.186
0.186
0.191
0.188
0.184
0.179
0.173
0.165
0.158
0.148
0.134
0.117
0.098
0.077
0.057
0.037
0.017
-0.004
-0.022
-0.038
-0.055
-0.073
-0.091
-0.106
-0.118
-0.126
-0.13
-0.13
-0.129
-0.127
-0.126
-0.125
-0.124
-0.124
-0.122
-0.12
-0.119
-0.118
-0.116
-0.116
-0.116
-0.114
-0.114
-0.113
-0.112
-0.111
-0.11
-0.11
-0.109
-0.107
-0.106
-0.105
-0.104
-0.103
-0.102
