-0.092
-0.092
-0.091
-0.09
-0.089
-0.087
-0.086
-0.085
-0.079
-0.078
-0.077
-0.076
-0.075
-0.079
-0.078
-0.078
-0.078
-0.078
-0.077
-0.075
-0.074
-0.072
-0.066
-0.057
-0.044
-0.027
-0.009
0.007
0.022
0.035
0.045
0.053
0.058
0.06
0.059
0.058
0.052
0.044
0.033
0.02
0.003
-0.013
-0.037
-0.051
-0.063
-0.071
-0.076
-0.07
-0.071
-0.071
-0.071
-0.071
-0.07
-0.069
-0.069
-0.068
-0.066
-0.065
-0.064
-0.064
-0.064
-0.065
-0.065
-0.065
-0.07
-0.081
-0.08
-0.056
-0.009
0.07
0.181
0.299
0.409
0.519
0.631
0.741
0.811
0.829
0.798
0.714
0.583
0.444
0.312
0.183
0.049
-0.071
-0.154
-0.199
-0.212
-0.194
-0.166
-0.145
-0.133
-0.129
-0.119
-0.119
-0.118
-0.116
-0.115
-0.122
-0.12
-0.119
-0.117
-0.115
-0.113
-0.112
-0.111
-0.109
-0.102
-0.091
-0.077
-0.059
-0.041
-0.023
-0.006
0.011
0.029
0.047
0.065
0.084
0.105
0.124
0.139
0.15
0.16
0.167
0.17
0.173
0.176
0.177
0.177
0.175
0.173
0.169
0.164
0.158
0.153
0.147
0.139
0.127
0.103
0.084
0.063
0.043
0.023
0.011
-0.009
-0.025
-0.041
-0.058
-0.075
-0.092
-0.108
-0.121
-0.132
-0.139
-0.142
-0.142
-0.14
-0.139
-0.138
-0.136
-0.134
-0.133
-0.132
-0.13
-0.132
-0.131
-0.13
-0.129
-0.128
-0.124
-0.123
-0.122
-0.12
-0.119
-0.117
-0.116
-0.115
-0.115
-0.114
-0.113
-0.112
-0.11
-0.109
-0.108
-0.108
-0.108
-0.107
-0.107
-0.105
-0.104
-0.102
-0.101
-0.1
-0.099
-0.098
-0.097
-0.096
-0.095
-0.093
-0.093
-0.092
-0.091
-0.09
-0.089
-0.089
-0.088
-0.087
-0.085
-0.078
-0.067
-0.054
-0.039
-0.021
-0.003
0.012
0.024
0.035
0.044
0.05
0.052
0.053
0.051
0.045
0.036
0.024
0.01
-0.005
-0.021
-0.036
-0.051
-0.063
-0.07
-0.067
-0.072
-0.073
-0.073
-0.074
-0.081
-0.08
-0.079
-0.079
-0.079
-0.077
-0.077
-0.077
-0.076
-0.075
-0.073
