-0.106
-0.105
-0.103
-0.102
-0.101
-0.1
-0.102
-0.101
-0.1
-0.098
-0.097
-0.093
-0.093
-0.092
-0.092
-0.092
-0.091
-0.09
-0.088
-0.087
-0.085
-0.083
-0.083
-0.083
-0.082
-0.082
-0.082
-0.082
-0.081
-0.077
-0.07
-0.059
-0.044
-0.028
-0.01
0.007
0.02
0.032
0.041
0.048
0.053
0.056
0.054
0.05
0.043
0.032
0.019
0.005
-0.009
-0.027
-0.044
-0.057
-0.068
-0.076
-0.08
-0.082
-0.082
-0.082
-0.082
-0.081
-0.081
-0.08
-0.078
-0.078
-0.077
-0.076
-0.075
-0.075
-0.075
-0.075
-0.077
-0.078
-0.086
-0.091
-0.077
-0.035
0.03
0.119
0.228
0.34
0.457
0.574
0.681
0.766
0.806
0.797
0.736
0.631
0.502
0.369
0.23
0.092
-0.031
-0.123
-0.185
-0.213
-0.207
-0.181
-0.158
-0.141
-0.126
-0.124
-0.123
-0.122
-0.121
-0.126
-0.125
-0.125
-0.124
-0.123
-0.121
-0.121
-0.119
-0.119
-0.117
-0.112
-0.104
-0.091
-0.075
-0.056
-0.037
-0.017
-0.001
0.015
0.032
0.052
0.072
0.091
0.109
0.127
0.141
0.153
0.161
0.166
0.169
0.171
0.173
0.174
0.174
0.172
0.169
0.165
0.16
0.153
0.147
0.139
0.127
0.114
0.099
0.08
0.058
0.036
0.016
-0.003
-0.021
-0.038
-0.055
-0.073
-0.09
-0.107
-0.121
-0.133
-0.14
-0.143
-0.137
-0.136
-0.135
-0.133
-0.132
-0.136
-0.135
-0.133
-0.14
-0.139
-0.138
-0.137
-0.136
-0.128
-0.127
-0.126
-0.125
-0.124
-0.122
-0.12
-0.119
-0.117
-0.116
-0.114
-0.113
-0.112
-0.11
-0.108
-0.107
-0.105
-0.098
-0.097
-0.097
-0.096
-0.095
-0.1
-0.1
-0.099
-0.098
-0.096
-0.095
-0.094
-0.094
-0.094
-0.094
-0.093
-0.092
-0.09
-0.089
-0.087
-0.086
-0.085
-0.084
-0.08
-0.073
-0.063
-0.048
-0.03
-0.013
0.002
0.017
0.03
0.041
0.048
0.053
0.054
0.053
0.049
0.042
0.032
0.02
0.005
-0.011
-0.029
-0.044
-0.056
-0.066
-0.073
-0.076
-0.078
-0.078
-0.078
-0.077
-0.076
-0.074
-0.073
