0.755
0.806
0.807
0.758
0.657
0.524
0.392
0.262
0.13
-0.005
-0.112
-0.18
-0.213
-0.214
-0.189
-0.163
-0.146
-0.136
-0.133
-0.133
-0.13
-0.128
-0.126
-0.124
-0.122
-0.121
-0.121
-0.121
-0.12
-0.119
-0.118
-0.116
-0.111
-0.103
-0.091
-0.075
-0.058
-0.041
-0.023
-0.005
0.012
0.029
0.048
0.068
0.088
0.109
0.128
0.143
0.154
0.163
0.169
0.173
0.176
0.178
0.179
0.179
0.177
0.175
0.171
0.166
0.159
0.153
0.146
0.136
0.123
0.108
0.09
0.068
0.047
0.026
0.004
-0.015
-0.031
-0.047
-0.066
-0.083
-0.1
-0.114
-0.126
-0.134
-0.139
-0.139
-0.138
-0.137
-0.136
-0.135
-0.135
-0.134
-0.125
-0.124
-0.123
-0.121
-0.12
-0.126
-0.124
-0.122
-0.121
-0.12
-0.118
-0.117
-0.115
-0.115
-0.113
-0.112
-0.112
-0.112
-0.111
-0.111
-0.11
-0.109
-0.108
-0.107
-0.106
-0.104
-0.103
-0.102
-0.102
-0.102
-0.094
-0.092
-0.091
-0.09
-0.088
-0.095
-0.095
-0.094
-0.093
-0.093
-0.092
-0.092
-0.092
-0.092
-0.091
-0.09
-0.087
-0.079
-0.067
-0.054
-0.037
-0.019
-0.001
0.013
0.025
0.036
0.044
0.048
0.049
0.048
0.045
0.038
0.029
0.017
0.005
-0.01
-0.027
-0.044
-0.057
-0.068
-0.075
-0.08
-0.081
-0.082
-0.083
-0.082
-0.081
-0.08
-0.079
-0.078
-0.078
-0.077
-0.075
-0.074
-0.074
-0.074
-0.073
-0.073
-0.075
-0.082
-0.089
-0.08
-0.047
0.01
0.14
0.248
0.366
0.486
0.599
0.657
0.749
0.801
0.801
0.752
0.658
0.529
0.389
0.249
0.117
-0.007
-0.107
-0.177
-0.212
-0.213
-0.19
-0.165
-0.147
-0.136
-0.133
-0.132
-0.13
-0.129
-0.128
-0.126
-0.131
-0.13
-0.129
-0.127
-0.125
-0.117
-0.116
-0.115
-0.109
-0.1
-0.089
-0.073
-0.055
-0.037
-0.019
-0.002
0.015
0.033
0.054
0.073
0.09
0.109
0.127
0.143
0.155
0.164
0.171
0.175
0.177
0.18
0.182
0.182
0.181
0.178
0.173
0.168
0.161
0.154
