-0.047
-0.045
-0.04
-0.035
-0.028
-0.02
-0.013
-0.009
0.013
0.029
0.046
0.063
0.08
0.081
0.09
0.095
0.1
0.103
0.106
0.101
0.095
0.086
0.059
0.032
0.003
-0.024
-0.049
-0.053
-0.054
-0.054
-0.051
-0.048
-0.049
-0.05
-0.049
-0.049
-0.051
-0.051
-0.05
-0.048
-0.047
-0.045
-0.044
-0.045
-0.046
-0.046
-0.046
-0.045
-0.044
-0.045
-0.045
-0.044
-0.044
-0.042
-0.04
-0.04
-0.041
-0.041
-0.04
-0.037
-0.032
-0.026
-0.018
-0.009
0.001
0.012
0.02
0.024
0.025
0.022
0.01
-0.002
-0.013
-0.026
-0.04
-0.042
-0.043
-0.043
-0.041
-0.042
-0.043
-0.043
-0.043
-0.043
-0.042
-0.046
-0.051
-0.047
0.016
0.091
0.18
0.281
0.377
0.404
0.354
0.28
0.182
0.065
-0.045
-0.081
-0.096
-0.096
-0.083
-0.069
-0.061
-0.06
-0.06
-0.06
-0.059
-0.059
-0.059
-0.058
-0.049
-0.037
-0.023
-0.009
0.006
0.014
0.03
0.046
0.061
0.073
0.083
0.085
0.085
0.086
0.086
0.085
0.08
0.077
0.066
0.053
0.04
0.024
0.006
-0.004
-0.022
-0.037
-0.05
-0.062
-0.073
-0.073
-0.073
-0.071
-0.068
-0.066
-0.065
-0.064
-0.064
-0.064
-0.063
-0.063
-0.064
-0.064
-0.064
-0.064
-0.063
-0.062
-0.061
-0.06
-0.06
-0.059
-0.058
-0.057
-0.058
-0.057
-0.057
-0.056
-0.055
-0.054
-0.055
-0.055
-0.05
-0.042
-0.027
-0.012
0.001
0.006
0.007
0.002
-0.011
-0.021
-0.03
-0.038
-0.046
-0.046
-0.048
-0.049
-0.048
-0.048
-0.048
-0.046
-0.046
-0.048
-0.051
-0.047
-0.034
-0.006
0.082
0.185
0.284
0.362
0.412
0.39
0.291
0.175
0.068
-0.023
-0.097
-0.101
-0.09
-0.076
-0.064
-0.058
-0.056
-0.055
-0.055
-0.054
-0.052
-0.051
-0.049
-0.046
-0.034
-0.019
-0.002
0.015
0.031
0.04
0.054
0.067
0.079
0.089
0.095
0.096
0.095
0.093
0.078
0.063
0.044
0.024
0.001
-0.009
-0.023
-0.035
-0.044
-0.051
-0.057
-0.056
-0.056
-0.056
-0.055
-0.054
-0.054
-0.053
-0.053
-0.052
-0.049
-0.048
-0.047
-0.046
-0.046
-0.046
-0.044
-0.043
-0.043
-0.043
-0.044
-0.045
-0.044
-0.043
-0.043
-0.043
-0.043
-0.043
-0.041
-0.04
-0.04
-0.039
-0.031
-0.021
-0.008
0.005
0.019
0.025
0.027
0.028
0.027
0.023
0.016
0.008
-0.005
-0.016
-0.023
-0.029
-0.034
-0.033
-0.034
-0.034
-0.033
-0.032
-0.033
-0.033
-0.038
-0.035
-0.02
0.005
0.042
0.095
0.193
0.272
0.328
0.358
0.362
0.298
0.187
0.094
0.02
-0.038
-0.082
-0.07
-0.06
-0.055
-0.052
-0.049
-0.048
-0.05
-0.048
-0.047
-0.045
-0.041
-0.035
-0.031
-0.011
0.006
0.024
0.041
0.058
0.061
0.073
0.082
0.091
0.098
0.102
0.099
0.095
0.092
0.088
0.083
0.076
0.069
0.048
0.03
0.013
-0.004
-0.022
-0.029
-0.038
-0.047
-0.052
-0.055
-0.057
-0.058
-0.057
-0.057
-0.056
-0.054
-0.053
-0.055
-0.054
-0.054
-0.053
-0.052
-0.051
-0.051
-0.051
-0.051
-0.05
-0.049
-0.049
-0.05
-0.05
-0.05
-0.049
-0.048
-0.048
-0.049
-0.051
-0.051
-0.038
-0.025
-0.011
0.004
0.017
0.016
0.012
0.004
-0.007
-0.02
-0.032
-0.039
-0.044
-0.046
-0.047
-0.048
-0.049
-0.047
-0.047
-0.047
-0.047
-0.049
-0.051
-0.052
-0.014
0.035
0.093
0.163
0.248
0.305
0.313
0.297
0.254
0.183
0.088
0.02
-0.025
-0.055
-0.072
-0.077
-0.069
-0.068
-0.067
-0.065
-0.064
-0.065
-0.065
-0.065
-0.06
-0.053
-0.043
-0.034
-0.023
-0.013
0.006
0.024
0.04
0.055
0.069
0.075
0.081
0.086
0.078
0.071
0.059
0.044
0.028
0.022
0.005
-0.011
-0.027
-0.043
-0.058
-0.063
-0.066
-0.066
-0.065
-0.065
-0.065
-0.063
-0.062
-0.06
-0.058
-0.058
-0.058
-0.057
-0.056
-0.054
-0.054
-0.055
-0.056
-0.056
-0.057
-0.057
-0.055
-0.054
-0.053
-0.051
-0.05
-0.049
-0.049
-0.049
-0.045
-0.04
-0.034
-0.028
-0.021
-0.015
-0.004
0.007
0.015
0.021
