0.033
0.025
0.005
-0.013
-0.03
-0.042
-0.053
-0.054
-0.054
-0.054
-0.054
-0.052
-0.051
-0.053
-0.05
-0.051
-0.051
-0.05
-0.047
-0.049
-0.048
-0.049
-0.05
-0.05
-0.048
-0.049
-0.047
-0.048
-0.048
-0.047
-0.046
-0.047
-0.046
-0.047
-0.047
-0.046
-0.044
-0.044
-0.041
-0.037
-0.031
-0.023
-0.012
-0.005
0.006
0.013
0.019
0.023
0.026
0.02
0.008
-0.007
-0.02
-0.031
-0.04
-0.042
-0.043
-0.045
-0.046
-0.045
-0.044
-0.043
-0.044
-0.046
-0.05
-0.054
0.015
0.098
0.194
0.3
0.399
0.408
0.341
0.246
0.129
0.018
-0.076
-0.099
-0.103
-0.093
-0.08
-0.069
-0.061
-0.06
-0.06
-0.062
-0.062
-0.062
-0.06
-0.059
-0.047
-0.036
-0.023
-0.008
0.009
0.017
0.034
0.049
0.062
0.075
0.087
0.088
0.089
0.087
0.085
0.084
0.082
0.078
0.065
0.05
0.034
0.018
0.003
-0.006
-0.02
-0.035
-0.048
-0.058
-0.065
-0.066
-0.064
-0.064
-0.066
-0.066
-0.064
-0.064
-0.063
-0.063
-0.063
-0.061
-0.059
-0.059
-0.057
-0.057
-0.059
-0.059
-0.057
-0.057
-0.056
-0.057
-0.058
-0.058
-0.057
-0.057
-0.055
-0.055
-0.056
-0.056
-0.053
-0.052
-0.042
-0.028
-0.015
-0.002
0.011
0.016
0.017
0.015
0.003
-0.009
-0.023
-0.034
-0.044
-0.045
-0.044
-0.044
-0.044
-0.045
-0.043
-0.043
-0.044
-0.049
-0.049
-0.037
-0.012
0.025
0.123
0.223
0.306
0.365
0.4
0.36
0.248
0.135
0.038
-0.041
-0.101
-0.092
-0.076
-0.066
-0.06
-0.057
-0.055
-0.054
-0.053
-0.053
-0.053
-0.052
-0.048
-0.042
-0.028
-0.013
0.001
0.016
0.032
0.042
0.058
0.071
0.081
0.09
0.098
0.098
0.096
0.094
0.089
0.084
0.079
0.075
0.056
0.04
0.021
0.003
-0.013
-0.017
-0.029
-0.04
-0.05
-0.057
-0.062
-0.059
-0.057
-0.055
-0.055
-0.055
-0.054
-0.053
-0.052
-0.051
-0.052
-0.052
-0.051
-0.049
-0.048
-0.047
-0.047
-0.048
-0.046
-0.044
-0.044
-0.043
-0.044
-0.044
-0.043
-0.042
-0.042
-0.039
-0.037
-0.037
-0.035
-0.03
-0.02
-0.011
-0.001
0.011
0.023
0.026
0.024
0.022
0.016
0.008
-0.001
-0.004
-0.015
-0.023
-0.031
-0.037
-0.04
-0.039
-0.039
-0.037
0.01
0.044
0.09
0.148
0.216
0.246
0.28
0.29
0.277
0.239
0.176
0.109
0.044
-0.005
-0.039
-0.058
-0.063
-0.059
-0.059
-0.059
-0.058
-0.057
-0.056
-0.055
-0.055
-0.052
-0.044
-0.035
-0.025
-0.015
0.001
0.017
0.035
0.053
0.07
0.077
0.082
0.087
0.091
0.093
0.095
0.093
0.085
0.076
0.067
0.059
0.048
0.038
0.02
0.001
-0.016
-0.032
-0.045
-0.053
-0.059
-0.064
-0.065
-0.065
-0.063
-0.062
-0.062
-0.063
-0.063
-0.062
-0.06
-0.059
-0.057
-0.058
-0.059
-0.058
-0.057
-0.059
-0.059
-0.059
-0.059
-0.057
-0.054
-0.054
-0.053
-0.053
-0.053
-0.052
-0.051
-0.052
-0.048
-0.049
-0.046
-0.04
-0.032
-0.029
-0.014
-0.005
0.003
0.012
0.019
0.015
0.005
-0.007
-0.019
-0.03
-0.041
-0.044
-0.046
-0.049
-0.05
-0.049
-0.048
-0.05
-0.048
-0.049
-0.05
-0.048
-0.048
-0.054
0.017
0.075
0.145
0.23
0.329
0.354
0.337
0.294
0.226
0.137
0.026
-0.033
-0.066
-0.086
-0.091
-0.081
-0.065
-0.064
-0.063
-0.064
-0.064
-0.063
-0.061
-0.06
-0.053
-0.045
-0.036
-0.024
-0.01
-0.002
0.015
0.031
0.047
0.063
0.078
0.082
0.085
0.086
0.087
0.088
0.089
0.086
0.076
0.063
0.049
0.035
0.021
0.011
-0.005
-0.022
-0.037
-0.051
-0.061
-0.064
-0.065
-0.066
-0.066
-0.066
-0.064
-0.064
-0.062
-0.062
-0.062
-0.06
-0.058
-0.057
-0.056
-0.056
-0.056
-0.056
-0.054
-0.054
-0.054
-0.055
-0.055
-0.054
-0.051
-0.05
-0.047
-0.048
-0.049
-0.048
-0.046
-0.046
-0.043
-0.037
-0.031
-0.022
-0.011
-0.003
0.007
0.013
0.017
0.02
0.021
0.016
0.005
-0.008
-0.021
-0.032
-0.04
-0.041
-0.041
-0.041
-0.041
-0.043
