-0.123
-0.121
-0.12
-0.118
-0.117
-0.116
-0.116
-0.115
-0.11
-0.101
-0.088
-0.07
-0.051
-0.033
-0.015
0.003
0.022
0.039
0.057
0.076
0.107
0.127
0.144
0.159
0.171
0.17
0.175
0.179
0.182
0.183
0.184
0.182
0.179
0.175
0.171
0.166
0.162
0.156
0.149
0.138
0.124
0.106
0.087
0.066
0.045
0.024
0.004
-0.014
-0.03
-0.046
-0.065
-0.083
-0.1
-0.113
-0.123
-0.13
-0.133
-0.133
-0.132
-0.13
-0.128
-0.126
-0.124
-0.123
-0.121
-0.12
-0.118
-0.117
-0.116
-0.115
-0.114
-0.114
-0.114
-0.113
-0.111
-0.11
-0.108
-0.107
-0.106
-0.105
-0.104
-0.103
-0.102
-0.1
-0.098
-0.097
-0.096
-0.094
-0.093
-0.092
-0.092
-0.091
-0.09
-0.089
-0.089
-0.088
-0.088
-0.087
-0.091
-0.088
-0.087
-0.085
-0.083
-0.076
-0.074
-0.073
-0.071
-0.07
-0.069
-0.068
-0.065
-0.058
-0.047
-0.033
-0.003
0.015
0.033
0.048
0.06
0.055
0.062
0.065
0.065
0.062
0.059
0.052
0.041
0.029
0.016
0
-0.018
-0.035
-0.048
-0.059
-0.066
-0.069
-0.07
-0.072
-0.072
-0.072
-0.072
-0.071
-0.07
-0.069
-0.062
-0.061
-0.06
-0.058
-0.058
-0.063
-0.063
-0.063
-0.066
-0.074
-0.078
-0.06
-0.018
0.047
0.14
0.251
0.368
0.487
0.599
0.703
0.783
0.818
0.802
0.739
0.632
0.502
0.366
0.226
0.092
-0.026
-0.115
-0.175
-0.2
-0.191
-0.164
-0.142
-0.127
-0.12
-0.117
-0.117
-0.115
-0.114
-0.113
-0.112
-0.111
-0.109
-0.108
-0.106
-0.105
-0.104
-0.103
-0.101
-0.096
-0.087
-0.076
-0.06
-0.04
-0.021
-0.003
0.013
0.03
0.048
0.068
0.087
0.107
0.125
0.141
0.156
0.167
0.172
0.178
0.181
0.183
0.185
0.186
0.186
0.184
0.182
0.179
0.174
0.169
0.162
0.153
0.142
0.128
0.111
0.092
0.069
0.047
0.027
0.008
-0.01
-0.027
-0.044
-0.059
-0.076
-0.094
-0.109
-0.119
-0.126
-0.129
-0.13
-0.13
-0.13
-0.13
-0.128
