-0.056
-0.056
-0.056
-0.055
-0.054
-0.054
-0.054
-0.054
-0.054
-0.052
-0.052
-0.052
-0.053
-0.053
-0.053
-0.052
-0.048
-0.043
-0.032
-0.019
-0.006
0.006
0.015
0.016
0.01
0.003
-0.004
-0.014
-0.027
-0.034
-0.041
-0.048
-0.051
-0.049
-0.05
-0.049
-0.046
-0.046
-0.047
-0.047
-0.027
0.005
0.05
0.106
0.174
0.231
0.269
0.281
0.269
0.233
0.171
0.103
0.041
-0.008
-0.043
-0.064
-0.071
-0.07
-0.071
-0.071
-0.069
-0.068
-0.07
-0.069
-0.067
-0.063
-0.056
-0.047
-0.036
-0.026
-0.009
0.008
0.025
0.043
0.06
0.066
0.073
0.077
0.081
0.084
0.085
0.082
0.076
0.068
0.06
0.051
0.04
0.029
0.011
-0.006
-0.023
-0.038
-0.054
-0.06
-0.066
-0.07
-0.072
-0.071
-0.07
-0.071
-0.069
-0.068
-0.068
-0.068
-0.067
-0.066
-0.066
-0.065
-0.063
-0.062
-0.062
-0.063
-0.061
-0.062
-0.061
-0.06
-0.058
-0.059
-0.056
-0.051
-0.045
-0.038
-0.028
-0.018
-0.008
-0.001
0.007
0.012
0.015
0.014
0.003
-0.008
-0.02
-0.033
-0.046
-0.049
-0.05
-0.052
-0.052
-0.05
-0.048
-0.049
-0.047
-0.047
-0.047
-0.045
-0.045
-0.05
0.018
0.072
0.139
0.22
0.316
0.344
0.311
0.276
0.216
0.134
0.027
-0.009
-0.044
-0.068
-0.078
-0.073
-0.059
-0.06
-0.058
-0.06
-0.059
-0.058
-0.056
-0.057
-0.044
-0.031
-0.018
-0.004
0.014
0.024
0.04
0.056
0.072
0.085
0.094
0.096
0.096
0.097
0.097
0.096
0.093
0.09
0.078
0.065
0.052
0.035
0.017
0.008
-0.009
-0.024
-0.035
-0.046
-0.057
-0.056
-0.056
-0.055
-0.054
-0.054
-0.055
-0.054
-0.055
-0.054
-0.052
-0.051
-0.052
-0.051
-0.051
-0.05
-0.049
-0.048
-0.048
-0.047
-0.046
-0.045
-0.043
-0.042
-0.043
-0.043
-0.043
-0.043
-0.041
-0.04
-0.041
-0.04
-0.035
-0.027
-0.018
-0.008
0.002
0.009
0.017
0.022
0.014
0.005
-0.006
-0.021
-0.035
-0.035
-0.036
-0.035
-0.033
-0.032
