-0.014
-0.006
0.004
0.01
0.012
0.013
0.013
0.007
-0.005
-0.017
-0.03
-0.042
-0.049
-0.048
-0.047
-0.046
-0.046
-0.046
-0.044
-0.043
-0.041
-0.044
-0.05
-0.05
-0.037
-0.014
0.071
0.168
0.268
0.351
0.413
0.399
0.292
0.179
0.064
-0.034
-0.113
-0.1
-0.091
-0.077
-0.067
-0.061
-0.058
-0.056
-0.056
-0.055
-0.056
-0.054
-0.051
-0.046
-0.031
-0.016
-0.003
0.013
0.03
0.039
0.055
0.069
0.081
0.091
0.101
0.102
0.1
0.1
0.095
0.092
0.089
0.087
0.069
0.054
0.036
0.017
0.001
-0.002
-0.014
-0.025
-0.036
-0.046
-0.052
-0.052
-0.05
-0.048
-0.049
-0.05
-0.049
-0.048
-0.047
-0.045
-0.046
-0.048
-0.048
-0.047
-0.045
-0.043
-0.043
-0.045
-0.044
-0.044
-0.043
-0.042
-0.043
-0.044
-0.044
-0.043
-0.04
-0.037
-0.037
-0.037
-0.036
-0.037
-0.027
-0.017
-0.007
0.005
0.019
0.024
0.029
0.031
0.027
0.02
0.014
0.007
-0.003
-0.012
-0.021
-0.031
-0.038
-0.038
-0.036
-0.034
-0.036
-0.036
-0.026
-0.005
0.031
0.082
0.185
0.27
0.329
0.362
0.372
0.312
0.201
0.106
0.026
-0.04
-0.088
-0.075
-0.063
-0.055
-0.052
-0.052
-0.051
-0.049
-0.048
-0.046
-0.047
-0.046
-0.043
-0.037
-0.021
-0.004
0.013
0.029
0.046
0.056
0.07
0.081
0.088
0.093
0.097
0.097
0.097
0.096
0.091
0.084
0.076
0.068
0.052
0.036
0.018
-0.001
-0.019
-0.028
-0.038
-0.046
-0.053
-0.059
-0.063
-0.063
-0.062
-0.06
-0.06
-0.063
-0.064
-0.063
-0.062
-0.06
-0.059
-0.06
-0.061
-0.061
-0.06
-0.058
-0.058
-0.059
-0.059
-0.059
-0.059
-0.057
-0.056
-0.058
-0.058
-0.057
-0.055
-0.053
-0.051
-0.053
-0.053
-0.052
-0.04
-0.026
-0.012
-0.001
0.011
0.014
0.013
0.01
0.004
-0.006
-0.018
-0.027
-0.034
-0.039
-0.044
-0.049
-0.053
-0.053
-0.055
-0.055
-0.052
-0.05
-0.05
-0.05
-0.017
0.005
0.036
0.078
0.137
0.173
0.209
0.249
0.262
0.248
0.209
0.17
0.093
0.031
-0.016
-0.052
-0.074
-0.071
-0.07
-0.068
-0.067
-0.068
-0.069
-0.066
-0.062
-0.057
-0.051
-0.045
-0.039
-0.033
-0.014
0.006
0.028
0.05
0.069
0.074
0.079
0.084
0.084
0.083
0.084
0.084
0.075
0.071
0.065
0.056
0.044
0.039
0.016
0
-0.016
-0.034
-0.052
-0.056
-0.064
-0.067
-0.069
-0.071
-0.072
-0.071
-0.071
-0.068
-0.066
-0.063
-0.063
-0.064
-0.065
-0.063
-0.063
-0.059
-0.057
-0.055
-0.056
-0.055
-0.056
-0.057
-0.056
-0.055
-0.054
-0.054
-0.052
-0.05
-0.047
-0.04
-0.03
-0.021
-0.007
0.003
0.01
0.015
0.021
0.019
0.01
-0.002
-0.016
-0.029
-0.039
-0.042
-0.042
-0.042
-0.044
-0.045
-0.044
-0.043
-0.04
-0.04
-0.04
-0.042
-0.045
-0.046
0.011
0.078
0.156
0.25
0.353
0.394
0.361
0.302
0.216
0.105
-0.007
-0.052
-0.073
-0.083
-0.08
-0.069
-0.06
-0.059
-0.056
-0.054
-0.043
-0.032
-0.022
-0.009
0.007
0.016
0.034
0.051
0.065
0.078
0.092
0.096
0.1
0.101
0.1
0.097
0.096
0.093
0.085
0.074
0.059
0.043
0.027
0.017
-0.001
-0.015
-0.031
-0.044
-0.055
-0.053
-0.053
-0.052
-0.053
-0.053
-0.052
-0.049
-0.048
-0.047
-0.046
-0.047
-0.048
-0.047
-0.048
-0.049
-0.049
-0.049
-0.048
-0.045
-0.045
-0.044
-0.045
-0.046
-0.046
-0.043
-0.043
-0.041
-0.043
-0.044
-0.043
-0.04
-0.034
-0.027
-0.021
-0.013
-0.002
0.006
0.012
0.019
0.021
0.021
0.02
0.019
0.008
-0.002
-0.015
-0.027
-0.036
-0.037
-0.036
-0.035
-0.036
-0.037
-0.036
-0.036
-0.034
-0.034
-0.04
-0.045
-0.038
-0.02
0.06
0.154
0.254
0.343
0.41
0.403
0.322
0.216
0.114
0.021
-0.058
-0.07
-0.064
-0.064
-0.063
-0.062
-0.062
-0.064
-0.064
-0.061
-0.049
-0.034
-0.019
-0.005
0.012
0.023
0.04
0.056
0.069
0.077
0.086
0.087
0.087
0.087
0.084
0.079
