0.005
0.021
0.04
0.061
0.081
0.1
0.119
0.136
0.15
0.161
0.169
0.174
0.178
0.181
0.182
0.183
0.182
0.18
0.176
0.172
0.166
0.159
0.153
0.144
0.132
0.118
0.103
0.084
0.062
0.042
0.023
0.004
-0.014
-0.029
-0.045
-0.061
-0.077
-0.095
-0.107
-0.118
-0.126
-0.127
-0.126
-0.129
-0.127
-0.125
-0.124
-0.123
-0.121
-0.12
-0.119
-0.118
-0.117
-0.116
-0.115
-0.113
-0.111
-0.108
-0.106
-0.105
-0.104
-0.103
-0.103
-0.102
-0.101
-0.1
-0.099
-0.098
-0.096
-0.095
-0.095
-0.094
-0.085
-0.084
-0.082
-0.08
-0.078
-0.087
-0.086
-0.086
-0.085
-0.084
-0.083
-0.082
-0.081
-0.081
-0.08
-0.079
-0.079
-0.078
-0.076
-0.076
-0.075
-0.074
-0.071
-0.066
-0.057
-0.045
-0.029
-0.012
0.004
0.02
0.044
0.057
0.066
0.072
0.075
0.063
0.061
0.057
0.049
0.04
0.029
0.014
-0.002
-0.019
-0.034
-0.046
-0.057
-0.065
-0.068
-0.069
-0.07
-0.07
-0.07
-0.069
-0.069
-0.069
-0.068
-0.067
-0.066
-0.065
-0.064
-0.063
-0.063
-0.063
-0.061
-0.063
-0.072
-0.074
-0.054
-0.014
0.053
0.154
0.272
0.382
0.491
0.602
0.714
0.797
0.829
0.811
0.742
0.623
0.482
0.348
0.219
0.087
-0.039
-0.133
-0.188
-0.209
-0.197
-0.168
-0.144
-0.129
-0.125
-0.123
-0.122
-0.12
-0.118
-0.114
-0.113
-0.112
-0.112
-0.112
-0.111
-0.11
-0.109
-0.107
-0.105
-0.099
-0.089
-0.075
-0.058
-0.04
-0.022
-0.005
0.013
0.031
0.048
0.068
0.087
0.108
0.128
0.144
0.159
0.169
0.176
0.181
0.184
0.185
0.186
0.188
0.188
0.186
0.182
0.178
0.172
0.165
0.159
0.152
0.141
0.126
0.109
0.089
0.068
0.048
0.028
0.007
-0.01
-0.027
-0.043
-0.062
-0.08
-0.097
-0.11
-0.12
-0.127
-0.129
-0.128
-0.127
-0.126
-0.125
-0.123
-0.123
-0.122
-0.121
-0.12
-0.119
-0.118
-0.117
-0.115
-0.114
-0.113
-0.112
-0.112
-0.11
-0.108
-0.107
