-0.086
-0.074
-0.068
-0.066
-0.066
-0.065
-0.065
-0.063
-0.061
-0.061
-0.059
-0.052
-0.038
-0.023
-0.007
0.009
0.025
0.035
0.05
0.064
0.074
0.082
0.088
0.091
0.087
0.086
0.082
0.076
0.07
0.069
0.055
0.041
0.024
0.005
-0.013
-0.022
-0.033
-0.042
-0.05
-0.059
-0.065
-0.065
-0.064
-0.062
-0.061
-0.062
-0.062
-0.062
-0.061
-0.059
-0.058
-0.058
-0.058
-0.057
-0.056
-0.053
-0.05
-0.05
-0.052
-0.053
-0.052
-0.052
-0.05
-0.048
-0.048
-0.049
-0.049
-0.047
-0.036
-0.023
-0.01
0.001
0.013
0.019
0.021
0.022
0.019
0.011
0.002
-0.007
-0.017
-0.023
-0.029
-0.035
-0.04
-0.04
-0.039
-0.037
-0.036
-0.037
-0.038
-0.038
-0.04
-0.029
-0.007
0.024
0.067
0.126
0.215
0.28
0.319
0.331
0.319
0.252
0.153
0.073
0.009
-0.04
-0.077
-0.065
-0.057
-0.052
-0.05
-0.049
-0.049
-0.049
-0.048
-0.045
-0.041
-0.038
-0.033
-0.025
-0.01
0.008
0.026
0.043
0.059
0.069
0.08
0.089
0.097
0.1
0.101
0.101
0.098
0.096
0.091
0.084
0.074
0.064
0.047
0.031
0.015
-0.002
-0.02
-0.028
-0.039
-0.045
-0.05
-0.055
-0.059
-0.058
-0.058
-0.055
-0.052
-0.052
-0.053
-0.052
-0.053
-0.052
-0.05
-0.05
-0.05
-0.049
-0.049
-0.048
-0.046
-0.046
-0.046
-0.045
-0.045
-0.045
-0.044
-0.043
-0.041
-0.041
-0.04
-0.038
-0.037
-0.039
-0.039
-0.035
-0.023
-0.009
0.005
0.017
0.026
0.027
0.022
0.017
0.01
-0
-0.014
-0.022
-0.029
-0.034
-0.036
-0.037
-0.039
-0.04
-0.04
-0.039
-0.037
-0.037
-0.038
-0.039
0.003
0.035
0.079
0.133
0.196
0.228
0.243
0.261
0.256
0.225
0.166
0.124
0.059
0.009
-0.026
-0.049
-0.06
-0.061
-0.061
-0.063
-0.063
-0.061
-0.058
-0.057
-0.049
-0.041
-0.034
-0.028
-0.021
-0.018
0.001
0.018
0.036
0.053
0.067
0.069
0.075
0.081
0.086
0.089
0.089
0.087
0.078
0.072
