-0.117
-0.116
-0.114
-0.113
-0.112
-0.111
-0.11
-0.109
-0.109
-0.108
-0.107
-0.106
-0.105
-0.104
-0.102
-0.1
-0.1
-0.099
-0.106
-0.106
-0.106
-0.105
-0.103
-0.094
-0.093
-0.092
-0.092
-0.091
-0.09
-0.089
-0.087
-0.086
-0.084
-0.083
-0.081
-0.076
-0.066
-0.054
-0.039
-0.022
-0.004
0.012
0.026
0.037
0.045
0.051
0.054
0.054
0.053
0.049
0.041
0.031
0.018
0.003
-0.012
-0.029
-0.045
-0.058
-0.067
-0.073
-0.076
-0.076
-0.076
-0.076
-0.076
-0.075
-0.074
-0.074
-0.074
-0.073
-0.071
-0.071
-0.07
-0.069
-0.069
-0.069
-0.069
-0.072
-0.08
-0.08
-0.058
-0.01
0.1
0.198
0.308
0.421
0.572
0.647
0.75
0.821
0.846
0.785
0.71
0.596
0.466
0.331
0.192
0.055
-0.061
-0.144
-0.194
-0.211
-0.196
-0.169
-0.148
-0.134
-0.126
-0.124
-0.121
-0.12
-0.119
-0.118
-0.118
-0.117
-0.116
-0.114
-0.113
-0.11
-0.109
-0.109
-0.106
-0.099
-0.089
-0.077
-0.06
-0.042
-0.023
-0.004
0.012
0.029
0.065
0.085
0.105
0.125
0.144
0.142
0.155
0.165
0.172
0.177
0.18
0.182
0.185
0.186
0.186
0.184
0.181
0.176
0.171
0.165
0.158
0.148
0.137
0.122
0.106
0.085
0.063
0.041
0.021
0.003
-0.014
-0.03
-0.047
-0.064
-0.08
-0.096
-0.111
-0.121
-0.126
-0.128
-0.128
-0.127
-0.125
-0.124
-0.122
-0.121
-0.114
-0.113
-0.112
-0.11
-0.108
-0.114
-0.113
-0.112
-0.111
-0.111
-0.11
-0.108
-0.107
-0.106
-0.104
-0.103
-0.101
-0.1
-0.098
-0.097
-0.097
-0.096
-0.095
-0.094
-0.092
-0.09
-0.089
-0.089
-0.089
-0.088
-0.082
-0.08
-0.08
-0.078
-0.076
-0.081
-0.08
-0.078
-0.078
-0.077
-0.077
-0.076
-0.076
-0.075
-0.074
-0.074
-0.072
-0.066
-0.055
-0.042
-0.025
-0.007
0.01
0.023
0.035
0.047
0.057
0.062
0.064
0.063
0.062
0.056
0.048
0.037
0.025
0.009
-0.008
-0.024
-0.037
-0.049
-0.058
-0.065
-0.068
-0.07
