-0.11
-0.108
-0.103
-0.094
-0.083
-0.067
-0.049
-0.031
-0.015
0.003
0.019
0.036
0.054
0.073
0.091
0.11
0.126
0.138
0.148
0.156
0.161
0.164
0.166
0.168
0.169
0.168
0.167
0.164
0.159
0.154
0.148
0.141
0.133
0.122
0.093
0.076
0.058
0.038
0.007
0.005
-0.014
-0.031
-0.047
-0.052
-0.069
-0.085
-0.102
-0.116
-0.125
-0.132
-0.135
-0.135
-0.134
-0.133
-0.132
-0.131
-0.129
-0.128
-0.126
-0.125
-0.124
-0.122
-0.122
-0.12
-0.127
-0.126
-0.126
-0.124
-0.123
-0.114
-0.113
-0.112
-0.11
-0.109
-0.108
-0.106
-0.106
-0.105
-0.104
-0.103
-0.102
-0.101
-0.095
-0.094
-0.094
-0.093
-0.092
-0.096
-0.096
-0.095
-0.093
-0.092
-0.092
-0.091
-0.09
-0.089
-0.088
-0.087
-0.085
-0.085
-0.085
-0.084
-0.083
-0.081
-0.077
-0.069
-0.058
-0.045
-0.028
-0.011
0.005
0.019
0.03
0.039
0.045
0.047
0.048
0.047
0.043
0.037
0.027
0.015
0.001
-0.014
-0.03
-0.045
-0.058
-0.068
-0.077
-0.08
-0.081
-0.081
-0.081
-0.077
-0.077
-0.076
-0.075
-0.075
-0.074
-0.073
-0.073
-0.072
-0.071
-0.07
-0.07
-0.069
-0.071
-0.08
-0.084
-0.067
-0.027
0.038
0.131
0.24
0.35
0.459
0.566
0.67
0.698
0.73
0.714
0.65
0.542
0.465
0.334
0.206
0.078
-0.04
-0.127
-0.181
-0.203
-0.193
-0.166
-0.144
-0.129
-0.122
-0.115
-0.114
-0.113
-0.112
-0.111
-0.115
-0.113
-0.112
-0.111
-0.109
-0.109
-0.108
-0.106
-0.104
-0.098
-0.089
-0.076
-0.061
-0.043
-0.025
-0.008
0.009
0.024
0.042
0.06
0.078
0.097
0.116
0.132
0.145
0.156
0.163
0.168
0.171
0.174
0.175
0.176
0.176
0.174
0.171
0.166
0.16
0.15
0.144
0.136
0.126
0.113
0.101
0.083
0.063
0.044
0.025
0.006
-0.011
-0.028
-0.045
-0.062
-0.078
-0.094
-0.108
-0.118
-0.124
-0.126
-0.126
-0.124
-0.123
-0.122
-0.121
-0.119
-0.118
-0.117
-0.116
-0.114
-0.113
