-0.04
-0.045
-0.049
-0.05
-0.049
-0.049
-0.047
-0.048
-0.05
-0.051
-0.05
-0.049
-0.027
0.006
0.049
0.105
0.174
0.231
0.272
0.285
0.273
0.236
0.177
0.111
0.049
-0
-0.037
-0.06
-0.068
-0.065
-0.062
-0.061
-0.062
-0.063
-0.063
-0.062
-0.058
-0.054
-0.047
-0.039
-0.019
0.001
0.021
0.043
0.063
0.071
0.078
0.084
0.086
0.087
0.088
0.088
0.08
0.074
0.064
0.053
0.042
0.036
0.015
-0.002
-0.021
-0.038
-0.053
-0.054
-0.059
-0.062
-0.065
-0.067
-0.065
-0.064
-0.062
-0.06
-0.059
-0.06
-0.058
-0.057
-0.055
-0.054
-0.054
-0.056
-0.055
-0.056
-0.054
-0.051
-0.051
-0.051
-0.048
-0.047
-0.045
-0.044
-0.045
-0.046
-0.045
-0.045
-0.043
-0.042
-0.041
-0.038
-0.032
-0.024
-0.009
0.006
0.015
0.021
0.028
0.026
0.018
0.009
-0.003
-0.017
-0.029
-0.034
-0.036
-0.037
-0.038
-0.039
-0.038
-0.038
-0.035
-0.034
-0.035
-0.037
-0.038
-0.042
0.003
0.06
0.126
0.204
0.298
0.353
0.347
0.316
0.256
0.172
0.064
0
-0.036
-0.058
-0.069
-0.066
-0.052
-0.051
-0.049
-0.047
-0.048
-0.049
-0.05
-0.05
-0.043
-0.033
-0.023
-0.012
0.001
0.01
0.029
0.047
0.063
0.077
0.092
0.097
0.102
0.106
0.106
0.104
0.102
0.099
0.091
0.081
0.069
0.053
0.037
0.026
0.01
-0.005
-0.021
-0.037
-0.051
-0.056
-0.057
-0.055
-0.054
-0.054
-0.053
-0.052
-0.051
-0.049
-0.049
-0.051
-0.053
-0.053
-0.052
-0.05
-0.046
-0.044
-0.045
-0.047
-0.045
-0.046
-0.044
-0.042
-0.041
-0.043
-0.044
-0.045
-0.043
-0.038
-0.032
-0.026
-0.017
-0.009
0.002
0.013
0.019
0.022
0.023
0.019
0.008
-0.003
-0.016
-0.03
-0.042
-0.044
-0.045
-0.043
-0.042
-0.044
-0.044
-0.043
-0.043
-0.041
-0.041
-0.048
-0.053
-0.046
0.02
0.098
0.191
0.293
0.386
0.407
0.323
0.244
0.138
0.018
-0.088
-0.091
-0.103
-0.098
-0.083
-0.072
