-0.006
-0.053
-0.085
-0.074
-0.066
-0.063
-0.065
-0.065
-0.064
-0.064
-0.062
-0.061
-0.059
-0.055
-0.047
-0.039
-0.021
-0.004
0.012
0.028
0.046
0.056
0.067
0.075
0.08
0.084
0.088
0.088
0.087
0.082
0.072
0.063
0.054
0.045
0.029
0.013
-0.007
-0.025
-0.042
-0.051
-0.057
-0.063
-0.069
-0.073
-0.072
-0.071
-0.069
-0.068
-0.068
-0.069
-0.068
-0.067
-0.065
-0.064
-0.065
-0.067
-0.065
-0.064
-0.062
-0.061
-0.061
-0.062
-0.061
-0.06
-0.058
-0.056
-0.057
-0.057
-0.056
-0.056
-0.056
-0.054
-0.044
-0.039
-0.036
-0.03
-0.027
-0.034
-0.039
-0.042
-0.047
-0.05
-0.05
-0.049
-0.046
-0.044
-0.044
-0.045
-0.043
-0.043
0.002
0.062
0.133
0.212
0.302
0.355
0.368
0.352
0.312
0.249
0.166
0.098
0.036
-0.01
-0.038
-0.054
-0.057
-0.046
-0.034
-0.025
-0.005
0.014
0.031
0.047
0.064
0.07
0.078
0.084
0.086
0.085
0.085
0.083
0.079
0.073
0.064
0.052
0.024
0.002
-0.019
-0.038
-0.056
-0.056
-0.061
-0.063
-0.064
-0.065
-0.066
-0.063
-0.063
-0.06
-0.058
-0.059
-0.058
-0.056
-0.058
-0.057
-0.056
-0.057
-0.058
-0.055
-0.055
-0.053
-0.052
-0.053
-0.053
-0.05
-0.05
-0.049
-0.047
-0.045
-0.045
-0.043
-0.04
-0.039
-0.039
-0.037
-0.029
-0.021
-0.009
0.004
0.014
0.021
0.026
0.027
0.014
0.006
-0.005
-0.019
-0.032
-0.031
-0.036
-0.037
-0.038
-0.04
-0.04
-0.038
-0.039
-0.037
-0.036
-0.038
-0.04
-0.043
0.023
0.08
0.147
0.227
0.323
0.358
0.319
0.285
0.223
0.133
0.02
-0.011
-0.047
-0.069
-0.075
-0.067
-0.054
-0.053
-0.052
-0.053
-0.054
-0.053
-0.051
-0.05
-0.039
-0.028
-0.015
0.001
0.019
0.028
0.044
0.057
0.069
0.081
0.093
0.095
0.096
0.094
0.092
0.09
0.088
0.085
0.073
0.056
0.039
0.022
0.006
-0.003
-0.018
-0.033
-0.046
-0.055
-0.062
-0.061
-0.06
-0.061
-0.063
-0.063
-0.062
-0.062
-0.061
-0.062
-0.062
-0.061
-0.058
-0.056
-0.054
-0.054
-0.055
-0.054
-0.053
-0.053
-0.052
-0.054
-0.055
-0.054
-0.052
-0.052
-0.051
-0.051
-0.052
-0.052
-0.051
-0.05
-0.044
-0.038
-0.031
-0.021
-0.01
-0.003
0.002
0.005
0.002
-0.003
-0.014
-0.026
-0.037
-0.045
-0.05
-0.051
-0.05
-0.051
-0.052
-0.052
-0.05
-0.049
-0.049
-0.055
-0.058
-0.049
-0.027
0.008
0.113
0.214
0.277
0.342
0.382
0.339
0.224
0.133
0.031
-0.052
-0.116
-0.104
-0.089
-0.077
-0.071
-0.068
-0.067
-0.066
-0.065
-0.065
-0.066
-0.064
-0.06
-0.055
-0.04
-0.025
-0.011
0.006
0.025
0.034
0.05
0.062
0.071
0.078
0.087
0.087
0.088
0.086
0.065
0.045
0.014
-0.018
-0.046
-0.056
-0.066
-0.065
-0.063
-0.063
-0.064
-0.065
-0.064
-0.063
-0.061
-0.059
-0.06
-0.06
-0.06
-0.06
-0.057
-0.057
-0.058
-0.058
-0.056
-0.055
-0.052
-0.051
-0.053
-0.054
-0.054
-0.054
-0.052
-0.05
-0.05
-0.05
-0.048
-0.047
-0.036
-0.024
-0.012
0
0.014
0.019
0.023
0.022
0.018
0.011
0.004
-0.004
-0.013
-0.022
-0.031
-0.038
-0.041
-0.041
-0.039
-0.037
-0.038
-0.039
-0.037
-0.037
-0.038
-0.028
-0.009
0.021
0.065
0.122
0.214
0.281
0.321
0.336
0.329
0.261
0.161
0.078
0.01
-0.043
-0.079
-0.067
-0.057
-0.051
-0.05
-0.05
-0.049
-0.049
-0.048
-0.046
-0.044
-0.042
-0.035
-0.027
-0.01
0.007
0.023
0.039
0.057
0.067
0.079
0.091
0.101
0.106
0.108
0.107
0.104
0.097
0.089
0.083
0.078
0.07
0.055
0.039
0.021
0.002
-0.015
-0.025
-0.033
-0.04
-0.046
-0.051
-0.051
-0.051
-0.049
-0.047
-0.048
-0.05
-0.05
-0.05
-0.048
-0.046
-0.046
-0.047
-0.047
-0.047
-0.047
-0.046
-0.046
-0.047
-0.047
-0.046
-0.044
-0.042
-0.042
-0.043
-0.042
-0.042
-0.04
-0.039
-0.025
-0.013
-0.001
0.011
0.027
0.029
0.02
0.014
0.004
-0.008
