-0.111
-0.11
-0.109
-0.109
-0.109
-0.108
-0.108
-0.107
-0.106
-0.105
-0.104
-0.102
-0.101
-0.1
-0.099
-0.098
-0.097
-0.097
-0.096
-0.095
-0.094
-0.092
-0.09
-0.089
-0.083
-0.082
-0.082
-0.081
-0.081
-0.085
-0.084
-0.083
-0.083
-0.083
-0.082
-0.081
-0.08
-0.078
-0.077
-0.076
-0.074
-0.069
-0.059
-0.047
-0.031
-0.014
0.005
0.02
0.033
0.045
0.054
0.059
0.06
0.059
0.056
0.05
0.041
0.03
0.017
0.002
-0.015
-0.033
-0.047
-0.058
-0.066
-0.072
-0.074
-0.075
-0.076
-0.076
-0.076
-0.075
-0.074
-0.073
-0.073
-0.072
-0.071
-0.07
-0.07
-0.07
-0.07
-0.07
-0.07
-0.075
-0.04
-0.031
0.001
0.057
0.137
0.196
0.311
0.43
0.544
0.651
0.746
0.801
0.808
0.765
0.677
0.553
0.416
0.274
0.137
0.01
-0.094
-0.168
-0.209
-0.214
-0.192
-0.166
-0.147
-0.135
-0.131
-0.131
-0.13
-0.129
-0.128
-0.127
-0.125
-0.124
-0.123
-0.121
-0.119
-0.118
-0.117
-0.115
-0.111
-0.105
-0.095
-0.081
-0.063
-0.044
-0.025
-0.008
0.009
0.027
0.047
0.067
0.084
0.103
0.121
0.136
0.148
0.157
0.164
0.168
0.171
0.173
0.175
0.175
0.174
0.172
0.168
0.163
0.157
0.15
0.142
0.132
0.12
0.105
0.087
0.065
0.042
0.022
0.003
-0.016
-0.034
-0.051
-0.068
-0.085
-0.101
-0.117
-0.129
-0.137
-0.14
-0.141
-0.14
-0.138
-0.137
-0.136
-0.135
-0.134
-0.134
-0.134
-0.133
-0.132
-0.13
-0.129
-0.127
-0.126
-0.125
-0.124
-0.123
-0.123
-0.123
-0.122
-0.122
-0.121
-0.12
-0.119
-0.116
-0.115
-0.113
-0.112
-0.11
-0.108
-0.108
-0.107
-0.105
-0.105
-0.104
-0.103
-0.101
-0.1
-0.099
-0.098
-0.096
-0.095
-0.094
-0.093
-0.093
-0.092
-0.091
-0.091
-0.09
-0.089
-0.088
-0.087
-0.085
-0.078
-0.068
-0.054
-0.038
-0.022
-0.005
0.009
0.024
0.036
0.045
0.05
0.051
0.051
0.038
0.032
0.022
0.011
-0.003
-0.008
-0.025
-0.04
