0.003
0
-0.012
-0.02
-0.028
-0.036
-0.04
-0.037
-0.038
-0.036
-0.036
-0.037
-0.036
-0.034
-0.018
-0.011
0.006
0.034
0.075
0.111
0.18
0.252
0.298
0.318
0.316
0.278
0.179
0.093
0.021
-0.036
-0.077
-0.07
-0.062
-0.056
-0.055
-0.055
-0.054
-0.052
-0.051
-0.049
-0.048
-0.045
-0.04
-0.031
-0.013
0.005
0.021
0.036
0.053
0.061
0.071
0.082
0.089
0.093
0.096
0.097
0.091
0.088
0.083
0.074
0.065
0.061
0.04
0.025
0.008
-0.011
-0.028
-0.032
-0.043
-0.05
-0.057
-0.062
-0.066
-0.063
-0.065
-0.063
-0.063
-0.065
-0.066
-0.063
-0.064
-0.062
-0.061
-0.062
-0.063
-0.059
-0.059
-0.058
-0.056
-0.054
-0.054
-0.053
-0.052
-0.053
-0.054
-0.054
-0.052
-0.053
-0.053
-0.054
-0.053
-0.05
-0.043
-0.036
-0.022
-0.01
0.001
0.01
0.019
0.019
0.009
-0.003
-0.015
-0.028
-0.039
-0.041
-0.045
-0.049
-0.051
-0.052
-0.051
-0.051
-0.05
-0.051
-0.052
-0.052
0.011
0.062
0.125
0.201
0.286
0.316
0.316
0.288
0.235
0.16
0.062
-0.002
-0.041
-0.069
-0.084
-0.083
-0.069
-0.068
-0.066
-0.067
-0.067
-0.067
-0.066
-0.065
-0.058
-0.051
-0.042
-0.031
-0.017
-0.007
0.011
0.026
0.041
0.057
0.073
0.078
0.083
0.084
0.084
0.084
0.085
0.083
0.072
0.062
0.05
0.037
0.024
0.018
-0.003
-0.021
-0.04
-0.056
-0.068
-0.068
-0.069
-0.069
-0.069
-0.067
-0.064
-0.063
-0.061
-0.062
-0.063
-0.063
-0.063
-0.062
-0.061
-0.061
-0.062
-0.062
-0.06
-0.059
-0.057
-0.057
-0.057
-0.056
-0.053
-0.052
-0.049
-0.049
-0.05
-0.051
-0.048
-0.048
-0.045
-0.042
-0.038
-0.032
-0.022
-0.013
0
0.009
0.015
0.02
0.024
0.021
0.011
-0.001
-0.015
-0.028
-0.037
-0.039
-0.039
-0.039
-0.04
-0.042
-0.04
-0.04
-0.038
-0.038
-0.039
-0.043
-0.046
-0.042
0.022
0.096
0.185
0.286
0.385
0.413
0.365
0.291
0.189
0.07
