-0.023
-0.004
0.014
0.03
0.047
0.068
0.088
0.107
0.125
0.141
0.154
0.165
0.174
0.179
0.182
0.184
0.186
0.187
0.186
0.184
0.182
0.176
0.17
0.163
0.156
0.146
0.133
0.119
0.103
0.083
0.062
0.041
0.021
0.002
-0.015
-0.032
-0.051
-0.068
-0.085
-0.102
-0.117
-0.128
-0.133
-0.134
-0.133
-0.131
-0.129
-0.127
-0.127
-0.126
-0.118
-0.117
-0.116
-0.115
-0.113
-0.119
-0.119
-0.117
-0.117
-0.116
-0.114
-0.113
-0.112
-0.111
-0.11
-0.109
-0.109
-0.109
-0.109
-0.109
-0.107
-0.105
-0.103
-0.102
-0.101
-0.101
-0.1
-0.1
-0.099
-0.099
-0.091
-0.09
-0.089
-0.088
-0.086
-0.092
-0.091
-0.09
-0.089
-0.089
-0.088
-0.087
-0.086
-0.086
-0.085
-0.084
-0.082
-0.077
-0.068
-0.056
-0.041
-0.023
-0.004
0.011
0.024
0.036
0.046
0.051
0.054
0.054
0.053
0.048
0.039
0.029
0.016
0.001
-0.016
-0.032
-0.046
-0.058
-0.067
-0.074
-0.078
-0.08
-0.08
-0.081
-0.081
-0.081
-0.08
-0.08
-0.08
-0.079
-0.079
-0.078
-0.079
-0.078
-0.076
-0.075
-0.075
-0.078
-0.087
-0.089
-0.068
-0.026
0.1
0.202
0.322
0.437
0.546
0.595
0.703
0.782
0.809
0.787
0.717
0.597
0.454
0.319
0.19
0.062
-0.059
-0.149
-0.203
-0.22
-0.206
-0.179
-0.156
-0.141
-0.135
-0.134
-0.132
-0.131
-0.131
-0.13
-0.129
-0.128
-0.128
-0.126
-0.124
-0.123
-0.121
-0.12
-0.118
-0.113
-0.104
-0.091
-0.073
-0.055
-0.037
-0.018
-0.001
0.017
0.036
0.053
0.071
0.09
0.11
0.127
0.14
0.15
0.157
0.162
0.165
0.167
0.171
0.172
0.171
0.169
0.166
0.16
0.154
0.149
0.143
0.135
0.124
0.111
0.094
0.074
0.054
0.034
0.014
-0.006
-0.023
-0.04
-0.057
-0.075
-0.094
-0.112
-0.125
-0.135
-0.14
-0.142
-0.142
-0.141
-0.139
-0.139
-0.138
-0.136
-0.143
-0.141
-0.14
-0.138
-0.135
-0.125
-0.124
-0.123
-0.122
-0.121
-0.12
-0.119
