-0.049
-0.048
-0.049
-0.05
-0.049
-0.049
-0.039
-0.027
-0.016
-0.003
0.013
0.022
0.041
0.058
0.071
0.083
0.095
0.097
0.099
0.101
0.099
0.095
0.094
0.091
0.082
0.071
0.056
0.039
0.023
0.013
-0.002
-0.017
-0.033
-0.047
-0.057
-0.058
-0.056
-0.054
-0.054
-0.056
-0.056
-0.056
-0.055
-0.053
-0.053
-0.054
-0.053
-0.055
-0.056
-0.055
-0.053
-0.053
-0.05
-0.047
-0.048
-0.05
-0.05
-0.051
-0.051
-0.05
-0.051
-0.052
-0.051
-0.05
-0.042
-0.034
-0.027
-0.019
-0.009
-0.001
0.007
0.014
0.017
0.015
0.012
0.006
-0.006
-0.018
-0.031
-0.043
-0.052
-0.052
-0.051
-0.049
-0.049
-0.05
-0.05
-0.049
-0.048
-0.049
-0.055
-0.055
-0.042
-0.016
0.072
0.173
0.271
0.35
0.405
0.388
0.296
0.184
0.073
-0.023
-0.101
-0.108
-0.097
-0.082
-0.072
-0.067
-0.065
-0.065
-0.063
-0.061
-0.061
-0.062
-0.061
-0.058
-0.044
-0.028
-0.013
0.002
0.018
0.027
0.041
0.055
0.066
0.074
0.083
0.086
0.083
0.084
0.081
0.076
0.07
0.069
0.05
0.037
0.02
0.001
-0.017
-0.02
-0.035
-0.047
-0.056
-0.064
-0.071
-0.069
-0.068
-0.069
-0.069
-0.069
-0.067
-0.066
-0.064
-0.063
-0.064
-0.066
-0.065
-0.063
-0.064
-0.063
-0.062
-0.063
-0.063
-0.06
-0.061
-0.058
-0.057
-0.057
-0.058
-0.056
-0.056
-0.055
-0.053
-0.051
-0.04
-0.03
-0.019
-0.006
0.007
0.01
0.01
0.012
0.01
0.004
-0.003
-0.005
-0.019
-0.027
-0.036
-0.044
-0.051
-0.049
-0.05
-0.05
-0.048
-0.047
-0.046
-0.044
-0.031
-0.008
0.027
0.075
0.135
0.193
0.252
0.285
0.292
0.276
0.237
0.17
0.093
0.03
-0.016
-0.048
-0.066
-0.059
-0.055
-0.056
-0.057
-0.057
-0.054
-0.054
-0.052
-0.05
-0.046
-0.039
-0.029
-0.018
-0
0.017
0.04
0.059
0.079
0.092
0.103
0.102
0.099
0.093
0.084
0.075
0.066
0.055
0.039
0.02
0.001
-0.017
-0.032
-0.041
-0.046
-0.052
-0.056
-0.058
-0.056
-0.055
-0.052
-0.052
-0.054
-0.054
-0.053
-0.052
-0.05
-0.049
-0.05
-0.05
-0.048
-0.047
-0.045
-0.044
-0.044
-0.043
-0.042
-0.04
-0.04
-0.04
-0.042
-0.042
-0.041
-0.039
-0.037
-0.037
-0.037
-0.035
-0.029
-0.022
-0.007
0.006
0.016
0.026
0.035
0.036
0.026
0.018
0.005
-0.008
-0.02
-0.021
-0.027
-0.03
-0.034
-0.035
-0.035
-0.033
-0.032
-0.032
-0.033
-0.032
-0.031
-0.032
0.004
0.05
0.106
0.175
0.26
0.315
0.325
0.31
0.268
0.201
0.112
0.045
-0
-0.034
-0.055
-0.063
-0.054
-0.053
-0.05
-0.049
-0.05
-0.051
-0.05
-0.051
-0.044
-0.037
-0.03
-0.021
-0.008
0
0.018
0.035
0.05
0.065
0.081
0.087
0.093
0.097
0.097
0.097
0.097
0.095
0.089
0.08
0.054
0.025
-0.005
-0.031
-0.051
-0.056
-0.058
-0.058
-0.059
-0.061
-0.06
-0.061
-0.059
-0.057
-0.058
-0.059
-0.057
-0.056
-0.055
-0.055
-0.056
-0.058
-0.058
-0.057
-0.057
-0.056
-0.054
-0.056
-0.058
-0.057
-0.054
-0.053
-0.05
-0.046
-0.042
-0.037
-0.029
-0.021
-0.009
0.001
0.007
0.01
0.014
0.012
0.003
-0.007
-0.02
-0.033
-0.045
-0.048
-0.047
-0.047
-0.048
-0.051
-0.051
-0.051
-0.049
-0.046
-0.046
-0.049
-0.054
-0.053
0.007
0.078
0.162
0.26
0.361
0.396
0.356
0.291
0.198
0.081
-0.031
-0.073
-0.091
-0.094
-0.086
-0.073
-0.064
-0.063
-0.064
-0.064
-0.063
-0.063
-0.063
-0.06
-0.049
-0.039
-0.012
0.015
0.041
0.06
0.08
0.082
0.086
0.088
0.087
0.084
0.082
0.078
0.068
0.056
0.042
0.024
0.008
-0.002
-0.017
-0.03
-0.044
-0.057
-0.067
-0.067
-0.065
-0.062
-0.061
-0.062
-0.062
-0.062
-0.06
-0.058
-0.058
-0.06
-0.06
-0.059
-0.058
-0.056
-0.054
-0.054
-0.054
-0.053
-0.054
-0.053
-0.053
-0.054
-0.054
-0.05
-0.05
-0.047
-0.046
-0.046
-0.047
-0.044
-0.038
-0.03
-0.022
-0.013
