0.007
-0.008
-0.025
-0.041
-0.055
-0.065
-0.072
-0.076
-0.077
-0.077
-0.078
-0.077
-0.076
-0.076
-0.076
-0.076
-0.075
-0.074
-0.073
-0.071
-0.07
-0.068
-0.067
-0.066
-0.066
-0.073
-0.08
-0.067
-0.029
0.032
0.121
0.229
0.342
0.461
0.578
0.686
0.772
0.814
0.805
0.748
0.647
0.518
0.385
0.245
0.106
-0.019
-0.113
-0.175
-0.205
-0.201
-0.175
-0.152
-0.135
-0.125
-0.122
-0.121
-0.119
-0.117
-0.116
-0.113
-0.111
-0.11
-0.109
-0.109
-0.107
-0.107
-0.106
-0.105
-0.101
-0.093
-0.082
-0.066
-0.048
-0.028
-0.009
0.008
0.025
0.042
0.062
0.082
0.1
0.118
0.134
0.149
0.161
0.172
0.178
0.182
0.185
0.187
0.188
0.188
0.186
0.182
0.176
0.171
0.165
0.158
0.149
0.139
0.126
0.111
0.094
0.072
0.05
0.029
0.01
-0.008
-0.025
-0.042
-0.058
-0.074
-0.091
-0.106
-0.117
-0.124
-0.127
-0.127
-0.125
-0.124
-0.124
-0.123
-0.121
-0.121
-0.119
-0.117
-0.115
-0.114
-0.113
-0.112
-0.112
-0.111
-0.11
-0.109
-0.109
-0.107
-0.106
-0.105
-0.104
-0.103
-0.102
-0.101
-0.1
-0.098
-0.097
-0.096
-0.095
-0.093
-0.092
-0.091
-0.09
-0.089
-0.089
-0.088
-0.087
-0.086
-0.085
-0.084
-0.082
-0.081
-0.081
-0.08
-0.079
-0.079
-0.078
-0.077
-0.076
-0.074
-0.073
-0.071
-0.066
-0.058
-0.047
-0.033
-0.01
0.008
0.023
0.039
0.052
0.057
0.063
0.066
0.067
0.064
0.06
0.054
0.044
0.031
0.017
0.001
-0.016
-0.031
-0.044
-0.055
-0.062
-0.066
-0.068
-0.068
-0.069
-0.069
-0.067
-0.066
-0.066
-0.065
-0.064
-0.063
-0.063
-0.063
-0.055
-0.056
-0.056
-0.055
-0.056
-0.073
-0.079
-0.065
-0.029
0.031
0.126
0.244
0.359
0.468
0.577
0.687
0.779
0.821
0.813
0.757
0.649
0.509
0.374
0.244
0.115
-0.013
-0.115
-0.179
-0.206
-0.2
-0.172
-0.147
-0.131
-0.123
-0.12
-0.12
-0.118
-0.117
-0.117
-0.116
-0.115
-0.114
