0.123
0.109
0.09
0.068
0.047
0.027
0.009
-0.01
-0.027
-0.044
-0.061
-0.079
-0.097
-0.115
-0.129
-0.137
-0.142
-0.143
-0.141
-0.139
-0.137
-0.135
-0.133
-0.131
-0.134
-0.133
-0.132
-0.131
-0.13
-0.124
-0.123
-0.122
-0.12
-0.118
-0.117
-0.115
-0.114
-0.114
-0.114
-0.114
-0.114
-0.112
-0.11
-0.109
-0.108
-0.106
-0.105
-0.104
-0.103
-0.102
-0.101
-0.1
-0.099
-0.098
-0.102
-0.102
-0.101
-0.1
-0.099
-0.095
-0.094
-0.094
-0.093
-0.092
-0.09
-0.089
-0.088
-0.088
-0.086
-0.086
-0.083
-0.076
-0.065
-0.051
-0.034
-0.018
-0.001
0.013
0.027
0.038
0.046
0.051
0.053
0.052
0.05
0.043
0.034
0.022
0.008
-0.008
-0.025
-0.04
-0.054
-0.066
-0.074
-0.079
-0.081
-0.082
-0.082
-0.082
-0.081
-0.081
-0.081
-0.081
-0.081
-0.081
-0.079
-0.078
-0.077
-0.076
-0.074
-0.073
-0.073
-0.079
-0.088
-0.079
-0.049
0.006
0.137
0.249
0.36
0.469
0.58
0.65
0.75
0.802
0.806
0.76
0.661
0.528
0.396
0.267
0.135
0.002
-0.106
-0.175
-0.21
-0.213
-0.189
-0.165
-0.148
-0.138
-0.135
-0.133
-0.131
-0.128
-0.126
-0.124
-0.118
-0.118
-0.118
-0.117
-0.117
-0.121
-0.12
-0.119
-0.116
-0.108
-0.096
-0.08
-0.061
-0.043
-0.025
-0.006
0.011
0.027
0.046
0.064
0.084
0.104
0.123
0.137
0.149
0.158
0.165
0.169
0.171
0.173
0.175
0.175
0.173
0.171
0.167
0.162
0.157
0.15
0.135
0.125
0.11
0.093
0.076
0.063
0.042
0.023
0.003
-0.016
-0.032
-0.047
-0.066
-0.084
-0.1
-0.114
-0.126
-0.133
-0.137
-0.137
-0.136
-0.135
-0.133
-0.133
-0.132
-0.131
-0.123
-0.121
-0.12
-0.118
-0.117
-0.123
-0.122
-0.121
-0.12
-0.119
-0.118
-0.117
-0.116
-0.115
-0.113
-0.111
-0.11
-0.109
-0.108
-0.108
-0.107
-0.105
-0.103
-0.102
-0.102
-0.101
-0.101
-0.099
-0.097
-0.095
-0.087
-0.085
-0.085
-0.083
-0.083
-0.089
-0.088
-0.087
