-0.101
-0.1
-0.099
-0.098
-0.097
-0.097
-0.098
-0.098
-0.097
-0.096
-0.095
-0.093
-0.09
-0.09
-0.088
-0.087
-0.087
-0.086
-0.085
-0.084
-0.083
-0.082
-0.081
-0.08
-0.079
-0.078
-0.077
-0.074
-0.067
-0.055
-0.043
-0.026
-0.008
0.009
0.024
0.038
0.047
0.054
0.058
0.06
0.06
0.058
0.052
0.042
0.029
0.014
-0.001
-0.018
-0.034
-0.048
-0.059
-0.066
-0.069
-0.071
-0.071
-0.071
-0.07
-0.069
-0.068
-0.068
-0.067
-0.066
-0.066
-0.065
-0.064
-0.064
-0.063
-0.061
-0.06
-0.061
-0.068
-0.076
-0.065
-0.03
0.031
0.118
0.226
0.337
0.452
0.57
0.68
0.768
0.814
0.811
0.756
0.657
0.476
0.344
0.206
0.067
-0.06
-0.1
-0.166
-0.198
-0.196
-0.171
-0.146
-0.129
-0.118
-0.115
-0.114
-0.113
-0.11
-0.109
-0.108
-0.107
-0.106
-0.105
-0.104
-0.103
-0.101
-0.101
-0.1
-0.095
-0.087
-0.075
-0.06
-0.043
-0.024
-0.005
0.013
0.029
0.046
0.067
0.088
0.107
0.126
0.143
0.157
0.168
0.176
0.181
0.195
0.197
0.199
0.202
0.202
0.189
0.186
0.183
0.178
0.173
0.167
0.159
0.148
0.134
0.118
0.101
0.079
0.057
0.038
0.019
-0.001
-0.018
-0.036
-0.055
-0.072
-0.088
-0.103
-0.116
-0.125
-0.128
-0.124
-0.122
-0.12
-0.117
-0.115
-0.118
-0.116
-0.114
-0.113
-0.112
-0.111
-0.109
-0.109
-0.109
-0.108
-0.107
-0.106
-0.105
-0.11
-0.11
-0.11
-0.11
-0.109
-0.102
-0.101
-0.1
-0.099
-0.098
-0.097
-0.097
-0.093
-0.091
-0.09
-0.088
-0.087
-0.089
-0.089
-0.088
-0.093
-0.093
-0.092
-0.091
-0.09
-0.082
-0.081
-0.078
-0.077
-0.077
-0.076
-0.076
-0.076
-0.076
-0.074
-0.07
-0.064
-0.053
-0.039
-0.023
-0.007
0.009
0.024
0.037
0.047
0.055
0.05
0.05
0.049
0.046
0.04
0.04
0.029
0.016
-0.001
-0.018
-0.034
-0.048
-0.058
-0.066
-0.069
-0.07
-0.07
-0.07
-0.07
-0.07
-0.069
-0.069
-0.068
-0.068
