-0.038
-0.037
-0.036
-0.035
-0.035
-0.034
-0.033
-0.03
-0.026
-0.02
-0.012
-0.004
0.004
0.012
0.02
0.027
0.032
0.036
0.037
0.037
0.035
0.033
0.03
0.026
0.02
0.013
0.005
-0.004
-0.011
-0.017
-0.022
-0.025
-0.026
-0.028
-0.028
-0.028
-0.029
-0.028
-0.028
-0.027
-0.027
-0.027
-0.027
-0.027
-0.027
-0.026
-0.026
-0.025
-0.024
-0.025
-0.03
-0.033
-0.027
-0.009
0.022
0.069
0.126
0.183
0.239
0.295
0.351
0.397
0.419
0.415
0.386
0.333
0.266
0.197
0.13
0.062
-0.004
-0.055
-0.088
-0.104
-0.102
-0.088
-0.075
-0.067
-0.061
-0.058
-0.057
-0.056
-0.056
-0.056
-0.056
-0.056
-0.056
-0.055
-0.054
-0.053
-0.052
-0.051
-0.049
-0.045
-0.041
-0.036
-0.028
-0.02
-0.012
-0.005
0.003
0.011
0.02
0.029
0.038
0.048
0.058
0.067
0.075
0.08
0.084
0.087
0.088
0.089
0.089
0.09
0.092
0.091
0.09
0.089
0.087
0.084
0.081
0.077
0.071
0.063
0.054
0.044
0.033
0.022
0.012
0.002
-0.008
-0.016
-0.024
-0.033
-0.042
-0.051
-0.059
-0.065
-0.068
-0.07
-0.069
-0.068
-0.067
-0.067
-0.066
-0.065
-0.064
-0.063
-0.063
-0.063
-0.062
-0.061
-0.06
-0.06
-0.059
-0.059
-0.059
-0.059
-0.059
-0.059
-0.059
-0.058
-0.058
-0.057
-0.056
-0.055
-0.054
-0.053
-0.053
-0.053
-0.053
-0.053
-0.053
-0.052
-0.053
-0.053
-0.053
-0.052
-0.052
-0.05
-0.05
-0.049
-0.049
-0.049
-0.05
-0.049
-0.049
-0.049
-0.048
-0.048
-0.048
-0.048
-0.047
-0.045
-0.041
-0.034
-0.027
-0.019
-0.01
-0.002
0.007
0.014
0.019
0.023
0.026
0.026
0.025
0.022
0.019
0.013
0.007
0
-0.006
-0.015
-0.024
-0.031
-0.038
-0.043
-0.045
-0.046
-0.046
-0.045
-0.044
-0.043
-0.042
-0.042
-0.041
-0.041
-0.042
-0.042
-0.041
-0.041
-0.041
-0.041
-0.04
-0.041
-0.046
-0.049
-0.018
0
0.031
0.077
0.133
0.166
0.223
0.28
0.334
0.379
