0.098
0.098
0.093
0.09
0.083
0.075
0.067
0.063
0.041
0.025
0.006
-0.013
-0.03
-0.033
-0.043
-0.047
-0.051
-0.055
-0.058
-0.058
-0.058
-0.06
-0.06
-0.058
-0.058
-0.057
-0.058
-0.059
-0.059
-0.057
-0.056
-0.055
-0.056
-0.057
-0.057
-0.055
-0.054
-0.053
-0.052
-0.054
-0.054
-0.053
-0.052
-0.052
-0.053
-0.054
-0.052
-0.049
-0.043
-0.036
-0.024
-0.013
-0.013
-0.013
-0.015
-0.025
-0.037
-0.041
-0.047
-0.052
-0.053
-0.052
-0.051
-0.049
-0.048
-0.05
-0.05
-0.049
-0.049
-0.053
-0.011
0.04
0.104
0.181
0.274
0.328
0.323
0.292
0.237
0.159
0.057
-0.005
-0.044
-0.071
-0.084
-0.081
-0.068
-0.067
-0.066
-0.066
-0.066
-0.066
-0.064
-0.064
-0.053
-0.046
-0.036
-0.024
-0.01
-0.006
0.016
0.032
0.049
0.066
0.083
0.082
0.085
0.085
0.084
0.084
0.084
0.082
0.071
0.06
0.048
0.036
0.022
0.014
-0.005
-0.022
-0.039
-0.054
-0.065
-0.066
-0.068
-0.069
-0.069
-0.067
-0.065
-0.065
-0.065
-0.066
-0.067
-0.067
-0.064
-0.063
-0.062
-0.062
-0.062
-0.062
-0.06
-0.059
-0.058
-0.058
-0.057
-0.056
-0.054
-0.054
-0.054
-0.054
-0.054
-0.053
-0.051
-0.05
-0.047
-0.043
-0.038
-0.03
-0.019
-0.011
-0
0.007
0.012
0.017
0.021
0.018
0.008
-0.005
-0.019
-0.03
-0.039
-0.041
-0.042
-0.044
-0.046
-0.046
-0.044
-0.043
-0.042
-0.042
-0.045
-0.049
-0.051
-0.045
0.019
0.095
0.186
0.288
0.384
0.408
0.358
0.28
0.176
0.059
-0.043
-0.077
-0.088
-0.087
-0.075
-0.062
-0.051
-0.051
-0.049
-0.049
-0.05
-0.05
-0.04
-0.03
-0.016
-0
0.016
0.025
0.042
0.057
0.07
0.084
0.097
0.1
0.103
0.103
0.101
0.099
0.098
0.094
0.084
0.07
0.054
0.038
0.023
0.013
-0.001
-0.016
-0.031
-0.044
-0.052
-0.053
-0.053
-0.053
-0.054
-0.054
-0.053
-0.052
-0.05
-0.049
-0.05
-0.049
-0.047
-0.046
-0.044
-0.043
