0.05
0.04
0.023
0.008
-0.009
-0.028
-0.044
-0.051
-0.055
-0.056
-0.057
-0.058
-0.059
-0.059
-0.058
-0.056
-0.055
-0.055
-0.056
-0.056
-0.056
-0.054
-0.053
-0.054
-0.055
-0.055
-0.054
-0.052
-0.05
-0.05
-0.051
-0.051
-0.051
-0.05
-0.049
-0.05
-0.051
-0.051
-0.05
-0.048
-0.044
-0.041
-0.036
-0.029
-0.016
-0.003
0.008
0.015
0.02
0.02
0.011
0.002
-0.009
-0.023
-0.037
-0.042
-0.045
-0.046
-0.045
-0.045
-0.046
-0.047
-0.048
-0.048
-0.047
-0.048
-0.051
-0.056
-0.01
0.048
0.118
0.2
0.296
0.349
0.334
0.297
0.235
0.145
0.031
-0.03
-0.064
-0.083
-0.088
-0.08
-0.066
-0.066
-0.065
-0.064
-0.063
-0.063
-0.063
-0.063
-0.056
-0.045
-0.034
-0.023
-0.011
-0.003
0.012
0.03
0.047
0.062
0.075
0.078
0.081
0.084
0.079
0.072
0.06
0.043
0.024
0.013
-0.008
-0.026
-0.041
-0.054
-0.066
-0.066
-0.064
-0.062
-0.062
-0.064
-0.065
-0.064
-0.064
-0.063
-0.06
-0.059
-0.059
-0.059
-0.058
-0.057
-0.055
-0.054
-0.054
-0.053
-0.054
-0.053
-0.053
-0.052
-0.054
-0.053
-0.052
-0.05
-0.048
-0.047
-0.047
-0.046
-0.043
-0.038
-0.03
-0.022
-0.014
-0.007
0.002
0.009
0.015
0.019
0.018
0.015
0.003
-0.008
-0.018
-0.028
-0.039
-0.04
-0.04
-0.04
-0.041
-0.038
-0.039
-0.045
-0.048
-0.037
0.053
0.135
0.232
0.334
0.419
0.41
0.321
0.235
0.127
0.015
-0.085
-0.085
-0.093
-0.087
-0.073
-0.061
-0.053
-0.051
-0.049
-0.047
-0.046
-0.047
-0.048
-0.048
-0.033
-0.02
-0.005
0.011
0.027
0.031
0.048
0.062
0.077
0.089
0.099
0.099
0.099
0.1
0.101
0.101
0.097
0.094
0.077
0.064
0.05
0.035
0.016
0.009
-0.007
-0.022
-0.033
-0.042
-0.052
-0.052
-0.051
-0.05
-0.049
-0.047
-0.047
-0.048
-0.048
-0.049
-0.05
-0.049
-0.047
-0.047
-0.045
-0.043
-0.042
-0.043
-0.043
-0.042
-0.041
-0.039
-0.039
-0.04
