-0.043
-0.047
0.004
0.066
0.141
0.233
0.336
0.384
0.358
0.305
0.228
0.128
0.014
-0.038
-0.064
-0.079
-0.079
-0.066
-0.051
-0.05
-0.049
-0.049
-0.05
-0.049
-0.047
-0.047
-0.039
-0.031
-0.022
-0.009
0.008
0.018
0.036
0.053
0.067
0.082
0.096
0.098
0.101
0.1
0.099
0.098
0.098
0.096
0.087
0.074
0.06
0.046
0.032
0.022
0.006
-0.012
-0.029
-0.042
-0.052
-0.055
-0.053
-0.054
-0.054
-0.053
-0.051
-0.05
-0.049
-0.049
-0.051
-0.05
-0.048
-0.046
-0.045
-0.045
-0.048
-0.049
-0.047
-0.047
-0.045
-0.046
-0.046
-0.047
-0.045
-0.044
-0.043
-0.043
-0.045
-0.045
-0.044
-0.044
-0.038
-0.033
-0.028
-0.021
-0.009
-0.002
0.006
0.013
0.017
0.018
0.018
0.015
0.003
-0.011
-0.025
-0.037
-0.045
-0.044
-0.043
-0.043
-0.044
-0.044
-0.043
-0.042
-0.039
-0.038
0.035
0.116
0.21
0.312
0.407
0.409
0.338
0.24
0.121
0.011
-0.08
-0.1
-0.099
-0.087
-0.075
-0.066
-0.06
-0.059
-0.058
-0.057
-0.059
-0.06
-0.059
-0.057
-0.046
-0.033
-0.021
-0.007
0.009
0.018
0.035
0.049
0.062
0.073
0.082
0.081
0.08
0.079
0.077
0.074
0.063
0.049
0.032
0.013
-0.005
-0.014
-0.028
-0.041
-0.053
-0.064
-0.071
-0.07
-0.067
-0.066
-0.066
-0.067
-0.066
-0.066
-0.063
-0.061
-0.062
-0.063
-0.062
-0.062
-0.06
-0.058
-0.059
-0.06
-0.059
-0.058
-0.057
-0.055
-0.056
-0.058
-0.057
-0.056
-0.054
-0.052
-0.052
-0.052
-0.052
-0.051
-0.043
-0.035
-0.028
-0.018
-0.005
0.001
0.007
0.01
0.009
0.004
-0.002
-0.008
-0.018
-0.027
-0.036
-0.044
-0.051
-0.051
-0.049
-0.047
-0.047
-0.048
-0.047
-0.047
-0.046
-0.031
-0.003
0.034
0.083
0.142
0.224
0.298
0.349
0.379
0.386
0.341
0.227
0.119
0.026
-0.052
-0.111
-0.1
-0.084
-0.073
-0.066
-0.064
-0.064
-0.064
-0.064
-0.061
-0.057
-0.052
-0.045
-0.036
-0.02
-0.008
