-0.058
-0.047
-0.023
-0.005
0.013
0.03
0.038
0.04
0.049
0.055
0.058
0.066
0.065
0.062
0.054
0.043
0.032
0.018
0.001
-0.017
-0.032
-0.045
-0.055
-0.062
-0.066
-0.067
-0.068
-0.068
-0.067
-0.068
-0.068
-0.067
-0.066
-0.066
-0.065
-0.065
-0.064
-0.063
-0.062
-0.061
-0.06
-0.063
-0.072
-0.076
-0.059
-0.02
0.043
0.135
0.248
0.367
0.482
0.589
0.693
0.776
0.814
0.802
0.742
0.636
0.503
0.361
0.225
0.096
-0.023
-0.114
-0.177
-0.204
-0.205
-0.18
-0.158
-0.142
-0.133
-0.123
-0.122
-0.12
-0.119
-0.118
-0.116
-0.114
-0.113
-0.11
-0.108
-0.106
-0.104
-0.104
-0.102
-0.097
-0.09
-0.079
-0.062
-0.042
-0.024
-0.007
0.01
0.026
0.044
0.063
0.08
0.099
0.118
0.137
0.152
0.163
0.17
0.174
0.176
0.177
0.179
0.18
0.18
0.178
0.175
0.171
0.165
0.16
0.153
0.143
0.132
0.119
0.104
0.084
0.063
0.043
0.023
0.003
-0.016
-0.033
-0.05
-0.066
-0.083
-0.1
-0.114
-0.125
-0.133
-0.136
-0.135
-0.135
-0.134
-0.132
-0.131
-0.131
-0.13
-0.13
-0.13
-0.129
-0.127
-0.126
-0.125
-0.123
-0.122
-0.12
-0.119
-0.119
-0.118
-0.117
-0.117
-0.116
-0.114
-0.113
-0.111
-0.108
-0.108
-0.107
-0.106
-0.106
-0.106
-0.104
-0.103
-0.102
-0.101
-0.1
-0.1
-0.1
-0.1
-0.099
-0.097
-0.095
-0.095
-0.094
-0.093
-0.092
-0.091
-0.09
-0.088
-0.086
-0.085
-0.085
-0.084
-0.08
-0.073
-0.061
-0.045
-0.028
-0.011
0.005
0.021
0.033
0.043
0.049
0.053
0.053
0.051
0.047
0.04
0.029
0.017
0.002
-0.015
-0.031
-0.046
-0.06
-0.07
-0.076
-0.079
-0.079
-0.079
-0.08
-0.08
-0.08
-0.08
-0.079
-0.078
-0.078
-0.077
-0.076
-0.076
-0.075
-0.075
-0.074
-0.073
-0.075
-0.083
-0.088
-0.072
-0.033
0.035
0.134
0.247
0.357
0.468
0.583
0.695
0.776
0.811
0.796
0.73
0.615
0.483
0.353
0.223
0.086
