-0.05
-0.047
-0.047
-0.046
-0.044
-0.044
-0.044
-0.041
-0.032
-0.02
-0.006
0.01
0.026
0.035
0.05
0.063
0.077
0.09
0.101
0.103
0.104
0.104
0.103
0.102
0.1
0.094
0.079
0.063
0.048
0.034
0.019
0.01
-0.006
-0.023
-0.035
-0.045
-0.053
-0.052
-0.051
-0.051
-0.051
-0.048
-0.046
-0.046
-0.044
-0.045
-0.044
-0.042
-0.039
-0.039
-0.039
-0.041
-0.041
-0.041
-0.039
-0.039
-0.039
-0.041
-0.041
-0.04
-0.039
-0.039
-0.039
-0.04
-0.04
-0.039
-0.037
-0.036
-0.031
-0.026
-0.018
-0.006
0.008
0.016
0.022
0.025
0.025
0.025
0.022
0.016
0.003
-0.01
-0.021
-0.03
-0.035
-0.036
-0.036
-0.038
-0.038
-0.037
-0.036
-0.036
-0.038
-0.044
-0.047
-0.039
0.048
0.149
0.256
0.348
0.334
0.23
0.117
0.006
-0.09
-0.086
-0.072
-0.062
-0.055
-0.052
-0.049
-0.05
-0.047
-0.047
-0.047
-0.045
-0.04
-0.037
-0.019
-0.005
0.01
0.028
0.046
0.05
0.063
0.072
0.08
0.089
0.097
0.098
0.098
0.096
0.092
0.088
0.084
0.078
0.061
0.043
0.024
0.006
-0.01
-0.018
-0.031
-0.043
-0.053
-0.061
-0.065
-0.065
-0.063
-0.064
-0.065
-0.064
-0.062
-0.062
-0.06
-0.06
-0.061
-0.06
-0.058
-0.059
-0.057
-0.058
-0.059
-0.059
-0.057
-0.057
-0.056
-0.057
-0.057
-0.057
-0.055
-0.055
-0.053
-0.053
-0.053
-0.053
-0.051
-0.05
-0.04
-0.029
-0.018
-0.005
0.01
0.015
0.016
0.013
0.007
-0.001
-0.008
-0.016
-0.025
-0.035
-0.043
-0.049
-0.052
-0.051
-0.049
-0.048
-0.048
-0.048
-0.047
-0.046
-0.047
-0.039
-0.019
0.013
0.058
0.114
0.205
0.27
0.31
0.326
0.32
0.253
0.153
0.068
-0.001
-0.052
-0.087
-0.076
-0.067
-0.065
-0.066
-0.065
-0.063
-0.062
-0.059
-0.057
-0.055
-0.051
-0.043
-0.035
-0.018
-0.001
0.016
0.032
0.051
0.059
0.072
0.08
0.086
0.092
0.099
0.098
0.098
0.093
0.086
0.079
0.072
0.064
