-0.032
-0.024
-0.002
0.032
0.127
0.229
0.318
0.381
0.422
0.389
0.282
0.168
0.065
-0.022
-0.088
-0.083
-0.069
-0.056
-0.048
-0.046
-0.046
-0.045
-0.043
-0.041
-0.042
-0.043
-0.04
-0.037
-0.023
-0.008
0.007
0.022
0.038
0.047
0.063
0.078
0.087
0.093
0.1
0.101
0.102
0.102
0.098
0.093
0.087
0.081
0.066
0.051
0.033
0.013
-0.006
-0.015
-0.027
-0.036
-0.045
-0.055
-0.061
-0.062
-0.061
-0.059
-0.058
-0.058
-0.057
-0.056
-0.054
-0.052
-0.052
-0.053
-0.052
-0.052
-0.052
-0.05
-0.051
-0.053
-0.054
-0.053
-0.052
-0.05
-0.049
-0.051
-0.051
-0.051
-0.053
-0.052
-0.04
-0.03
-0.02
-0.006
0.008
0.013
0.015
0.015
0.011
0.002
-0.006
-0.015
-0.026
-0.035
-0.042
-0.05
-0.055
-0.055
-0.053
-0.05
-0.048
-0.049
-0.049
-0.049
-0.051
-0.043
-0.023
0.007
0.05
0.107
0.172
0.213
0.232
0.224
0.19
0.123
0.05
-0.007
-0.05
-0.076
-0.085
-0.073
-0.065
-0.059
-0.056
-0.057
-0.057
-0.056
-0.056
-0.053
-0.05
-0.047
-0.038
-0.03
-0.013
0.005
0.023
0.034
0.049
0.058
0.068
0.078
0.087
0.092
0.089
0.086
0.08
0.073
0.065
0.061
0.044
0.027
0.011
-0.008
-0.028
-0.038
-0.047
-0.053
-0.057
-0.06
-0.062
-0.062
-0.062
-0.06
-0.059
-0.058
-0.058
-0.058
-0.059
-0.057
-0.056
-0.057
-0.057
-0.056
-0.057
-0.055
-0.052
-0.052
-0.053
-0.051
-0.052
-0.05
-0.048
-0.047
-0.048
-0.047
-0.047
-0.045
-0.043
-0.042
-0.04
-0.035
-0.024
-0.01
0.004
0.015
0.023
0.023
0.015
0.01
0.004
-0.005
-0.017
-0.022
-0.03
-0.035
-0.037
-0.04
-0.042
-0.041
-0.041
-0.04
-0.038
-0.037
-0.038
-0.037
0.006
0.04
0.084
0.139
0.204
0.239
0.252
0.269
0.262
0.227
0.166
0.125
0.062
0.013
-0.021
-0.042
-0.052
-0.051
-0.051
-0.051
-0.05
-0.051
-0.052
-0.051
-0.045
-0.037
-0.027
-0.013
0.003
0.012
0.031
0.048
0.063
0.077
0.092
0.096
0.101
0.103
0.102
0.102
0.102
0.099
0.092
0.082
0.068
0.054
0.04
0.031
0.015
-0.002
-0.02
-0.037
-0.051
-0.054
-0.053
-0.053
-0.053
-0.054
-0.053
-0.053
-0.051
-0.05
-0.05
-0.05
-0.049
-0.048
-0.045
-0.045
-0.045
-0.047
-0.046
-0.046
-0.043
-0.041
-0.04
-0.041
-0.041
-0.041
-0.039
-0.038
-0.038
-0.039
-0.038
-0.038
-0.035
-0.031
-0.026
-0.021
-0.013
-0.003
0.009
0.018
0.024
0.027
0.029
0.026
0.015
0.004
-0.009
-0.022
-0.033
-0.036
-0.036
-0.035
-0.036
-0.038
-0.037
-0.037
-0.035
-0.033
-0.035
-0.04
-0.043
-0.038
0.026
0.101
0.19
0.289
0.385
0.41
0.36
0.284
0.181
0.061
-0.044
-0.078
-0.09
-0.087
-0.075
-0.064
-0.056
-0.055
-0.055
-0.054
-0.054
-0.055
-0.055
-0.053
-0.041
-0.029
-0.017
-0.003
0.013
0.02
0.038
0.055
0.071
0.084
0.092
0.089
0.089
0.085
0.074
0.063
0.048
0.03
0.012
0.002
-0.013
-0.028
-0.042
-0.055
-0.065
-0.066
-0.064
-0.062
-0.061
-0.062
-0.062
-0.061
-0.06
-0.059
-0.058
-0.059
-0.059
-0.058
-0.057
-0.056
-0.056
-0.058
-0.059
-0.059
-0.057
-0.055
-0.054
-0.056
-0.055
-0.055
-0.054
-0.052
-0.051
-0.053
-0.054
-0.053
-0.047
-0.038
-0.027
-0.018
-0.007
0.001
0.008
0.014
0.017
0.015
0.011
0.005
-0.007
-0.017
-0.027
-0.037
-0.045
-0.046
-0.046
-0.045
-0.045
-0.047
-0.048
-0.047
-0.047
-0.049
-0.052
-0.048
-0.032
-0.002
0.089
0.193
0.289
0.361
0.408
0.383
0.283
0.168
0.063
-0.028
-0.102
-0.103
-0.091
-0.077
-0.067
-0.063
-0.062
-0.061
-0.06
-0.057
-0.055
-0.056
-0.054
-0.051
-0.039
-0.024
-0.007
0.008
0.023
0.034
0.049
0.063
0.076
0.084
0.092
0.093
0.093
0.093
0.091
0.086
0.08
0.074
0.06
0.046
0.03
0.012
-0.007
-0.016
-0.029
-0.04
-0.048
-0.056
-0.064
-0.064
-0.062
-0.06
