0.039
0.04
0.042
0.04
0.038
0.04
0.048
0.048
0.045
0.043
0.044
0.036
0.036
0.034
0.029
0.03
0.031
0.032
0.03
0.033
0.035
0.036
0.036
0.034
0.033
0.034
0.034
0.034
0.032
0.031
0.031
0.032
0.033
0.032
0.03
0.03
0.039
0.038
0.035
0.035
0.036
0.029
0.029
0.029
0.028
0.03
0.036
0.045
0.053
0.066
0.084
0.102
0.117
0.129
0.139
0.147
0.152
0.154
0.152
0.148
0.143
0.135
0.123
0.107
0.09
0.073
0.056
0.041
0.028
0.019
0.015
0.013
0.012
0.01
0.009
0.009
0.009
0.008
0.007
0.007
0.007
0.009
0.01
0.009
0.009
0.01
0.01
0.009
0.002
-0.008
-0.006
0.022
0.072
0.146
0.247
0.359
0.476
0.59
0.696
0.793
0.817
0.831
0.796
0.713
0.592
0.498
0.36
0.223
0.092
-0.017
-0.092
-0.137
-0.146
-0.128
-0.102
-0.083
-0.071
-0.067
-0.067
-0.067
-0.066
-0.065
-0.064
-0.063
-0.063
-0.062
-0.06
-0.06
-0.061
-0.061
-0.049
-0.046
-0.039
-0.029
-0.015
-0.009
0.01
0.029
0.046
0.061
0.077
0.096
0.116
0.133
0.152
0.17
0.186
0.197
0.206
0.212
0.215
0.218
0.221
0.222
0.221
0.22
0.218
0.213
0.207
0.2
0.194
0.187
0.177
0.164
0.15
0.132
0.111
0.089
0.069
0.049
0.031
0.014
-0.004
-0.022
-0.04
-0.057
-0.075
-0.088
-0.097
-0.103
-0.104
-0.102
-0.101
-0.1
-0.1
-0.099
-0.096
-0.096
-0.096
-0.095
-0.094
-0.094
-0.094
-0.094
-0.1
-0.099
-0.097
-0.095
-0.102
-0.094
-0.093
-0.093
-0.093
-0.085
-0.085
-0.084
-0.082
-0.081
-0.08
-0.08
-0.078
-0.078
-0.077
-0.076
-0.075
-0.074
-0.073
-0.072
-0.072
-0.072
-0.071
-0.07
-0.07
-0.07
-0.077
-0.076
-0.075
-0.074
-0.074
-0.066
-0.065
-0.064
-0.063
-0.061
-0.056
-0.047
-0.035
-0.019
-0.003
0.014
0.029
0.043
0.056
0.064
0.069
0.071
0.071
0.068
0.062
0.054
