0.377
0.322
0.256
0.188
0.12
0.053
-0.008
-0.056
-0.086
-0.098
-0.093
-0.08
-0.068
-0.061
-0.058
-0.057
-0.056
-0.054
-0.054
-0.052
-0.052
-0.051
-0.051
-0.05
-0.049
-0.048
-0.048
-0.049
-0.049
-0.046
-0.042
-0.036
-0.027
-0.018
-0.009
0
0.01
0.018
0.027
0.037
0.047
0.057
0.067
0.076
0.082
0.087
0.091
0.093
0.095
0.096
0.096
0.096
0.095
0.094
0.092
0.091
0.089
0.087
0.084
0.08
0.075
0.068
0.06
0.05
0.039
0.029
0.02
0.011
0.001
-0.007
-0.016
-0.025
-0.034
-0.043
-0.051
-0.057
-0.061
-0.062
-0.062
-0.061
-0.061
-0.061
-0.06
-0.06
-0.06
-0.059
-0.058
-0.058
-0.058
-0.057
-0.056
-0.055
-0.054
-0.054
-0.054
-0.054
-0.054
-0.054
-0.054
-0.054
-0.054
-0.053
-0.052
-0.051
-0.051
-0.049
-0.048
-0.047
-0.046
-0.045
-0.044
-0.044
-0.044
-0.043
-0.044
-0.044
-0.044
-0.045
-0.045
-0.044
-0.043
-0.043
-0.042
-0.041
-0.042
-0.041
-0.04
-0.04
-0.04
-0.039
-0.039
-0.037
-0.033
-0.028
-0.02
-0.011
-0.003
0.005
0.012
0.018
0.023
0.027
0.03
0.03
0.029
0.026
0.023
0.018
0.012
0.005
-0.003
-0.012
-0.02
-0.027
-0.032
-0.035
-0.036
-0.037
-0.038
-0.039
-0.038
-0.038
-0.038
-0.038
-0.037
-0.037
-0.037
-0.037
-0.037
-0.037
-0.038
-0.037
-0.04
-0.041
-0.045
-0.047
-0.039
-0.018
0.014
0.061
0.117
0.173
0.23
0.285
0.34
0.382
0.402
0.396
0.365
0.31
0.242
0.174
0.107
0.04
-0.022
-0.069
-0.098
-0.111
-0.108
-0.095
-0.085
-0.078
-0.072
-0.071
-0.07
-0.069
-0.067
-0.067
-0.067
-0.066
-0.065
-0.065
-0.065
-0.063
-0.063
-0.063
-0.061
-0.058
-0.054
-0.049
-0.04
-0.03
-0.021
-0.012
-0.003
0.005
0.013
0.021
0.03
0.04
0.05
0.059
0.067
0.074
0.079
0.083
0.086
0.087
0.088
0.088
0.088
0.087
0.085
0.082
0.08
0.077
0.073
0.069
0.064
0.057
