0.043
0.03
0.014
-0.002
-0.018
-0.033
-0.047
-0.058
-0.064
-0.067
-0.068
-0.067
-0.067
-0.067
-0.067
-0.067
-0.066
-0.066
-0.065
-0.065
-0.063
-0.063
-0.063
-0.062
-0.07
-0.07
-0.073
-0.081
-0.087
-0.064
-0.026
0.042
0.141
0.253
0.363
0.474
0.59
0.703
0.788
0.824
0.81
0.742
0.625
0.491
0.36
0.229
0.093
-0.037
-0.13
-0.187
-0.211
-0.203
-0.177
-0.153
-0.137
-0.128
-0.125
-0.123
-0.121
-0.121
-0.12
-0.118
-0.117
-0.117
-0.116
-0.116
-0.115
-0.115
-0.114
-0.112
-0.107
-0.097
-0.084
-0.068
-0.05
-0.032
-0.014
0.003
0.018
0.035
0.054
0.073
0.092
0.111
0.128
0.141
0.151
0.159
0.16
0.163
0.166
0.168
0.17
0.174
0.172
0.169
0.164
0.158
0.152
0.145
0.137
0.126
0.114
0.098
0.079
0.057
0.037
0.016
-0.004
-0.022
-0.037
-0.054
-0.071
-0.088
-0.104
-0.118
-0.129
-0.135
-0.137
-0.137
-0.136
-0.135
-0.134
-0.133
-0.132
-0.131
-0.129
-0.128
-0.126
-0.124
-0.123
-0.121
-0.12
-0.118
-0.117
-0.116
-0.115
-0.114
-0.113
-0.113
-0.111
-0.11
-0.11
-0.11
-0.11
-0.11
-0.11
-0.109
-0.108
-0.106
-0.105
-0.103
-0.102
-0.101
-0.1
-0.1
-0.099
-0.099
-0.099
-0.099
-0.097
-0.097
-0.096
-0.095
-0.094
-0.094
-0.092
-0.091
-0.089
-0.088
-0.087
-0.086
-0.081
-0.073
-0.062
-0.048
-0.032
-0.015
0.001
0.014
0.026
0.035
0.045
0.048
0.049
0.048
0.044
0.034
0.024
0.012
-0.001
-0.017
-0.034
-0.049
-0.062
-0.072
-0.078
-0.082
-0.083
-0.083
-0.083
-0.083
-0.083
-0.083
-0.082
-0.081
-0.08
-0.079
-0.078
-0.077
-0.076
-0.075
-0.073
-0.072
-0.075
-0.084
-0.088
-0.071
-0.033
0.03
0.123
0.235
0.351
0.463
0.57
0.674
0.754
0.789
0.775
0.713
0.605
0.472
0.335
0.203
0.075
-0.043
-0.133
-0.192
-0.216
-0.207
-0.18
-0.157
-0.14
-0.132
-0.131
-0.13
-0.128
-0.127
-0.125
-0.123
