0.095
0.094
0.091
0.088
0.086
0.083
0.066
0.05
0.032
0.015
-0.001
-0.005
-0.02
-0.032
-0.044
-0.056
-0.066
-0.064
-0.065
-0.065
-0.064
-0.063
-0.063
-0.063
-0.063
-0.063
-0.063
-0.061
-0.061
-0.06
-0.06
-0.06
-0.06
-0.059
-0.058
-0.057
-0.057
-0.057
-0.056
-0.055
-0.053
-0.052
-0.051
-0.051
-0.037
-0.026
-0.013
0
0.012
0.012
0.011
0.007
0.003
-0.002
-0.01
-0.018
-0.029
-0.039
-0.045
-0.049
-0.052
-0.051
-0.05
-0.049
-0.047
-0.045
-0.044
-0.044
-0.043
-0.029
-0.002
0.037
0.086
0.144
0.222
0.275
0.305
0.31
0.29
0.221
0.126
0.047
-0.012
-0.054
-0.082
-0.072
-0.066
-0.065
-0.065
-0.063
-0.061
-0.06
-0.054
-0.053
-0.048
-0.041
-0.033
-0.029
-0.014
0.002
0.017
0.035
0.052
0.062
0.073
0.08
0.087
0.093
0.096
0.093
0.088
0.082
0.076
0.07
0.062
0.054
0.034
0.016
-0.001
-0.017
-0.033
-0.04
-0.048
-0.056
-0.061
-0.062
-0.06
-0.061
-0.059
-0.058
-0.059
-0.056
-0.054
-0.054
-0.055
-0.055
-0.056
-0.055
-0.053
-0.052
-0.05
-0.05
-0.049
-0.048
-0.045
-0.045
-0.045
-0.046
-0.045
-0.044
-0.042
-0.042
-0.042
-0.042
-0.043
-0.041
-0.036
-0.03
-0.017
-0.004
0.009
0.02
0.031
0.032
0.027
0.018
0.009
-0.001
-0.011
-0.018
-0.025
-0.031
-0.035
-0.036
-0.035
-0.034
-0.034
-0.034
-0.033
-0.033
-0.032
-0.031
-0.003
0.033
0.083
0.144
0.218
0.274
0.3
0.301
0.278
0.232
0.144
0.075
0.02
-0.023
-0.052
-0.05
-0.049
-0.05
-0.049
-0.049
-0.046
-0.046
-0.041
-0.036
-0.03
-0.02
-0.008
0.001
0.018
0.033
0.049
0.065
0.082
0.088
0.094
0.097
0.099
0.101
0.104
0.102
0.096
0.086
0.075
0.064
0.052
0.04
0.024
0.006
-0.012
-0.028
-0.041
-0.048
-0.051
-0.054
-0.056
-0.055
-0.053
-0.052
-0.051
-0.052
-0.053
-0.054
-0.053
-0.053
-0.051
-0.052
-0.052
-0.05
