-0.038
-0.037
-0.035
-0.035
-0.038
-0.042
0
0.054
0.12
0.198
0.289
0.344
0.338
0.309
0.256
0.176
0.068
0.003
-0.037
-0.061
-0.07
-0.066
-0.053
-0.052
-0.052
-0.051
-0.048
-0.048
-0.048
-0.048
-0.039
-0.031
-0.019
-0.007
0.005
0.01
0.026
0.043
0.062
0.078
0.094
0.101
0.1
0.1
0.099
0.096
0.083
0.077
0.067
0.056
0.04
0.033
0.012
-0.009
-0.026
-0.04
-0.052
-0.051
-0.05
-0.047
-0.047
-0.047
-0.049
-0.05
-0.05
-0.05
-0.05
-0.05
-0.051
-0.051
-0.05
-0.05
-0.048
-0.045
-0.045
-0.046
-0.045
-0.045
-0.044
-0.043
-0.043
-0.044
-0.043
-0.043
-0.041
-0.04
-0.04
-0.04
-0.035
-0.029
-0.021
-0.01
0.004
0.012
0.02
0.028
0.033
0.033
0.03
0.026
0.012
-0.002
-0.018
-0.03
-0.043
-0.046
-0.046
-0.044
-0.044
-0.046
-0.05
-0.046
-0.028
0.003
0.095
0.197
0.291
0.36
0.406
0.38
0.279
0.164
0.059
-0.031
-0.103
-0.102
-0.089
-0.075
-0.067
-0.063
-0.062
-0.061
-0.06
-0.059
-0.059
-0.06
-0.058
-0.053
-0.039
-0.022
-0.006
0.009
0.025
0.035
0.049
0.062
0.072
0.079
0.085
0.086
0.087
0.086
0.083
0.078
0.072
0.067
0.053
0.04
0.023
0.005
-0.013
-0.021
-0.034
-0.045
-0.055
-0.065
-0.072
-0.072
-0.071
-0.069
-0.067
-0.068
-0.067
-0.066
-0.065
-0.064
-0.063
-0.064
-0.064
-0.064
-0.063
-0.061
-0.059
-0.06
-0.059
-0.058
-0.06
-0.058
-0.058
-0.059
-0.059
-0.057
-0.058
-0.056
-0.055
-0.055
-0.055
-0.053
-0.042
-0.029
-0.017
-0.004
0.009
0.013
0.01
0.01
0.005
-0.002
-0.013
-0.016
-0.029
-0.036
-0.044
-0.05
-0.055
-0.054
-0.053
-0.051
-0.05
-0.05
-0.05
-0.049
-0.052
-0.045
-0.026
0.002
0.042
0.098
0.195
0.27
0.32
0.341
0.339
0.272
0.166
0.08
0.01
-0.046
-0.087
-0.076
-0.067
-0.061
-0.059
-0.059
-0.06
-0.06
-0.06
-0.058
-0.055
-0.051
