-0.06
-0.061
-0.059
-0.058
-0.055
-0.053
-0.053
-0.055
-0.055
-0.056
-0.055
-0.053
-0.052
-0.052
-0.051
-0.051
-0.048
-0.046
-0.046
-0.047
-0.045
-0.045
-0.037
-0.028
-0.02
-0.01
0.002
0.009
0.016
0.022
0.023
0.019
0.015
0.008
-0.002
-0.012
-0.023
-0.033
-0.04
-0.04
-0.039
-0.036
-0.036
-0.037
-0.036
-0.035
-0.035
-0.037
-0.04
-0.034
-0.015
0.018
0.113
0.217
0.307
0.373
0.415
0.383
0.277
0.162
0.06
-0.027
-0.095
-0.09
-0.078
-0.065
-0.054
-0.048
-0.047
-0.046
-0.043
-0.044
-0.047
-0.048
-0.044
-0.04
-0.026
-0.009
0.007
0.021
0.038
0.047
0.062
0.076
0.087
0.094
0.102
0.103
0.105
0.105
0.103
0.097
0.091
0.085
0.071
0.056
0.028
0.001
-0.027
-0.044
-0.056
-0.053
-0.052
-0.051
-0.051
-0.051
-0.054
-0.055
-0.054
-0.051
-0.052
-0.049
-0.049
-0.051
-0.052
-0.05
-0.051
-0.05
-0.049
-0.05
-0.051
-0.048
-0.049
-0.046
-0.045
-0.046
-0.047
-0.044
-0.033
-0.021
-0.008
0.004
0.016
0.019
0.016
0.01
0.004
-0.004
-0.015
-0.022
-0.028
-0.033
-0.039
-0.043
-0.044
-0.043
-0.044
-0.043
-0.042
-0.043
-0.044
-0.042
-0.024
-0.015
0.005
0.035
0.076
0.112
0.177
0.247
0.265
0.282
0.275
0.237
0.14
0.083
0.016
-0.037
-0.076
-0.071
-0.064
-0.059
-0.056
-0.057
-0.058
-0.057
-0.056
-0.053
-0.046
-0.037
-0.027
-0.018
-0
0.013
0.024
0.034
0.047
0.054
0.064
0.073
0.081
0.088
0.091
0.09
0.086
0.078
0.067
0.056
0.045
0.035
0.019
0.002
-0.016
-0.034
-0.049
-0.057
-0.062
-0.067
-0.07
-0.071
-0.069
-0.068
-0.066
-0.065
-0.066
-0.065
-0.063
-0.062
-0.059
-0.059
-0.061
-0.062
-0.061
-0.061
-0.059
-0.059
-0.06
-0.06
-0.058
-0.057
-0.056
-0.056
-0.056
-0.055
-0.056
-0.055
-0.054
-0.054
-0.054
-0.048
-0.042
-0.034
-0.019
-0.007
0.002
0.01
0.017
0.017
0.01
-0.001
