-0.084
-0.082
-0.082
-0.082
-0.082
-0.082
-0.079
-0.072
-0.062
-0.049
-0.034
-0.016
0.004
0.019
0.031
0.042
0.051
0.053
0.055
0.055
0.053
0.047
0.037
0.025
0.013
-0.003
-0.02
-0.038
-0.052
-0.063
-0.072
-0.076
-0.078
-0.079
-0.08
-0.08
-0.079
-0.079
-0.079
-0.079
-0.079
-0.079
-0.078
-0.077
-0.076
-0.075
-0.075
-0.075
-0.075
-0.081
-0.088
-0.081
-0.05
0.004
0.125
0.229
0.345
0.464
0.578
0.642
0.737
0.795
0.804
0.763
0.675
0.551
0.414
0.272
0.138
0.012
-0.093
-0.167
-0.197
-0.203
-0.182
-0.156
-0.137
-0.139
-0.135
-0.133
-0.131
-0.129
-0.127
-0.126
-0.124
-0.124
-0.123
-0.122
-0.121
-0.12
-0.119
-0.118
-0.113
-0.106
-0.094
-0.079
-0.061
-0.043
-0.025
-0.008
0.007
0.024
0.043
0.063
0.081
0.1
0.118
0.134
0.146
0.155
0.161
0.165
0.169
0.172
0.175
0.177
0.176
0.173
0.169
0.163
0.156
0.149
0.141
0.13
0.118
0.105
0.088
0.065
0.043
0.024
0.004
-0.015
-0.032
-0.049
-0.066
-0.083
-0.101
-0.118
-0.131
-0.139
-0.142
-0.142
-0.14
-0.138
-0.136
-0.136
-0.135
-0.133
-0.135
-0.134
-0.132
-0.13
-0.126
-0.121
-0.12
-0.118
-0.118
-0.121
-0.119
-0.118
-0.118
-0.116
-0.115
-0.113
-0.112
-0.11
-0.108
-0.107
-0.106
-0.105
-0.104
-0.103
-0.102
-0.101
-0.101
-0.101
-0.1
-0.1
-0.099
-0.099
-0.098
-0.097
-0.095
-0.094
-0.094
-0.093
-0.091
-0.09
-0.09
-0.088
-0.087
-0.086
-0.085
-0.084
-0.081
-0.075
-0.065
-0.052
-0.036
-0.019
-0.003
0.012
0.026
0.037
0.045
0.05
0.051
0.051
0.039
0.034
0.025
0.015
0
-0.006
-0.022
-0.037
-0.052
-0.063
-0.072
-0.077
-0.079
-0.081
-0.081
-0.08
-0.079
-0.078
-0.076
-0.075
-0.075
-0.074
-0.074
-0.073
-0.072
-0.072
-0.071
-0.07
-0.071
-0.077
-0.086
-0.08
-0.051
0.003
0.134
0.246
0.358
0.468
0.579
0.648
0.75
0.807
