-0.022
-0.034
-0.043
-0.045
-0.043
-0.043
-0.045
-0.046
-0.046
-0.046
-0.044
-0.044
-0.048
-0.054
-0.05
-0.035
0.04
0.127
0.227
0.326
0.405
0.41
0.342
0.247
0.13
0.019
-0.072
-0.094
-0.095
-0.084
-0.071
-0.062
-0.055
-0.054
-0.052
-0.052
-0.053
-0.054
-0.053
-0.051
-0.039
-0.026
-0.013
0.001
0.018
0.027
0.046
0.061
0.073
0.083
0.093
0.095
0.097
0.098
0.096
0.092
0.09
0.087
0.077
0.064
0.047
0.028
0.011
0.001
-0.012
-0.023
-0.035
-0.047
-0.055
-0.056
-0.053
-0.05
-0.05
-0.05
-0.05
-0.05
-0.049
-0.047
-0.048
-0.048
-0.047
-0.047
-0.045
-0.043
-0.043
-0.044
-0.043
-0.042
-0.04
-0.039
-0.04
-0.041
-0.041
-0.04
-0.04
-0.038
-0.035
-0.034
-0.035
-0.034
-0.026
-0.02
-0.006
0.007
0.018
0.022
0.024
0.017
0.003
-0.009
-0.019
-0.027
-0.035
-0.035
-0.032
-0.032
-0.033
-0.033
-0.031
-0.031
-0.033
-0.036
-0.036
-0.023
0.001
0.041
0.143
0.243
0.322
0.376
0.406
0.362
0.247
0.139
0.046
-0.033
-0.094
-0.082
-0.068
-0.057
-0.051
-0.049
-0.048
-0.048
-0.048
-0.046
-0.046
-0.046
-0.043
-0.036
-0.02
-0.004
0.012
0.027
0.043
0.051
0.062
0.074
0.082
0.087
0.093
0.096
0.092
0.093
0.09
0.083
0.077
0.075
0.054
0.034
0.014
-0.008
-0.03
-0.038
-0.046
-0.052
-0.058
-0.062
-0.063
-0.061
-0.062
-0.061
-0.06
-0.061
-0.062
-0.06
-0.062
-0.06
-0.06
-0.061
-0.061
-0.058
-0.06
-0.057
-0.056
-0.057
-0.058
-0.055
-0.057
-0.055
-0.054
-0.056
-0.056
-0.054
-0.055
-0.053
-0.052
-0.053
-0.054
-0.05
-0.039
-0.026
-0.013
-0
0.011
0.014
0.01
0.003
-0.004
-0.014
-0.027
-0.034
-0.04
-0.047
-0.051
-0.052
-0.051
-0.049
-0.048
-0.049
-0.05
-0.051
-0.05
-0.05
-0.025
0.01
0.058
0.117
0.189
0.246
0.279
0.284
0.265
0.224
0.159
0.093
0.033
-0.014
-0.048
-0.067
-0.071
-0.068
-0.066
-0.067
-0.068
-0.067
-0.066
-0.065
-0.06
-0.056
-0.05
-0.041
-0.029
-0.019
-0
0.016
0.032
0.048
0.066
0.072
0.079
0.082
0.085
0.086
0.088
0.087
0.084
0.075
0.063
0.052
0.041
0.03
0.015
-0.003
-0.022
-0.039
-0.053
-0.06
-0.062
-0.065
-0.066
-0.066
-0.063
-0.063
-0.062
-0.061
-0.062
-0.062
-0.06
-0.06
-0.058
-0.057
-0.058
-0.059
-0.057
-0.057
-0.055
-0.055
-0.056
-0.057
-0.057
-0.057
-0.054
-0.054
-0.054
-0.054
-0.052
-0.052
-0.05
-0.05
-0.047
-0.043
-0.029
-0.015
-0.002
0.012
0.022
0.022
0.011
0.001
-0.012
-0.025
-0.036
-0.036
-0.039
-0.04
-0.043
-0.044
-0.044
-0.042
-0.04
-0.039
-0.04
-0.04
-0.04
-0.044
0.005
0.063
0.132
0.216
0.315
0.367
0.353
0.312
0.228
0.13
0.024
-0.022
-0.053
-0.053
-0.052
-0.051
-0.052
-0.053
-0.051
-0.05
-0.041
-0.032
-0.023
-0.012
0.001
0.01
0.028
0.045
0.06
0.074
0.089
0.093
0.098
0.101
0.1
0.098
0.098
0.095
0.088
0.078
0.064
0.049
0.035
0.024
0.009
-0.007
-0.024
-0.04
-0.052
-0.054
-0.054
-0.053
-0.053
-0.054
-0.054
-0.053
-0.05
-0.049
-0.051
-0.052
-0.051
-0.05
-0.047
-0.045
-0.046
-0.047
-0.046
-0.046
-0.044
-0.041
-0.042
-0.042
-0.041
-0.04
-0.038
-0.037
-0.038
-0.04
-0.04
-0.04
-0.036
-0.03
-0.025
-0.02
-0.01
-0.001
0.01
0.019
0.024
0.026
0.026
0.022
0.012
0
-0.014
-0.026
-0.036
-0.039
-0.037
-0.035
-0.036
-0.038
-0.039
-0.039
-0.039
-0.039
-0.042
-0.049
-0.049
-0.038
0.033
0.117
0.213
0.314
0.4
0.412
0.322
0.215
0.102
-0.006
-0.097
-0.09
-0.075
-0.065
-0.061
-0.058
-0.055
-0.055
-0.053
-0.051
-0.052
-0.053
-0.053
-0.052
-0.039
-0.026
-0.013
0.001
0.016
0.024
0.04
0.056
0.073
0.086
0.096
0.098
0.099
0.096
0.091
0.086
0.085
0.082
0.07
0.058
