-0.06
-0.059
-0.058
-0.058
-0.059
-0.06
-0.059
-0.057
-0.054
-0.054
-0.05
-0.048
-0.043
-0.036
-0.024
-0.016
-0.006
0.002
0.006
0.007
0.008
0.004
-0.006
-0.017
-0.03
-0.042
-0.052
-0.053
-0.052
-0.052
-0.053
-0.054
-0.053
-0.052
-0.05
-0.05
-0.033
-0.033
-0.046
-0.06
-0.067
-0.088
-0.089
-0.076
-0.063
-0.054
-0.048
-0.047
-0.046
-0.043
-0.043
-0.044
-0.043
-0.042
-0.03
-0.018
-0.006
0.008
0.024
0.033
0.051
0.067
0.081
0.092
0.103
0.104
0.105
0.106
0.102
0.097
0.094
0.09
0.077
0.064
0.048
0.03
0.012
0.003
-0.01
-0.022
-0.034
-0.045
-0.052
-0.051
-0.049
-0.047
-0.047
-0.049
-0.049
-0.049
-0.048
-0.047
-0.047
-0.048
-0.047
-0.047
-0.045
-0.043
-0.042
-0.043
-0.042
-0.042
-0.041
-0.041
-0.041
-0.043
-0.044
-0.044
-0.041
-0.038
-0.038
-0.038
-0.037
-0.037
-0.03
-0.02
-0.011
0
0.013
0.021
0.028
0.033
0.033
0.029
0.022
0.015
0.003
-0.006
-0.016
-0.025
-0.032
-0.033
-0.031
-0.028
-0.027
-0.028
-0.027
-0.028
-0.029
-0.033
-0.032
-0.021
0.004
0.041
0.14
0.241
0.323
0.38
0.413
0.373
0.263
0.153
0.057
-0.024
-0.086
-0.078
-0.066
-0.054
-0.049
-0.048
-0.049
-0.046
-0.048
-0.045
-0.044
-0.043
-0.041
-0.033
-0.018
-0
0.016
0.032
0.05
0.059
0.074
0.088
0.098
0.104
0.11
0.112
0.111
0.109
0.106
0.099
0.092
0.086
0.072
0.057
0.04
0.021
0.002
-0.006
-0.019
-0.029
-0.037
-0.046
-0.053
-0.05
-0.051
-0.048
-0.046
-0.047
-0.048
-0.046
-0.047
-0.046
-0.046
-0.047
-0.047
-0.043
-0.043
-0.041
-0.039
-0.04
-0.041
-0.039
-0.039
-0.037
-0.036
-0.034
-0.036
-0.038
-0.038
-0.036
-0.026
-0.015
-0.003
0.01
0.022
0.026
0.022
0.022
0.017
0.007
-0.004
-0.007
-0.019
-0.025
-0.031
-0.036
-0.04
-0.039
-0.04
-0.038
-0.037
-0.037
-0.039
-0.037
-0.017
-0.005
