-0.062
-0.059
-0.059
-0.062
-0.06
-0.057
-0.042
-0.026
-0.011
0.003
0.019
0.028
0.044
0.058
0.069
0.075
0.082
0.082
0.083
0.083
0.079
0.073
0.068
0.062
0.05
0.037
0.019
0
-0.017
-0.026
-0.038
-0.046
-0.057
-0.067
-0.074
-0.073
-0.071
-0.067
-0.067
-0.069
-0.068
-0.068
-0.065
-0.062
-0.061
-0.063
-0.064
-0.063
-0.062
-0.059
-0.059
-0.06
-0.061
-0.061
-0.059
-0.055
-0.055
-0.056
-0.056
-0.056
-0.055
-0.052
-0.052
-0.054
-0.055
-0.055
-0.046
-0.034
-0.022
-0.012
0
0.006
0.01
0.013
0.009
0.001
-0.006
-0.013
-0.022
-0.028
-0.034
-0.042
-0.048
-0.049
-0.048
-0.046
-0.045
-0.047
-0.048
-0.047
-0.051
-0.045
-0.029
-0.004
0.034
0.088
0.159
0.235
0.199
0.152
0.094
0.012
-0.082
-0.07
-0.06
-0.054
-0.051
-0.052
-0.053
-0.053
-0.052
-0.049
-0.047
-0.045
-0.04
-0.033
-0.016
0.003
0.021
0.035
0.05
0.06
0.073
0.085
0.094
0.098
0.102
0.103
0.103
0.102
0.097
0.088
0.078
0.069
0.053
0.038
0.021
0.001
-0.017
-0.026
-0.035
-0.04
-0.045
-0.051
-0.055
-0.055
-0.053
-0.049
-0.047
-0.047
-0.048
-0.048
-0.048
-0.046
-0.045
-0.046
-0.048
-0.047
-0.046
-0.044
-0.042
-0.043
-0.044
-0.044
-0.042
-0.04
-0.038
-0.039
-0.04
-0.039
-0.041
-0.037
-0.035
-0.037
-0.037
-0.032
-0.02
-0.004
0.012
0.024
0.034
0.036
0.027
0.022
0.015
0.003
-0.011
-0.014
-0.024
-0.027
-0.029
-0.033
-0.035
-0.032
-0.033
-0.03
-0.028
-0.029
-0.031
-0.029
0.006
0.034
0.073
0.12
0.18
0.217
0.241
0.271
0.274
0.25
0.2
0.163
0.093
0.039
-0.001
-0.032
-0.05
-0.049
-0.05
-0.047
-0.045
-0.046
-0.048
-0.045
-0.042
-0.036
-0.029
-0.023
-0.016
-0.009
0.008
0.026
0.043
0.057
0.071
0.077
0.084
0.093
0.099
0.1
0.099
0.1
0.089
0.078
0.068
0.056
0.04
0.03
0.015
-0.004
