-0.061
-0.061
-0.06
-0.059
-0.058
-0.058
-0.059
-0.058
-0.056
-0.055
-0.053
-0.054
-0.056
-0.057
-0.056
-0.055
-0.053
-0.054
-0.055
-0.055
-0.053
-0.053
-0.05
-0.051
-0.051
-0.048
-0.042
-0.036
-0.021
-0.009
0.001
0.01
0.019
0.019
0.009
-0
-0.012
-0.025
-0.035
-0.038
-0.041
-0.046
-0.05
-0.051
-0.051
-0.051
-0.05
-0.05
-0.051
-0.051
-0.049
-0.05
-0.014
0.032
0.087
0.157
0.241
0.297
0.307
0.292
0.25
0.184
0.095
0.03
-0.015
-0.049
-0.069
-0.076
-0.067
-0.067
-0.065
-0.064
-0.064
-0.065
-0.063
-0.063
-0.057
-0.051
-0.044
-0.035
-0.021
-0.012
0.006
0.023
0.039
0.054
0.071
0.076
0.083
0.085
0.085
0.085
0.087
0.084
0.079
0.07
0.057
0.044
0.031
0.022
0.005
-0.012
-0.03
-0.046
-0.06
-0.064
-0.067
-0.068
-0.069
-0.07
-0.069
-0.068
-0.065
-0.064
-0.065
-0.065
-0.062
-0.061
-0.058
-0.057
-0.059
-0.06
-0.059
-0.059
-0.057
-0.056
-0.057
-0.057
-0.055
-0.055
-0.052
-0.051
-0.052
-0.053
-0.051
-0.051
-0.049
-0.046
-0.042
-0.038
-0.03
-0.021
-0.008
0.003
0.01
0.015
0.019
0.017
0.008
-0.003
-0.017
-0.029
-0.039
-0.043
-0.043
-0.043
-0.044
-0.046
-0.046
-0.046
-0.044
-0.043
-0.044
-0.046
-0.05
-0.05
0.008
0.077
0.158
0.255
0.36
0.399
0.363
0.302
0.211
0.097
-0.017
-0.062
-0.083
-0.088
-0.078
-0.063
-0.053
-0.052
-0.05
-0.051
-0.053
-0.053
-0.051
-0.05
-0.04
-0.028
-0.017
-0.005
0.01
0.018
0.036
0.054
0.068
0.081
0.095
0.098
0.101
0.102
0.1
0.096
0.095
0.092
0.083
0.072
0.057
0.04
0.024
0.013
-0.002
-0.015
-0.03
-0.043
-0.052
-0.053
-0.051
-0.049
-0.048
-0.049
-0.05
-0.05
-0.048
-0.047
-0.048
-0.048
-0.048
-0.048
-0.048
-0.045
-0.044
-0.044
-0.043
-0.04
-0.041
-0.04
-0.041
-0.042
-0.043
-0.04
-0.04
-0.038
-0.038
-0.038
-0.038
-0.036
