0.809
0.773
0.688
0.567
0.435
0.3
0.16
0.027
-0.081
-0.157
-0.201
-0.214
-0.195
-0.168
-0.148
-0.135
-0.129
-0.128
-0.127
-0.126
-0.124
-0.122
-0.12
-0.118
-0.116
-0.115
-0.114
-0.113
-0.111
-0.11
-0.106
-0.099
-0.088
-0.074
-0.056
-0.037
-0.017
0.002
0.019
0.035
0.053
0.072
0.091
0.109
0.127
0.143
0.156
0.165
0.171
0.174
0.177
0.18
0.182
0.183
0.182
0.179
0.175
0.17
0.165
0.16
0.152
0.142
0.13
0.116
0.099
0.079
0.058
0.038
0.018
-0.001
-0.017
-0.035
-0.053
-0.069
-0.085
-0.102
-0.117
-0.127
-0.132
-0.134
-0.132
-0.131
-0.129
-0.127
-0.126
-0.126
-0.125
-0.124
-0.123
-0.122
-0.121
-0.119
-0.117
-0.115
-0.114
-0.113
-0.107
-0.107
-0.106
-0.104
-0.102
-0.105
-0.103
-0.102
-0.101
-0.1
-0.098
-0.097
-0.096
-0.096
-0.095
-0.094
-0.094
-0.093
-0.091
-0.09
-0.089
-0.089
-0.087
-0.087
-0.086
-0.085
-0.083
-0.082
-0.082
-0.081
-0.081
-0.081
-0.08
-0.079
-0.077
-0.076
-0.073
-0.067
-0.057
-0.045
-0.028
-0.01
0.007
0.023
0.037
0.049
0.057
0.062
0.064
0.064
0.062
0.057
0.049
0.039
0.026
0.01
-0.007
-0.024
-0.039
-0.051
-0.061
-0.067
-0.069
-0.07
-0.07
-0.07
-0.07
-0.07
-0.068
-0.067
-0.067
-0.065
-0.064
-0.064
-0.063
-0.063
-0.063
-0.063
-0.062
-0.067
-0.077
-0.072
-0.045
0.004
0.082
0.192
0.31
0.421
0.528
0.638
0.744
0.81
0.825
0.791
0.667
0.536
0.394
0.263
0.134
0.045
-0.072
-0.153
-0.194
-0.203
-0.182
-0.152
-0.13
-0.121
-0.115
-0.113
-0.113
-0.111
-0.109
-0.109
-0.108
-0.106
-0.104
-0.102
-0.102
-0.101
-0.1
-0.1
-0.098
-0.092
-0.081
-0.066
-0.047
-0.029
-0.011
0.006
0.022
0.039
0.058
0.076
0.094
0.114
0.133
0.147
0.159
0.169
0.177
0.181
0.185
0.187
0.188
0.187
0.186
0.183
0.179
0.174
0.169
0.163
0.156
0.146
