-0.059
-0.057
-0.055
-0.056
-0.057
-0.055
-0.056
-0.055
-0.054
-0.053
-0.054
-0.054
-0.055
-0.054
-0.053
-0.051
-0.05
-0.049
-0.049
-0.047
-0.044
-0.037
-0.031
-0.022
-0.01
0
0.009
0.016
0.019
0.016
0.002
-0.01
-0.022
-0.033
-0.045
-0.046
-0.048
-0.049
-0.048
-0.048
-0.048
-0.048
-0.048
-0.047
-0.047
-0.047
-0.051
-0.056
0.018
0.081
0.156
0.245
0.345
0.368
0.316
0.266
0.191
0.093
-0.012
-0.026
-0.054
-0.069
-0.069
-0.069
-0.068
-0.067
-0.066
-0.065
-0.064
-0.064
-0.053
-0.044
-0.033
-0.02
-0.007
-0.003
0.016
0.033
0.049
0.065
0.078
0.077
0.079
0.081
0.082
0.083
0.081
0.077
0.063
0.051
0.039
0.025
0.009
0.002
-0.017
-0.035
-0.05
-0.062
-0.071
-0.069
-0.068
-0.067
-0.067
-0.068
-0.068
-0.067
-0.066
-0.064
-0.063
-0.064
-0.064
-0.062
-0.061
-0.06
-0.06
-0.061
-0.061
-0.06
-0.058
-0.055
-0.053
-0.053
-0.053
-0.052
-0.052
-0.051
-0.051
-0.052
-0.053
-0.051
-0.043
-0.033
-0.022
-0.012
0.001
0.008
0.014
0.018
0.018
0.013
0.007
0.001
-0.011
-0.021
-0.03
-0.039
-0.046
-0.045
-0.045
-0.043
-0.043
-0.045
-0.045
-0.045
-0.047
-0.05
-0.044
-0.03
-0.002
0.04
0.142
0.24
0.315
0.364
0.39
0.343
0.228
0.123
0.035
-0.039
-0.096
-0.084
-0.071
-0.061
-0.055
-0.054
-0.054
-0.053
-0.052
-0.05
-0.048
-0.047
-0.044
-0.037
-0.023
-0.007
0.01
0.025
0.04
0.05
0.065
0.078
0.088
0.094
0.1
0.101
0.097
0.096
0.093
0.087
0.079
0.076
0.06
0.046
0.03
0.013
-0.004
-0.012
-0.024
-0.033
-0.041
-0.048
-0.054
-0.053
-0.053
-0.05
-0.049
-0.049
-0.049
-0.047
-0.047
-0.045
-0.044
-0.044
-0.045
-0.045
-0.045
-0.043
-0.041
-0.042
-0.043
-0.043
-0.042
-0.041
-0.039
-0.039
-0.038
-0.038
-0.038
-0.038
-0.038
-0.039
-0.04
-0.039
-0.028
-0.014
-0
0.012
0.023
0.027
