-0.062
-0.071
-0.077
-0.08
-0.081
-0.081
-0.08
-0.08
-0.079
-0.079
-0.077
-0.076
-0.076
-0.076
-0.075
-0.074
-0.073
-0.072
-0.072
-0.071
-0.069
-0.077
-0.081
-0.065
-0.026
0.034
0.126
0.235
0.345
0.453
0.561
0.665
0.745
0.779
0.765
0.704
0.598
0.469
0.338
0.211
0.076
-0.043
-0.132
-0.188
-0.211
-0.194
-0.167
-0.145
-0.13
-0.123
-0.121
-0.12
-0.119
-0.118
-0.122
-0.12
-0.119
-0.117
-0.115
-0.109
-0.108
-0.106
-0.105
-0.103
-0.098
-0.089
-0.077
-0.061
-0.044
-0.026
0.002
0.019
0.034
0.053
0.072
0.079
0.097
0.116
0.132
0.145
0.156
0.164
0.168
0.171
0.169
0.171
0.171
0.171
0.17
0.172
0.167
0.162
0.156
0.15
0.142
0.132
0.12
0.104
0.086
0.065
0.046
0.026
0.007
-0.01
-0.026
-0.043
-0.06
-0.076
-0.093
-0.106
-0.116
-0.123
-0.125
-0.125
-0.124
-0.123
-0.122
-0.12
-0.119
-0.118
-0.117
-0.116
-0.114
-0.113
-0.112
-0.111
-0.102
-0.1
-0.1
-0.098
-0.096
-0.104
-0.103
-0.102
-0.101
-0.1
-0.099
-0.098
-0.097
-0.096
-0.095
-0.094
-0.093
-0.093
-0.092
-0.091
-0.09
-0.089
-0.088
-0.087
-0.087
-0.085
-0.084
-0.083
-0.083
-0.082
-0.082
-0.081
-0.081
-0.08
-0.078
-0.078
-0.077
-0.076
-0.075
-0.074
-0.07
-0.062
-0.051
-0.037
-0.02
-0.003
0.013
0.026
0.039
0.048
0.054
0.057
0.057
0.055
0.051
0.044
0.034
0.022
0.008
-0.008
-0.024
-0.039
-0.052
-0.062
-0.067
-0.07
-0.072
-0.072
-0.072
-0.073
-0.072
-0.071
-0.071
-0.071
-0.07
-0.069
-0.069
-0.068
-0.067
-0.067
-0.066
-0.066
-0.068
-0.077
-0.081
-0.064
-0.025
0.039
0.132
0.241
0.351
0.459
0.566
0.669
0.749
0.781
0.765
0.703
0.596
0.466
0.337
0.208
0.081
-0.038
-0.127
-0.182
-0.205
-0.196
-0.17
-0.148
-0.134
-0.126
-0.124
-0.123
-0.121
-0.12
-0.119
-0.118
-0.117
-0.116
-0.115
-0.114
-0.113
-0.112
