0.082
0.071
0.058
0.045
0.032
0.027
0.01
-0.007
-0.025
-0.042
-0.055
-0.059
-0.06
-0.059
-0.059
-0.059
-0.058
-0.057
-0.055
-0.055
-0.056
-0.057
-0.056
-0.055
-0.053
-0.052
-0.053
-0.054
-0.053
-0.053
-0.051
-0.05
-0.05
-0.051
-0.05
-0.051
-0.05
-0.049
-0.05
-0.051
-0.05
-0.051
-0.047
-0.042
-0.037
-0.031
-0.021
-0.013
-0
0.008
0.014
0.017
0.019
0.015
0.005
-0.006
-0.02
-0.032
-0.042
-0.044
-0.044
-0.044
-0.046
-0.047
-0.046
-0.045
-0.043
-0.043
-0.045
-0.051
-0.054
-0.047
0.019
0.096
0.188
0.289
0.38
0.398
0.343
0.262
0.154
0.037
-0.062
-0.091
-0.1
-0.095
-0.082
-0.072
-0.064
-0.063
-0.062
-0.061
-0.061
-0.063
-0.062
-0.06
-0.049
-0.037
-0.025
-0.012
0.004
0.013
0.031
0.049
0.063
0.075
0.087
0.088
0.089
0.088
0.085
0.081
0.078
0.074
0.065
0.054
0.038
0.022
0.005
-0.005
-0.02
-0.034
-0.048
-0.061
-0.07
-0.07
-0.069
-0.067
-0.067
-0.067
-0.066
-0.066
-0.064
-0.063
-0.064
-0.064
-0.065
-0.064
-0.064
-0.061
-0.059
-0.057
-0.056
-0.055
-0.053
-0.053
-0.054
-0.054
-0.052
-0.052
-0.05
-0.049
-0.049
-0.05
-0.049
-0.049
-0.041
-0.032
-0.023
-0.013
-0
0.006
0.014
0.019
0.019
0.017
0.012
0.005
-0.006
-0.015
-0.026
-0.036
-0.042
-0.043
-0.042
-0.041
-0.041
-0.042
-0.042
-0.042
-0.041
-0.043
-0.047
-0.041
-0.021
0.01
0.112
0.204
0.188
0.157
0.114
0.005
-0.089
-0.075
-0.064
-0.052
-0.044
-0.041
-0.041
-0.038
-0.038
-0.035
-0.033
-0.033
-0.031
-0.025
-0.011
0.004
0.018
0.032
0.047
0.055
0.069
0.083
0.096
0.104
0.111
0.114
0.111
0.109
0.106
0.102
0.096
0.094
0.075
0.06
0.042
0.023
0.005
0.002
-0.012
-0.022
-0.032
-0.041
-0.047
-0.045
-0.046
-0.045
-0.045
-0.046
-0.046
-0.043
-0.043
-0.04
-0.04
-0.041
-0.041
-0.038
-0.038
-0.036
