-0.12
-0.119
-0.118
-0.117
-0.116
-0.116
-0.114
-0.113
-0.112
-0.111
-0.109
-0.108
-0.107
-0.105
-0.103
-0.102
-0.101
-0.1
-0.098
-0.098
-0.098
-0.097
-0.097
-0.098
-0.098
-0.097
-0.097
-0.097
-0.096
-0.094
-0.092
-0.09
-0.088
-0.086
-0.086
-0.086
-0.086
-0.086
-0.086
-0.086
-0.085
-0.085
-0.085
-0.086
-0.081
-0.074
-0.064
-0.049
-0.023
-0.005
0.011
0.026
0.04
0.043
0.05
0.054
0.055
0.053
0.05
0.044
0.034
0.022
0.008
-0.008
-0.027
-0.043
-0.057
-0.069
-0.078
-0.083
-0.083
-0.084
-0.083
-0.082
-0.081
-0.08
-0.079
-0.078
-0.078
-0.078
-0.078
-0.078
-0.077
-0.076
-0.075
-0.074
-0.076
-0.084
-0.092
-0.08
-0.046
0.011
0.103
0.221
0.337
0.447
0.599
0.709
0.804
0.851
0.848
0.75
0.646
0.507
0.37
0.241
0.113
-0.014
-0.118
-0.186
-0.217
-0.215
-0.181
-0.155
-0.138
-0.129
-0.126
-0.134
-0.133
-0.132
-0.132
-0.13
-0.129
-0.127
-0.126
-0.125
-0.124
-0.124
-0.124
-0.122
-0.118
-0.109
-0.096
-0.079
-0.059
-0.041
-0.024
-0.007
0.011
0.029
0.047
0.065
0.1
0.12
0.138
0.153
0.165
0.157
0.164
0.169
0.171
0.174
0.175
0.174
0.171
0.167
0.162
0.156
0.15
0.143
0.135
0.125
0.112
0.096
0.078
0.058
0.038
0.019
-0.001
-0.02
-0.037
-0.053
-0.07
-0.088
-0.105
-0.119
-0.129
-0.137
-0.141
-0.141
-0.14
-0.138
-0.137
-0.136
-0.135
-0.134
-0.132
-0.131
-0.129
-0.128
-0.126
-0.124
-0.124
-0.123
-0.121
-0.12
-0.119
-0.118
-0.117
-0.116
-0.116
-0.116
-0.114
-0.114
-0.113
-0.111
-0.112
-0.111
-0.109
-0.108
-0.107
-0.104
-0.103
-0.102
-0.101
-0.1
-0.098
-0.098
-0.098
-0.098
-0.096
-0.095
-0.093
-0.091
-0.089
-0.088
-0.087
-0.086
-0.085
-0.084
-0.084
-0.083
-0.079
-0.071
-0.06
-0.045
-0.029
-0.011
0.006
0.021
0.032
0.041
0.048
0.052
0.054
0.053
0.05
0.045
0.035
0.021
