-0.044
-0.045
-0.044
-0.041
-0.039
-0.04
-0.041
-0.041
-0.024
0.007
0.049
0.098
0.158
0.212
0.254
0.274
0.269
0.239
0.185
0.12
0.055
0.007
-0.028
-0.052
-0.065
-0.061
-0.062
-0.063
-0.062
-0.059
-0.058
-0.057
-0.052
-0.045
-0.041
-0.037
-0.028
-0.02
-0.003
0.015
0.033
0.049
0.063
0.069
0.075
0.082
0.086
0.087
0.086
0.085
0.08
0.075
0.069
0.059
0.046
0.036
0.014
-0.001
-0.015
-0.032
-0.05
-0.053
-0.06
-0.062
-0.061
-0.06
-0.062
-0.061
-0.062
-0.061
-0.059
-0.059
-0.061
-0.06
-0.061
-0.058
-0.056
-0.055
-0.057
-0.056
-0.057
-0.055
-0.052
-0.052
-0.053
-0.052
-0.053
-0.054
-0.054
-0.051
-0.049
-0.048
-0.044
-0.039
-0.036
-0.036
-0.033
-0.029
-0.017
-0.004
0.009
0.018
0.023
0.021
0.009
0
-0.008
-0.019
-0.032
-0.034
-0.038
-0.039
-0.039
-0.039
-0.04
-0.04
-0.041
-0.037
-0.033
-0.033
0.03
0.081
0.142
0.212
0.296
0.326
0.297
0.243
0.166
0.069
-0.039
-0.07
-0.08
-0.078
-0.067
-0.059
-0.051
-0.05
-0.047
-0.045
-0.045
-0.046
-0.045
-0.042
-0.031
-0.018
-0.007
0.005
0.02
0.029
0.048
0.063
0.075
0.086
0.098
0.099
0.102
0.103
0.1
0.096
0.093
0.09
0.081
0.068
0.052
0.034
0.017
0.008
-0.005
-0.017
-0.031
-0.045
-0.054
-0.055
-0.053
-0.051
-0.051
-0.053
-0.051
-0.051
-0.048
-0.047
-0.048
-0.05
-0.054
-0.055
-0.057
-0.055
-0.053
-0.049
-0.047
-0.045
-0.047
-0.049
-0.049
-0.048
-0.046
-0.045
-0.047
-0.049
-0.05
-0.049
-0.042
-0.034
-0.027
-0.02
-0.008
-0
0.004
0.011
0.012
0.009
0.004
0.003
-0.01
-0.02
-0.031
-0.042
-0.049
-0.046
-0.047
-0.045
-0.046
-0.048
-0.048
-0.044
-0.049
-0.051
-0.056
-0.053
-0.037
-0.002
0.098
0.198
0.29
0.36
0.407
0.371
0.259
0.148
0.043
-0.046
-0.116
-0.102
-0.088
-0.074
-0.067
-0.065
-0.064
-0.063
