-0.035
-0.033
-0.034
-0.035
-0.035
-0.036
-0.036
-0.035
-0.035
-0.037
-0.037
-0.037
-0.036
-0.035
-0.033
-0.033
-0.035
-0.037
-0.037
-0.033
-0.022
-0.01
0.003
0.015
0.026
0.03
0.026
0.025
0.021
0.013
0.003
-0.001
-0.013
-0.02
-0.026
-0.032
-0.036
-0.034
-0.035
-0.033
-0.033
-0.034
-0.035
-0.033
-0.01
0.027
0.078
0.14
0.212
0.269
0.298
0.329
0.33
0.307
0.263
0.224
0.137
0.064
0.007
-0.038
-0.07
-0.067
-0.063
-0.063
-0.061
-0.059
-0.059
-0.057
-0.053
-0.05
-0.048
-0.046
-0.039
-0.031
-0.012
0.007
0.025
0.041
0.056
0.064
0.072
0.083
0.091
0.094
0.095
0.096
0.087
0.077
0.069
0.059
0.046
0.035
0.02
0
-0.019
-0.035
-0.049
-0.056
-0.06
-0.066
-0.069
-0.069
-0.065
-0.063
-0.061
-0.062
-0.064
-0.064
-0.061
-0.059
-0.057
-0.058
-0.06
-0.061
-0.059
-0.058
-0.057
-0.058
-0.06
-0.06
-0.057
-0.057
-0.055
-0.055
-0.056
-0.056
-0.054
-0.054
-0.051
-0.051
-0.05
-0.045
-0.036
-0.029
-0.014
-0.004
-0.009
-0.016
-0.023
-0.035
-0.044
-0.043
-0.045
-0.047
-0.05
-0.052
-0.051
-0.05
-0.048
-0.047
-0.049
-0.05
-0.05
-0.054
-0.004
0.056
0.127
0.215
0.319
0.372
0.355
0.31
0.237
0.139
0.023
-0.035
-0.064
-0.082
-0.088
-0.078
-0.063
-0.062
-0.059
-0.059
-0.06
-0.06
-0.058
-0.057
-0.046
-0.037
-0.028
-0.017
-0.001
0.006
0.027
0.044
0.058
0.073
0.089
0.092
0.095
0.097
0.095
0.094
0.095
0.095
0.089
0.079
0.052
0.02
-0.013
-0.036
-0.053
-0.056
-0.053
-0.052
-0.053
-0.054
-0.052
-0.052
-0.05
-0.048
-0.05
-0.05
-0.045
-0.044
-0.039
-0.037
-0.04
-0.043
-0.042
-0.042
-0.038
-0.036
-0.037
-0.037
-0.035
-0.036
-0.033
-0.032
-0.034
-0.036
-0.034
-0.034
-0.028
-0.022
-0.016
-0.01
0
0.009
0.022
0.03
0.034
0.035
0.036
0.031
0.022
0.011
-0.004
-0.017
-0.027
-0.03
-0.027
-0.026
-0.028
-0.03
-0.029
-0.029
-0.026
-0.024
-0.028
-0.035
-0.033
-0.02
0.055
0.144
0.244
0.347
0.435
0.446
0.38
0.286
0.166
0.045
-0.055
-0.081
-0.084
-0.073
-0.061
-0.052
-0.045
-0.044
-0.041
-0.039
-0.041
-0.043
-0.042
-0.041
-0.027
-0.013
-0
0.011
0.027
0.036
0.056
0.073
0.086
0.095
0.105
0.107
0.109
0.111
0.108
0.102
0.098
0.094
0.083
0.07
0.052
0.031
0.013
0.002
-0.012
-0.025
-0.038
-0.052
-0.062
-0.062
-0.058
-0.055
-0.055
-0.057
-0.056
-0.056
-0.053
-0.049
-0.049
-0.052
-0.052
-0.053
-0.051
-0.048
-0.048
-0.05
-0.05
-0.051
-0.049
-0.047
-0.047
-0.049
-0.05
-0.05
-0.048
-0.046
-0.047
-0.049
-0.05
-0.05
-0.041
-0.03
-0.012
0.001
0.009
0.01
0.011
0.004
-0.008
-0.016
-0.027
-0.038
-0.046
-0.047
-0.046
-0.043
-0.044
-0.047
-0.049
-0.05
-0.051
-0.053
-0.052
-0.043
-0.021
0.018
0.119
0.227
0.314
0.374
0.409
0.369
0.249
0.136
0.037
-0.048
-0.115
-0.102
-0.091
-0.079
-0.071
-0.071
-0.072
-0.067
-0.07
-0.067
-0.065
-0.067
-0.066
-0.058
-0.042
-0.024
-0.007
0.008
0.022
0.032
0.044
0.059
0.072
0.078
0.083
0.086
0.086
0.085
0.066
0.049
0.021
-0.005
-0.03
-0.033
-0.047
-0.052
-0.059
-0.067
-0.074
-0.071
-0.073
-0.071
-0.069
-0.07
-0.072
-0.07
-0.071
-0.069
-0.067
-0.068
-0.069
-0.066
-0.068
-0.065
-0.063
-0.064
-0.066
-0.063
-0.063
-0.06
-0.057
-0.057
-0.059
-0.057
-0.059
-0.061
-0.06
-0.058
-0.054
-0.049
-0.035
-0.022
-0.01
0.001
0.014
0.016
0.013
0.006
-0.005
-0.016
-0.026
-0.033
-0.038
-0.043
-0.048
-0.05
-0.049
-0.05
-0.048
-0.048
-0.05
-0.05
-0.048
-0.047
-0.023
0.01
0.054
0.111
0.182
0.24
0.281
0.294
0.28
0.241
0.181
0.113
0.05
0.001
-0.037
-0.06
-0.067
-0.062
-0.059
-0.058
-0.06
-0.06
