0.496
0.455
0.466
0.459
0.317
0.259
0.125
0.025
0.054
0.135
0.127
0.06
-0.145
-0.447
-0.573
-0.603
-0.631
-0.612
-0.612
-0.7
-0.737
-0.731
-0.723
-0.715
-0.707
-0.701
-0.694
-0.683
-0.669
-0.655
-0.634
-0.613
-0.592
-0.569
-0.543
-0.52
-0.446
-0.409
-0.396
-0.39
-0.292
-0.268
-0.287
-0.291
-0.267
-0.213
-0.307
-0.236
-0.007
0.189
0.109
0.141
0.196
0.179
0.198
0.362
0.563
0.608
0.638
0.63
0.62
0.643
0.712
0.706
0.7
0.693
0.684
0.676
0.67
0.663
0.656
0.649
0.641
0.635
0.63
0.624
0.617
0.61
0.603
0.596
0.591
0.585
0.58
0.575
0.568
0.562
0.558
0.557
0.564
0.57
0.575
0.579
0.583
0.579
0.567
0.555
0.541
0.526
0.511
0.501
0.489
0.477
0.47
0.463
0.46
0.457
0.452
0.446
0.44
0.436
0.431
0.428
0.463
0.488
0.522
0.566
0.623
0.651
0.666
0.682
0.673
0.64
0.585
0.544
0.476
0.422
0.379
0.35
0.335
0.333
0.331
0.328
0.324
0.321
0.318
0.316
0.317
0.317
0.319
0.321
0.327
0.329
0.345
0.362
0.379
0.393
0.406
0.406
0.405
0.403
0.4
0.397
0.393
0.388
0.376
0.364
0.35
0.335
0.319
0.307
0.286
0.266
0.248
0.232
0.217
0.212
0.207
0.203
0.202
0.2
0.198
0.196
0.194
0.19
0.188
0.187
0.185
0.183
0.181
0.18
0.179
0.179
0.178
0.178
0.177
0.175
0.173
0.172
0.172
0.172
0.17
0.166
0.165
0.166
0.169
0.176
0.183
0.189
0.197
0.202
0.206
0.208
0.21
0.205
0.192
0.177
0.162
0.148
0.137
0.134
0.132
0.129
0.127
0.127
0.126
0.123
0.12
0.116
0.112
0.108
0.104
0.108
0.191
0.263
0.347
0.444
0.533
0.532
0.456
0.38
0.28
0.169
0.067
0.058
0.045
0.044
0.054
0.066
0.075
0.073
0.074
0.073
0.072
0.073
0.074
0.073
0.083
0.093
0.105
0.119
