-0.11
-0.109
-0.108
-0.107
-0.104
-0.103
-0.102
-0.102
-0.106
-0.106
-0.106
-0.104
-0.099
-0.093
-0.093
-0.091
-0.09
-0.091
-0.09
-0.089
-0.088
-0.087
-0.086
-0.085
-0.084
-0.083
-0.082
-0.082
-0.082
-0.081
-0.071
-0.066
-0.057
-0.045
-0.031
-0.023
-0.006
0.012
0.027
0.038
0.047
0.053
0.056
0.056
0.054
0.051
0.045
0.034
0.022
0.008
-0.007
-0.025
-0.041
-0.053
-0.063
-0.069
-0.064
-0.065
-0.066
-0.066
-0.066
-0.074
-0.073
-0.072
-0.07
-0.068
-0.067
-0.067
-0.065
-0.065
-0.065
-0.064
-0.068
-0.072
-0.081
-0.085
-0.068
-0.02
0.046
0.139
0.248
0.361
0.479
0.593
0.698
0.778
0.814
0.8
0.736
0.63
0.501
0.366
0.225
0.089
-0.031
-0.121
-0.179
-0.204
-0.196
-0.169
-0.147
-0.131
-0.118
-0.116
-0.114
-0.112
-0.109
-0.112
-0.112
-0.11
-0.109
-0.108
-0.107
-0.106
-0.106
-0.106
-0.104
-0.098
-0.089
-0.076
-0.06
-0.042
-0.024
-0.004
0.013
0.029
0.047
0.068
0.089
0.108
0.127
0.144
0.159
0.169
0.176
0.181
0.184
0.187
0.189
0.191
0.191
0.188
0.184
0.179
0.173
0.167
0.16
0.153
0.143
0.13
0.115
0.096
0.074
0.052
0.032
0.013
-0.006
-0.024
-0.041
-0.058
-0.075
-0.091
-0.105
-0.116
-0.122
-0.125
-0.117
-0.117
-0.116
-0.115
-0.114
-0.121
-0.12
-0.119
-0.118
-0.117
-0.115
-0.113
-0.113
-0.112
-0.111
-0.11
-0.11
-0.109
-0.107
-0.106
-0.105
-0.103
-0.102
-0.101
-0.101
-0.1
-0.098
-0.096
-0.095
-0.093
-0.085
-0.084
-0.084
-0.083
-0.083
-0.09
-0.089
-0.089
-0.088
-0.086
-0.085
-0.083
-0.082
-0.082
-0.081
-0.081
-0.08
-0.08
-0.08
-0.08
-0.08
-0.079
-0.077
-0.071
-0.063
-0.052
-0.036
-0.019
-0.002
0.014
0.029
0.041
0.051
0.057
0.06
0.06
0.058
0.053
0.046
0.036
0.023
0.008
-0.009
-0.026
-0.04
-0.054
-0.065
-0.072
-0.075
-0.076
-0.076
-0.076
-0.076
-0.075
