-0.018
-0.032
-0.046
-0.057
-0.065
-0.063
-0.062
-0.06
-0.059
-0.06
-0.06
-0.059
-0.057
-0.055
-0.052
-0.052
-0.054
-0.055
-0.053
-0.053
-0.052
-0.049
-0.048
-0.049
-0.048
-0.049
-0.048
-0.047
-0.047
-0.049
-0.048
-0.048
-0.046
-0.044
-0.043
-0.044
-0.035
-0.025
-0.015
-0.003
0.012
0.018
0.021
0.022
0.019
0.013
0.005
-0.003
-0.012
-0.019
-0.027
-0.035
-0.039
-0.038
-0.037
-0.035
-0.034
-0.034
-0.033
-0.032
-0.036
-0.03
-0.015
0.01
0.047
0.101
0.198
0.274
0.324
0.347
0.348
0.284
0.179
0.092
0.022
-0.035
-0.077
-0.064
-0.054
-0.047
-0.044
-0.045
-0.044
-0.044
-0.044
-0.042
-0.04
-0.037
-0.033
-0.025
-0.007
0.011
0.029
0.045
0.06
0.069
0.08
0.09
0.097
0.101
0.104
0.104
0.102
0.101
0.097
0.089
0.08
0.072
0.057
0.042
0.027
0.009
-0.009
-0.019
-0.03
-0.038
-0.044
-0.05
-0.054
-0.052
-0.051
-0.049
-0.048
-0.049
-0.049
-0.048
-0.046
-0.043
-0.042
-0.044
-0.045
-0.045
-0.045
-0.044
-0.043
-0.044
-0.045
-0.044
-0.044
-0.042
-0.04
-0.041
-0.041
-0.041
-0.042
-0.044
-0.043
-0.039
-0.027
-0.013
0.002
0.014
0.024
0.027
0.02
0.016
0.01
-0.001
-0.013
-0.017
-0.027
-0.031
-0.035
-0.039
-0.042
-0.041
-0.04
-0.038
-0.036
-0.037
-0.038
-0.039
-0.025
0.003
0.041
0.088
0.148
0.206
0.259
0.288
0.293
0.269
0.219
0.151
0.076
0.02
-0.021
-0.052
-0.07
-0.065
-0.062
-0.061
-0.059
-0.06
-0.06
-0.06
-0.058
-0.053
-0.046
-0.04
-0.033
-0.024
-0.007
0.012
0.03
0.044
0.058
0.064
0.072
0.08
0.086
0.088
0.089
0.088
0.083
0.078
0.071
0.059
0.045
0.034
0.016
0.001
-0.014
-0.032
-0.05
-0.057
-0.065
-0.069
-0.07
-0.072
-0.075
-0.073
-0.072
-0.069
-0.066
-0.067
-0.069
-0.071
-0.07
-0.066
-0.062
-0.061
-0.062
-0.063
-0.064
-0.062
-0.059
-0.059
-0.06
-0.06
