-0.116
-0.116
-0.115
-0.114
-0.113
-0.111
-0.108
-0.107
-0.105
-0.103
-0.102
-0.102
-0.101
-0.1
-0.099
-0.098
-0.095
-0.093
-0.09
-0.089
-0.089
-0.088
-0.087
-0.087
-0.086
-0.085
-0.085
-0.085
-0.085
-0.084
-0.082
-0.078
-0.068
-0.055
-0.041
-0.025
-0.008
0.007
0.021
0.034
0.044
0.05
0.053
0.055
0.054
0.05
0.044
0.035
0.017
0.003
-0.013
-0.029
-0.045
-0.054
-0.065
-0.072
-0.077
-0.079
-0.08
-0.08
-0.079
-0.078
-0.076
-0.075
-0.074
-0.074
-0.074
-0.074
-0.073
-0.073
-0.072
-0.07
-0.069
-0.07
-0.078
-0.082
-0.067
-0.028
0.083
0.178
0.288
0.399
0.512
0.583
0.695
0.777
0.812
0.799
0.735
0.625
0.494
0.363
0.23
0.09
-0.038
-0.13
-0.187
-0.212
-0.202
-0.174
-0.15
-0.135
-0.127
-0.125
-0.124
-0.123
-0.122
-0.12
-0.118
-0.116
-0.114
-0.114
-0.112
-0.111
-0.111
-0.109
-0.107
-0.102
-0.093
-0.079
-0.064
-0.046
-0.028
-0.009
0.009
0.025
0.043
0.061
0.081
0.101
0.121
0.138
0.152
0.164
0.173
0.177
0.18
0.182
0.184
0.186
0.185
0.184
0.19
0.184
0.178
0.174
0.168
0.151
0.14
0.127
0.11
0.091
0.07
0.049
0.028
0.008
-0.01
-0.026
-0.044
-0.062
-0.078
-0.094
-0.108
-0.119
-0.125
-0.127
-0.127
-0.125
-0.122
-0.121
-0.121
-0.119
-0.11
-0.109
-0.108
-0.107
-0.106
-0.114
-0.113
-0.112
-0.11
-0.108
-0.106
-0.103
-0.102
-0.101
-0.1
-0.099
-0.099
-0.098
-0.097
-0.096
-0.095
-0.094
-0.093
-0.092
-0.092
-0.09
-0.089
-0.089
-0.088
-0.088
-0.087
-0.086
-0.085
-0.083
-0.081
-0.081
-0.08
-0.08
-0.079
-0.078
-0.076
-0.074
-0.073
-0.072
-0.072
-0.071
-0.071
-0.067
-0.059
-0.049
-0.035
-0.018
-0.001
0.014
0.027
0.039
0.05
0.057
0.061
0.063
0.063
0.06
0.053
0.043
0.022
0.007
-0.011
-0.029
-0.043
-0.046
-0.055
-0.06
-0.064
-0.065
-0.064
-0.065
-0.065
-0.066
