-0
0.005
0.01
0.009
0.002
-0.007
-0.019
-0.034
-0.047
-0.052
-0.053
-0.052
-0.053
-0.053
-0.051
-0.051
-0.048
-0.047
-0.048
-0.05
-0.053
-0.058
-0.007
0.055
0.125
0.21
0.311
0.361
0.343
0.3
0.23
0.132
0.015
-0.041
-0.07
-0.085
-0.089
-0.079
-0.065
-0.065
-0.065
-0.062
-0.063
-0.064
-0.063
-0.06
-0.051
-0.04
-0.029
-0.019
-0.006
0.003
0.021
0.04
0.056
0.07
0.082
0.086
0.086
0.088
0.089
0.087
0.085
0.085
0.07
0.06
0.046
0.029
0.012
0.009
-0.012
-0.026
-0.041
-0.055
-0.068
-0.065
-0.067
-0.065
-0.064
-0.065
-0.065
-0.062
-0.063
-0.06
-0.059
-0.06
-0.059
-0.056
-0.057
-0.055
-0.055
-0.056
-0.056
-0.053
-0.054
-0.052
-0.052
-0.053
-0.053
-0.05
-0.05
-0.048
-0.047
-0.048
-0.049
-0.046
-0.041
-0.032
-0.02
-0.007
0.005
0.012
0.017
0.018
0.006
-0.007
-0.018
-0.029
-0.039
-0.039
-0.038
-0.039
-0.039
-0.036
-0.033
-0.032
-0.035
-0.042
-0.042
-0.03
-0.005
0.034
0.133
0.231
0.313
0.37
0.404
0.362
0.248
0.134
0.038
-0.038
-0.094
-0.084
-0.07
-0.06
-0.056
-0.054
-0.051
-0.049
-0.047
-0.046
-0.046
-0.044
-0.038
-0.033
-0.019
-0.005
0.01
0.027
0.045
0.054
0.069
0.079
0.088
0.095
0.103
0.103
0.102
0.098
0.094
0.09
0.087
0.08
0.066
0.047
0.017
-0.012
-0.036
-0.049
-0.058
-0.058
-0.055
-0.055
-0.056
-0.055
-0.052
-0.052
-0.051
-0.053
-0.054
-0.055
-0.052
-0.051
-0.049
-0.05
-0.05
-0.05
-0.049
-0.048
-0.047
-0.049
-0.049
-0.049
-0.047
-0.045
-0.045
-0.045
-0.047
-0.048
-0.047
-0.045
-0.031
-0.019
-0.007
0.007
0.021
0.022
0.019
0.016
0.009
0.002
-0.005
-0.009
-0.017
-0.026
-0.035
-0.041
-0.043
-0.044
-0.042
-0.042
-0.043
-0.043
-0.042
-0.041
-0.039
-0.027
-0.005
0.029
0.077
0.133
0.217
0.275
0.307
0.315
0.301
0.233
0.139
0.058
