-0.066
-0.066
-0.066
-0.065
-0.064
-0.063
-0.063
-0.062
-0.061
-0.06
-0.06
-0.06
-0.06
-0.058
-0.056
-0.055
-0.056
-0.056
-0.058
-0.057
-0.055
-0.054
-0.054
-0.054
-0.055
-0.056
-0.055
-0.054
-0.053
-0.053
-0.05
-0.045
-0.038
-0.03
-0.021
-0.012
-0.003
0.004
0.011
0.014
0.015
0.01
-0.004
-0.017
-0.03
-0.041
-0.051
-0.051
-0.052
-0.051
-0.05
-0.05
-0.052
-0.051
-0.051
-0.05
-0.051
-0.055
-0.055
-0.044
0.025
0.11
0.209
0.311
0.395
0.406
0.312
0.22
0.107
-0.004
-0.1
-0.099
-0.104
-0.096
-0.082
-0.07
-0.064
-0.065
-0.064
-0.064
-0.062
-0.061
-0.06
-0.06
-0.045
-0.033
-0.018
-0.002
0.014
0.018
0.037
0.051
0.066
0.08
0.091
0.089
0.09
0.09
0.089
0.088
0.086
0.082
0.066
0.05
0.035
0.019
0.002
-0.004
-0.02
-0.035
-0.046
-0.055
-0.064
-0.064
-0.064
-0.064
-0.065
-0.064
-0.064
-0.064
-0.062
-0.06
-0.058
-0.056
-0.056
-0.056
-0.056
-0.056
-0.054
-0.052
-0.05
-0.052
-0.053
-0.053
-0.052
-0.05
-0.048
-0.045
-0.045
-0.046
-0.036
-0.025
-0.014
-0.002
0.013
0.019
0.021
0.021
0.017
0.01
0
-0.007
-0.017
-0.024
-0.03
-0.036
-0.04
-0.039
-0.037
-0.035
-0.033
-0.033
-0.034
-0.033
-0.035
-0.024
-0.002
0.029
0.072
0.131
0.221
0.286
0.326
0.34
0.329
0.26
0.161
0.079
0.014
-0.038
-0.074
-0.064
-0.056
-0.051
-0.049
-0.049
-0.048
-0.048
-0.047
-0.045
-0.042
-0.038
-0.033
-0.025
-0.009
0.01
0.038
0.064
0.087
0.098
0.108
0.107
0.104
0.101
0.096
0.088
0.078
0.071
0.053
0.036
0.021
0.004
-0.015
-0.024
-0.033
-0.04
-0.044
-0.047
-0.05
-0.049
-0.049
-0.048
-0.047
-0.046
-0.047
-0.046
-0.046
-0.044
-0.043
-0.043
-0.044
-0.044
-0.045
-0.045
-0.044
-0.044
-0.045
-0.043
-0.043
-0.042
-0.041
-0.041
-0.043
-0.042
-0.042
-0.04
-0.038
-0.037
-0.036
-0.031
