-0.004
-0.003
-0.004
-0.004
-0.006
-0.006
-0.004
-0.003
-0.005
-0.005
-0.006
-0.006
-0.004
-0.002
-0.003
-0.003
-0.004
-0.004
-0.002
-0.001
-0.002
-0.004
-0.004
-0.004
-0.002
-0
-0.002
-0.004
-0.004
-0.006
-0.007
-0.003
0.008
0.018
0.031
0.045
0.056
0.056
0.056
0.055
0.049
0.043
0.037
0.03
0.022
0.02
0.076
0.079
0.135
0.219
0.303
0.331
0.423
0.46
0.47
0.478
0.482
0.474
0.462
0.449
0.437
0.424
0.408
0.398
0.39
0.382
0.379
0.378
0.373
0.367
0.365
0.361
0.359
0.358
0.354
0.346
0.394
0.45
0.518
0.6
0.694
0.73
0.696
0.638
0.554
0.444
0.329
0.28
0.256
0.245
0.245
0.253
0.259
0.257
0.256
0.255
0.252
0.247
0.243
0.24
0.246
0.255
0.263
0.27
0.279
0.285
0.299
0.313
0.325
0.333
0.341
0.341
0.341
0.342
0.339
0.334
0.328
0.323
0.311
0.299
0.284
0.265
0.246
0.235
0.218
0.203
0.188
0.171
0.157
0.153
0.152
0.153
0.152
0.149
0.146
0.145
0.145
0.146
0.146
0.143
0.14
0.139
0.139
0.14
0.139
0.136
0.133
0.132
0.134
0.137
0.138
0.137
0.136
0.135
0.134
0.135
0.135
0.131
0.129
0.127
0.13
0.136
0.142
0.147
0.154
0.16
0.167
0.173
0.166
0.156
0.141
0.123
0.107
0.108
0.104
0.105
0.104
0.103
0.1
0.101
0.094
0.094
0.09
0.085
0.088
0.111
0.204
0.293
0.391
0.477
0.539
0.513
0.411
0.311
0.2
0.1
0.015
0.024
0.023
0.034
0.044
0.049
0.048
0.049
0.046
0.048
0.049
0.048
0.046
0.049
0.058
0.073
0.087
0.1
0.113
0.122
0.135
0.15
0.164
0.172
0.178
0.178
0.176
0.177
0.176
0.172
0.166
0.161
0.147
0.134
0.12
0.102
0.083
0.074
0.058
0.047
0.039
0.029
0.019
0.018
0.017
0.018
0.02
0.019
0.018
0.017
0.016
0.018
0.02
0.019
