0.012
-0.001
-0.014
-0.026
-0.035
-0.038
-0.038
-0.039
-0.04
-0.041
-0.04
-0.039
-0.04
-0.042
-0.045
-0.042
-0.026
0.004
0.092
0.168
0.249
0.332
0.405
0.406
0.331
0.256
0.153
0.036
-0.07
-0.078
-0.093
-0.095
-0.085
-0.074
-0.065
-0.063
-0.062
-0.061
-0.06
-0.059
-0.057
-0.055
-0.042
-0.031
-0.02
-0.006
0.011
0.017
0.034
0.049
0.061
0.073
0.085
0.087
0.087
0.088
0.086
0.083
0.081
0.079
0.063
0.048
0.031
0.011
-0.009
-0.018
-0.034
-0.046
-0.055
-0.062
-0.068
-0.067
-0.067
-0.068
-0.069
-0.068
-0.065
-0.063
-0.062
-0.061
-0.061
-0.06
-0.058
-0.055
-0.055
-0.054
-0.055
-0.057
-0.057
-0.055
-0.056
-0.056
-0.055
-0.054
-0.056
-0.054
-0.052
-0.051
-0.051
-0.051
-0.044
-0.036
-0.025
-0.012
0.001
0.008
0.008
0.007
0.004
-0
-0.007
-0.013
-0.024
-0.035
-0.042
-0.047
-0.05
-0.049
-0.048
-0.05
-0.05
-0.049
-0.048
-0.047
-0.052
-0.05
-0.035
-0.008
0.031
0.086
0.182
0.259
0.311
0.339
0.341
0.277
0.168
0.075
0.001
-0.055
-0.096
-0.083
-0.075
-0.07
-0.066
-0.064
-0.062
-0.061
-0.061
-0.062
-0.059
-0.055
-0.049
-0.042
-0.028
-0.013
0.004
0.022
0.049
0.065
0.079
0.09
0.096
0.092
0.088
0.083
0.077
0.073
0.066
0.057
0.04
0.022
0.005
-0.011
-0.026
-0.035
-0.045
-0.055
-0.062
-0.065
-0.067
-0.065
-0.064
-0.063
-0.062
-0.06
-0.059
-0.059
-0.057
-0.056
-0.057
-0.056
-0.055
-0.055
-0.056
-0.054
-0.053
-0.053
-0.051
-0.05
-0.049
-0.046
-0.045
-0.047
-0.047
-0.047
-0.047
-0.046
-0.043
-0.042
-0.031
-0.02
-0.006
0.009
0.022
0.025
0.022
0.016
0.009
0.002
-0.008
-0.017
-0.024
-0.032
-0.038
-0.039
-0.039
-0.039
-0.039
-0.04
-0.04
-0.039
-0.037
-0.037
-0.022
0.003
0.041
0.09
0.152
0.208
0.262
0.29
0.294
0.275
0.232
0.165
0.095
0.035
-0.009
-0.039
