-0.072
-0.072
-0.076
-0.085
-0.083
-0.055
-0.004
0.071
0.173
0.287
0.446
0.563
0.672
0.771
0.836
0.81
0.776
0.697
0.577
0.444
0.304
0.167
0.037
-0.072
-0.149
-0.196
-0.209
-0.191
-0.168
-0.149
-0.137
-0.131
-0.13
-0.125
-0.124
-0.123
-0.122
-0.121
-0.121
-0.12
-0.118
-0.117
-0.116
-0.114
-0.111
-0.107
-0.1
-0.09
-0.076
-0.059
-0.039
-0.019
-0.001
0.015
0.032
0.051
0.069
0.087
0.106
0.124
0.139
0.152
0.162
0.169
0.172
0.175
0.178
0.18
0.18
0.179
0.177
0.173
0.168
0.163
0.163
0.156
0.146
0.135
0.122
0.099
0.078
0.056
0.035
0.015
-0.005
-0.023
-0.041
-0.058
-0.073
-0.089
-0.105
-0.118
-0.127
-0.132
-0.134
-0.134
-0.133
-0.132
-0.131
-0.129
-0.127
-0.125
-0.123
-0.122
-0.115
-0.115
-0.115
-0.113
-0.112
-0.117
-0.115
-0.113
-0.112
-0.111
-0.11
-0.109
-0.107
-0.107
-0.105
-0.104
-0.102
-0.102
-0.101
-0.101
-0.1
-0.098
-0.097
-0.095
-0.094
-0.093
-0.092
-0.091
-0.09
-0.089
-0.087
-0.086
-0.084
-0.083
-0.089
-0.089
-0.089
-0.088
-0.087
-0.08
-0.079
-0.079
-0.078
-0.075
-0.069
-0.059
-0.045
-0.028
-0.01
0.006
0.021
0.034
0.045
0.054
0.059
0.061
0.062
0.059
0.054
0.046
0.036
0.022
0.007
-0.009
-0.034
-0.049
-0.061
-0.07
-0.076
-0.069
-0.07
-0.069
-0.069
-0.069
-0.068
-0.067
-0.066
-0.066
-0.065
-0.064
-0.063
-0.061
-0.059
-0.058
-0.058
-0.059
-0.049
-0.06
-0.057
-0.032
0.017
0.081
0.191
0.306
0.463
0.573
0.686
0.794
0.859
0.823
0.788
0.701
0.57
0.434
0.305
0.176
0.042
-0.076
-0.155
-0.197
-0.207
-0.186
-0.158
-0.139
-0.128
-0.124
-0.122
-0.12
-0.118
-0.116
-0.114
-0.113
-0.113
-0.112
-0.111
-0.11
-0.11
-0.109
-0.107
-0.104
-0.097
-0.086
-0.07
-0.053
-0.035
-0.018
0
0.017
0.034
0.052
0.071
0.09
0.112
0.131
0.146
0.156
