-0.047
-0.042
-0.034
-0.025
-0.011
-0
0.006
0.011
0.016
0.014
0.007
-0.003
-0.017
-0.031
-0.042
-0.048
-0.05
-0.049
-0.048
-0.048
-0.047
-0.046
-0.047
-0.048
-0.05
-0.053
0
0.063
0.137
0.227
0.329
0.376
0.353
0.303
0.225
0.122
0.006
-0.047
-0.073
-0.085
-0.084
-0.072
-0.058
-0.058
-0.056
-0.055
-0.056
-0.056
-0.055
-0.054
-0.044
-0.033
-0.023
-0.01
0.004
0.012
0.031
0.049
0.064
0.077
0.092
0.094
0.099
0.101
0.1
0.098
0.097
0.093
0.085
0.075
0.06
0.044
0.029
0.018
0.003
-0.011
-0.026
-0.041
-0.053
-0.057
-0.056
-0.053
-0.053
-0.053
-0.053
-0.054
-0.054
-0.051
-0.051
-0.048
-0.048
-0.048
-0.048
-0.045
-0.046
-0.044
-0.045
-0.047
-0.047
-0.045
-0.046
-0.045
-0.037
-0.032
-0.026
-0.017
-0.006
0.002
0.009
0.017
0.022
0.023
0.022
0.021
0.007
-0.005
-0.017
-0.03
-0.041
-0.038
-0.04
-0.039
-0.039
-0.04
-0.04
-0.038
-0.042
-0.041
-0.045
-0.052
-0.049
-0.027
0.069
0.159
0.26
0.357
0.433
0.415
0.315
0.218
0.102
-0.008
-0.1
-0.091
-0.093
-0.079
-0.065
-0.057
-0.053
-0.05
-0.052
-0.053
-0.052
-0.05
-0.048
-0.043
-0.027
-0.013
0.004
0.022
0.04
0.05
0.063
0.072
0.08
0.087
0.095
0.098
0.096
0.092
0.087
0.083
0.077
0.071
0.056
0.037
0.018
0.001
-0.014
-0.023
-0.033
-0.045
-0.055
-0.062
-0.065
-0.065
-0.063
-0.064
-0.064
-0.064
-0.062
-0.062
-0.061
-0.063
-0.064
-0.065
-0.064
-0.063
-0.061
-0.061
-0.062
-0.061
-0.059
-0.059
-0.058
-0.058
-0.058
-0.058
-0.055
-0.055
-0.054
-0.055
-0.055
-0.055
-0.053
-0.051
-0.04
-0.03
-0.019
-0.006
0.008
0.013
0.014
0.01
0.003
-0.005
-0.013
-0.021
-0.029
-0.038
-0.046
-0.05
-0.051
-0.051
-0.049
-0.049
-0.05
-0.05
-0.048
-0.048
-0.043
-0.029
-0.004
0.034
0.085
0.142
0.194
0.245
0.271
0.273
0.254
0.213
0.13
0.054
-0.006
-0.049
-0.078
-0.075
-0.068
-0.067
-0.067
-0.067
-0.065
-0.064
-0.06
-0.059
-0.057
-0.052
-0.043
-0.036
-0.017
0.001
0.016
0.033
0.051
0.06
0.071
0.079
0.083
0.086
0.09
0.089
0.087
0.083
0.075
0.067
0.059
0.05
0.034
0.016
-0.008
-0.032
-0.053
-0.064
-0.069
-0.068
-0.066
-0.065
-0.065
-0.066
-0.065
-0.065
-0.063
-0.061
-0.061
-0.06
-0.056
-0.055
-0.053
-0.052
-0.054
-0.055
-0.054
-0.054
-0.052
-0.05
-0.052
-0.053
-0.053
-0.053
-0.05
-0.049
-0.049
-0.048
-0.043
-0.039
-0.024
-0.01
0.002
0.012
0.022
0.022
0.019
0.012
0.001
-0.012
-0.023
-0.03
-0.034
-0.038
-0.041
-0.044
-0.044
-0.043
-0.041
-0.039
-0.039
-0.039
-0.039
-0.038
-0.012
0.026
0.075
0.134
0.208
0.264
0.295
0.299
0.277
0.23
0.16
0.093
0.037
-0.005
-0.037
-0.055
-0.058
-0.056
-0.054
-0.052
-0.053
-0.053
-0.053
-0.052
-0.047
-0.039
-0.033
-0.025
-0.015
-0.005
0.014
0.032
0.049
0.064
0.081
0.086
0.094
0.099
0.1
0.1
0.101
0.099
0.095
0.09
0.08
0.067
0.054
0.043
0.027
0.01
-0.007
-0.025
-0.04
-0.046
-0.049
-0.049
-0.049
-0.05
-0.049
-0.049
-0.047
-0.046
-0.047
-0.048
-0.048
-0.048
-0.046
-0.044
-0.044
-0.045
-0.046
-0.047
-0.045
-0.042
-0.041
-0.041
-0.041
-0.041
-0.039
-0.037
-0.037
-0.038
-0.039
-0.039
-0.037
-0.035
-0.032
-0.029
-0.023
-0.016
-0.003
0.01
0.02
0.026
0.031
0.03
0.016
0.006
-0.007
-0.023
-0.037
-0.036
-0.041
-0.041
-0.041
-0.042
-0.043
-0.04
-0.04
-0.038
-0.038
-0.039
-0.042
-0.045
0.024
0.085
0.155
0.238
0.336
0.368
0.322
0.28
0.212
0.117
0
-0.028
-0.06
-0.076
-0.079
-0.07
-0.057
-0.055
-0.056
-0.054
-0.054
-0.056
-0.057
-0.055
-0.046
-0.035
-0.024
-0.014
-0
0.007
0.023
0.04
0.056
0.068
0.08
0.083
