-0.054
-0.054
-0.052
-0.051
-0.051
-0.052
-0.053
-0.054
-0.053
-0.053
-0.051
-0.05
-0.051
-0.05
-0.048
-0.048
-0.047
-0.048
-0.049
-0.049
-0.047
-0.046
-0.045
-0.045
-0.046
-0.047
-0.045
-0.045
-0.042
-0.039
-0.035
-0.03
-0.022
-0.014
-0.003
0.006
0.013
0.018
0.023
0.02
0.007
-0.005
-0.018
-0.032
-0.045
-0.045
-0.044
-0.045
-0.045
-0.043
-0.04
-0.041
-0.041
-0.041
-0.044
-0.048
-0.052
-0.05
0.013
0.086
0.173
0.274
0.374
0.403
0.357
0.285
0.186
0.068
-0.039
-0.077
-0.091
-0.093
-0.084
-0.072
-0.062
-0.062
-0.06
-0.059
-0.059
-0.06
-0.058
-0.058
-0.048
-0.037
-0.027
-0.014
0.002
0.01
0.028
0.044
0.06
0.072
0.084
0.086
0.087
0.085
0.082
0.08
0.078
0.077
0.061
0.049
0.033
0.017
0.001
-0.003
-0.02
-0.034
-0.049
-0.061
-0.069
-0.067
-0.067
-0.066
-0.066
-0.067
-0.065
-0.063
-0.064
-0.063
-0.062
-0.063
-0.063
-0.062
-0.062
-0.062
-0.063
-0.061
-0.059
-0.057
-0.058
-0.057
-0.057
-0.057
-0.056
-0.054
-0.054
-0.053
-0.053
-0.054
-0.044
-0.03
-0.02
-0.008
0.002
0
-0.013
-0.022
-0.034
-0.043
-0.05
-0.047
-0.048
-0.047
-0.047
-0.048
-0.049
-0.047
-0.052
-0.047
-0.031
-0.005
0.032
0.087
0.185
0.263
0.317
0.347
0.351
0.288
0.176
0.082
0.008
-0.049
-0.091
-0.076
-0.066
-0.061
-0.059
-0.058
-0.057
-0.057
-0.057
-0.057
-0.055
-0.049
-0.043
-0.035
-0.02
-0.004
0.013
0.03
0.048
0.057
0.068
0.077
0.086
0.094
0.1
0.102
0.098
0.092
0.087
0.081
0.075
0.067
0.051
0.032
0.015
-0.001
-0.017
-0.025
-0.035
-0.044
-0.05
-0.053
-0.053
-0.052
-0.052
-0.053
-0.053
-0.051
-0.049
-0.048
-0.048
-0.049
-0.049
-0.049
-0.048
-0.046
-0.045
-0.047
-0.047
-0.047
-0.045
-0.044
-0.043
-0.042
-0.04
-0.039
-0.037
-0.038
-0.039
-0.041
-0.041
-0.041
-0.038
-0.034
-0.023
-0.012
