-0
-0.008
-0.015
-0.023
-0.03
-0.033
-0.032
-0.032
-0.032
-0.034
-0.034
-0.034
-0.032
-0.031
0.002
0.02
0.05
0.093
0.147
0.178
0.244
0.284
0.3
0.293
0.262
0.195
0.112
0.044
-0.008
-0.045
-0.067
-0.06
-0.055
-0.056
-0.056
-0.054
-0.052
-0.051
-0.05
-0.05
-0.048
-0.043
-0.034
-0.024
-0.007
0.008
0.025
0.043
0.061
0.071
0.08
0.086
0.09
0.094
0.097
0.096
0.092
0.084
0.075
0.067
0.059
0.05
0.031
0.012
-0.007
-0.024
-0.039
-0.044
-0.05
-0.056
-0.062
-0.064
-0.063
-0.063
-0.06
-0.061
-0.062
-0.06
-0.058
-0.058
-0.056
-0.058
-0.06
-0.06
-0.058
-0.057
-0.056
-0.056
-0.057
-0.058
-0.057
-0.056
-0.056
-0.056
-0.057
-0.057
-0.055
-0.054
-0.052
-0.053
-0.054
-0.052
-0.048
-0.043
-0.028
-0.014
-0.009
-0.01
-0.011
-0.021
-0.032
-0.038
-0.043
-0.048
-0.051
-0.052
-0.051
-0.051
-0.049
-0.05
-0.051
-0.051
-0.049
-0.05
-0.018
0.024
0.076
0.14
0.219
0.276
0.295
0.287
0.254
0.196
0.117
0.051
0.002
-0.036
-0.061
-0.072
-0.067
-0.065
-0.064
-0.065
-0.066
-0.066
-0.064
-0.063
-0.057
-0.051
-0.044
-0.035
-0.023
-0.014
0.005
0.021
0.037
0.052
0.068
0.074
0.081
0.084
0.085
0.085
0.087
0.085
0.08
0.072
0.047
0.019
-0.01
-0.035
-0.055
-0.061
-0.063
-0.064
-0.065
-0.066
-0.064
-0.063
-0.06
-0.059
-0.059
-0.06
-0.059
-0.059
-0.057
-0.056
-0.057
-0.057
-0.056
-0.055
-0.053
-0.052
-0.052
-0.052
-0.05
-0.049
-0.046
-0.046
-0.047
-0.048
-0.047
-0.046
-0.043
-0.04
-0.037
-0.033
-0.025
-0.017
-0.002
0.009
0.016
0.021
0.026
0.023
0.014
0.003
-0.011
-0.024
-0.035
-0.038
-0.04
-0.039
-0.038
-0.037
-0.038
-0.038
-0.038
-0.04
-0.044
-0.045
-0.035
-0.015
0.042
0.111
0.189
0.271
0.354
0.398
0.368
0.312
0.227
0.117
0.001
-0.047
-0.069
-0.078
-0.075
-0.061
