0.093
0.095
0.095
0.091
0.088
0.084
0.073
0.06
0.033
0.003
-0.028
-0.048
-0.064
-0.064
-0.061
-0.059
-0.059
-0.06
-0.06
-0.059
-0.058
-0.056
-0.056
-0.057
-0.057
-0.056
-0.054
-0.052
-0.051
-0.053
-0.053
-0.054
-0.052
-0.048
-0.046
-0.047
-0.046
-0.046
-0.045
-0.043
-0.041
-0.043
-0.044
-0.044
-0.037
-0.029
-0.019
-0.01
0.002
0.009
0.016
0.023
0.026
0.024
0.019
0.013
0.001
-0.009
-0.019
-0.029
-0.037
-0.038
-0.036
-0.035
-0.034
-0.035
-0.035
-0.035
-0.036
-0.038
-0.04
-0.035
0.064
0.152
0.232
0.303
0.351
0.286
0.194
0.104
0.025
-0.039
-0.082
-0.08
-0.068
-0.055
-0.046
-0.043
-0.044
-0.043
-0.042
-0.04
-0.038
-0.038
-0.036
-0.032
-0.019
-0.003
0.014
0.028
0.043
0.052
0.067
0.082
0.094
0.1
0.106
0.106
0.105
0.106
0.105
0.101
0.095
0.089
0.074
0.06
0.043
0.025
0.005
-0.004
-0.017
-0.027
-0.036
-0.044
-0.051
-0.05
-0.049
-0.047
-0.045
-0.045
-0.046
-0.046
-0.047
-0.046
-0.044
-0.046
-0.048
-0.046
-0.047
-0.045
-0.043
-0.043
-0.044
-0.042
-0.043
-0.042
-0.04
-0.041
-0.043
-0.043
-0.044
-0.044
-0.042
-0.042
-0.042
-0.042
-0.031
-0.019
-0.006
0.006
0.018
0.022
0.019
0.02
0.017
0.01
-0
-0.005
-0.018
-0.026
-0.033
-0.04
-0.046
-0.046
-0.046
-0.044
-0.042
-0.041
-0.043
-0.042
-0.026
-0.019
-0.001
0.029
0.067
0.102
0.172
0.247
0.296
0.319
0.315
0.274
0.173
0.085
0.014
-0.041
-0.084
-0.079
-0.071
-0.065
-0.062
-0.062
-0.063
-0.063
-0.061
-0.059
-0.055
-0.05
-0.045
-0.04
-0.021
-0.003
0.018
0.04
0.062
0.069
0.077
0.083
0.085
0.085
0.088
0.089
0.086
0.081
0.071
0.061
0.032
0.009
-0.013
-0.032
-0.052
-0.054
-0.058
-0.06
-0.064
-0.065
-0.063
-0.063
-0.062
-0.061
-0.062
-0.062
-0.061
-0.061
-0.059
-0.058
-0.059
-0.061
-0.059
-0.058
