-0.05
-0.05
-0.051
-0.05
-0.042
-0.032
-0.022
-0.011
0
0.007
0.011
0.018
0.021
0.021
0.016
0.012
-0.003
-0.016
-0.028
-0.036
-0.043
-0.042
-0.04
-0.04
-0.04
-0.041
-0.04
-0.039
-0.041
-0.035
-0.019
0.01
0.051
0.106
0.203
0.276
0.323
0.346
0.346
0.281
0.176
0.087
0.013
-0.044
-0.083
-0.069
-0.057
-0.051
-0.051
-0.051
-0.05
-0.05
-0.047
-0.046
-0.046
-0.043
-0.037
-0.029
-0.012
0.004
0.019
0.036
0.054
0.064
0.078
0.088
0.094
0.099
0.105
0.105
0.103
0.099
0.093
0.085
0.078
0.07
0.055
0.039
0.02
0.002
-0.014
-0.022
-0.03
-0.038
-0.046
-0.052
-0.054
-0.055
-0.053
-0.052
-0.051
-0.051
-0.049
-0.049
-0.047
-0.046
-0.047
-0.048
-0.05
-0.05
-0.048
-0.046
-0.046
-0.044
-0.045
-0.046
-0.046
-0.044
-0.044
-0.043
-0.044
-0.043
-0.041
-0.036
-0.023
-0.01
0.002
0.013
0.023
0.025
0.018
0.014
0.005
-0.006
-0.016
-0.019
-0.028
-0.033
-0.038
-0.042
-0.042
-0.04
-0.041
-0.039
-0.04
-0.041
-0.041
-0.039
-0.001
0.027
0.065
0.115
0.178
0.213
0.264
0.289
0.287
0.26
0.211
0.143
0.072
0.018
-0.025
-0.056
-0.071
-0.066
-0.063
-0.062
-0.062
-0.062
-0.062
-0.063
-0.06
-0.056
-0.051
-0.045
-0.035
-0.025
-0.006
0.013
0.029
0.044
0.06
0.067
0.075
0.083
0.086
0.087
0.088
0.087
0.083
0.078
0.069
0.057
0.046
0.036
0.021
0.006
-0.011
-0.03
-0.046
-0.055
-0.06
-0.063
-0.066
-0.067
-0.066
-0.066
-0.065
-0.064
-0.064
-0.065
-0.065
-0.065
-0.062
-0.061
-0.06
-0.061
-0.061
-0.061
-0.059
-0.058
-0.058
-0.059
-0.058
-0.058
-0.056
-0.054
-0.053
-0.054
-0.053
-0.053
-0.052
-0.05
-0.048
-0.046
-0.041
-0.035
-0.02
-0.006
0.005
0.012
0.018
0.017
0.009
0
-0.011
-0.025
-0.038
-0.043
-0.046
-0.047
-0.048
-0.05
-0.051
-0.051
-0.05
-0.048
-0.047
-0.048
