-0.09
-0.089
-0.087
-0.086
-0.085
-0.084
-0.084
-0.084
-0.091
-0.09
-0.089
-0.088
-0.086
-0.077
-0.077
-0.076
-0.075
-0.073
-0.068
-0.06
-0.048
-0.033
-0.015
0.002
0.018
0.031
0.043
0.053
0.057
0.059
0.065
0.062
0.057
0.051
0.042
0.023
0.008
-0.009
-0.026
-0.041
-0.055
-0.065
-0.072
-0.075
-0.076
-0.075
-0.074
-0.073
-0.073
-0.072
-0.072
-0.072
-0.073
-0.072
-0.07
-0.069
-0.068
-0.067
-0.068
-0.07
-0.073
-0.084
-0.087
-0.068
-0.027
0.041
0.143
0.262
0.375
0.484
0.593
0.703
0.721
0.751
0.731
0.664
0.544
0.471
0.337
0.209
0.078
-0.046
-0.139
-0.193
-0.212
-0.2
-0.171
-0.148
-0.134
-0.128
-0.127
-0.126
-0.125
-0.124
-0.122
-0.12
-0.119
-0.118
-0.117
-0.116
-0.115
-0.114
-0.109
-0.107
-0.102
-0.092
-0.077
-0.065
-0.046
-0.029
-0.012
0.006
0.024
0.042
0.06
0.078
0.098
0.118
0.134
0.146
0.169
0.177
0.182
0.186
0.188
0.177
0.178
0.176
0.173
0.17
0.164
0.158
0.152
0.145
0.136
0.125
0.111
0.094
0.074
0.054
0.035
0.015
-0.006
-0.023
-0.04
-0.057
-0.075
-0.093
-0.111
-0.124
-0.133
-0.139
-0.141
-0.14
-0.138
-0.138
-0.138
-0.136
-0.135
-0.135
-0.134
-0.132
-0.131
-0.13
-0.129
-0.126
-0.125
-0.124
-0.124
-0.122
-0.121
-0.119
-0.118
-0.116
-0.116
-0.115
-0.114
-0.112
-0.111
-0.109
-0.108
-0.106
-0.105
-0.105
-0.103
-0.102
-0.102
-0.102
-0.101
-0.101
-0.101
-0.1
-0.098
-0.097
-0.096
-0.095
-0.093
-0.092
-0.091
-0.09
-0.089
-0.088
-0.087
-0.087
-0.086
-0.085
-0.08
-0.071
-0.06
-0.046
-0.028
-0.011
0.005
0.019
0.03
0.039
0.045
0.048
0.048
0.046
0.042
0.035
0.026
0.014
-0
-0.016
-0.032
-0.048
-0.061
-0.071
-0.077
-0.081
-0.083
-0.083
-0.082
-0.081
-0.08
-0.078
-0.077
-0.077
-0.075
-0.073
-0.072
-0.071
-0.071
-0.07
-0.07
-0.069
-0.072
-0.081
