-0.054
-0.056
-0.048
-0.029
0.001
0.048
0.151
0.245
0.315
0.359
0.376
0.321
0.202
0.099
0.014
-0.055
-0.108
-0.093
-0.081
-0.072
-0.066
-0.064
-0.064
-0.064
-0.064
-0.064
-0.062
-0.059
-0.054
-0.048
-0.034
-0.018
-0.001
0.016
0.032
0.041
0.053
0.064
0.074
0.082
0.087
0.087
0.084
0.081
0.078
0.074
0.067
0.061
0.045
0.028
0.012
-0.004
-0.021
-0.031
-0.044
-0.054
-0.061
-0.067
-0.071
-0.07
-0.07
-0.069
-0.067
-0.065
-0.065
-0.064
-0.064
-0.064
-0.063
-0.062
-0.062
-0.062
-0.062
-0.061
-0.059
-0.058
-0.057
-0.056
-0.056
-0.055
-0.053
-0.051
-0.049
-0.048
-0.048
-0.048
-0.047
-0.047
-0.047
-0.045
-0.035
-0.022
-0.008
0.007
0.02
0.023
0.021
0.017
0.011
0.004
-0.006
-0.015
-0.025
-0.032
-0.036
-0.039
-0.04
-0.04
-0.041
-0.041
-0.041
-0.04
-0.039
-0.038
-0.033
-0.013
0.018
0.061
0.114
0.172
0.242
0.287
0.309
0.305
0.276
0.208
0.119
0.048
-0.004
-0.042
-0.068
-0.06
-0.055
-0.054
-0.052
-0.049
-0.047
-0.047
-0.046
-0.045
-0.04
-0.034
-0.026
-0.016
-0.001
0.017
0.034
0.052
0.069
0.078
0.086
0.094
0.101
0.106
0.109
0.108
0.102
0.092
0.079
0.066
0.052
0.041
0.024
0.012
0.001
-0.011
-0.025
-0.032
-0.039
-0.045
-0.048
-0.049
-0.048
-0.049
-0.049
-0.049
-0.048
-0.047
-0.046
-0.045
-0.045
-0.046
-0.045
-0.044
-0.044
-0.042
-0.041
-0.041
-0.039
-0.039
-0.039
-0.037
-0.037
-0.038
-0.037
-0.038
-0.037
-0.035
-0.031
-0.027
-0.023
-0.018
-0.016
-0.016
-0.019
-0.025
-0.03
-0.036
-0.039
-0.039
-0.038
-0.04
-0.038
-0.038
-0.037
-0.035
-0.034
-0.036
0.017
0.08
0.152
0.237
0.335
0.384
0.356
0.306
0.232
0.13
0.011
-0.04
-0.068
-0.082
-0.081
-0.071
-0.06
-0.059
-0.058
-0.057
-0.056
-0.056
-0.056
-0.056
-0.048
-0.035
-0.022
-0.009
0.005
0.013
0.029
0.044
0.06
0.073
0.085
0.088
0.09
0.092
0.093
0.091
0.088
0.085
0.074
0.063
0.051
0.036
0.018
0.008
-0.009
-0.024
-0.038
-0.051
-0.063
-0.065
-0.066
-0.065
-0.063
-0.062
-0.063
-0.062
-0.062
-0.061
-0.06
-0.059
-0.06
-0.059
-0.059
-0.059
-0.058
-0.058
-0.058
-0.058
-0.058
-0.058
-0.056
-0.056
-0.057
-0.056
-0.056
-0.055
-0.054
-0.054
-0.054
-0.054
-0.048
-0.042
-0.034
-0.025
-0.016
-0.011
-0.003
0.005
0.01
0.014
0.013
0.009
-0.004
-0.016
-0.028
-0.038
-0.048
-0.049
-0.049
-0.05
-0.05
-0.049
-0.05
-0.05
-0.053
-0.056
-0.053
-0.036
0.039
0.13
0.232
0.329
0.403
0.404
0.302
0.201
0.086
-0.02
-0.111
-0.103
-0.104
-0.091
-0.077
-0.067
-0.063
-0.063
-0.062
-0.062
-0.032
-0.001
0.03
0.059
0.088
0.089
0.088
0.088
0.089
0.087
0.083
0.08
0.065
0.051
0.036
0.02
0.002
-0.007
-0.023
-0.037
-0.049
-0.058
-0.065
-0.065
-0.067
-0.066
-0.065
-0.065
-0.063
-0.06
-0.06
-0.059
-0.059
-0.059
-0.056
-0.054
-0.054
-0.053
-0.053
-0.053
-0.051
-0.049
-0.048
-0.047
-0.047
-0.046
-0.044
-0.043
-0.043
-0.043
-0.038
-0.03
-0.019
-0.006
0.007
0.014
0.019
0.02
0.021
0.018
0.014
0.006
-0.007
-0.018
-0.027
-0.034
-0.038
-0.038
-0.038
-0.038
-0.036
-0.035
-0.035
-0.035
-0.039
-0.045
-0.04
-0.024
0.003
0.045
0.144
0.243
0.321
0.374
0.401
0.355
0.237
0.127
0.036
-0.036
-0.092
-0.081
-0.068
-0.059
-0.053
-0.05
-0.049
-0.048
-0.047
-0.045
-0.043
-0.039
-0.03
-0.02
-0.004
0.014
0.032
0.047
0.062
0.071
0.079
0.086
0.094
0.098
0.099
0.1
0.098
0.094
0.091
0.087
0.081
0.075
0.058
0.04
0.023
0.007
-0.01
-0.02
-0.033
-0.043
-0.051
-0.056
-0.058
-0.058
-0.058
-0.058
-0.058
-0.056
-0.055
-0.054
-0.054
-0.055
-0.054
-0.052
-0.051
-0.05
-0.05
-0.05
-0.05
-0.048
