-0.039
-0.047
-0.053
-0.058
-0.062
-0.063
-0.06
-0.058
-0.056
-0.056
-0.057
-0.057
-0.056
-0.056
-0.055
-0.056
-0.057
-0.056
-0.053
-0.052
-0.05
-0.051
-0.051
-0.051
-0.049
-0.048
-0.046
-0.046
-0.047
-0.047
-0.044
-0.043
-0.04
-0.04
-0.04
-0.037
-0.032
-0.026
-0.01
0.002
0.012
0.023
0.032
0.031
0.025
0.015
0.002
-0.01
-0.021
-0.027
-0.03
-0.035
-0.039
-0.04
-0.039
-0.038
-0.035
-0.034
-0.034
-0.034
-0.033
-0.035
0.024
0.07
0.128
0.2
0.288
0.319
0.328
0.308
0.263
0.193
0.101
0.034
-0.01
-0.042
-0.059
-0.064
-0.054
-0.053
-0.05
-0.049
-0.043
-0.036
-0.028
-0.018
-0.005
0.005
0.023
0.04
0.054
0.069
0.085
0.089
0.095
0.098
0.099
0.099
0.101
0.098
0.091
0.081
0.069
0.055
0.043
0.032
0.017
0
-0.018
-0.035
-0.048
-0.053
-0.057
-0.057
-0.055
-0.057
-0.058
-0.057
-0.056
-0.058
-0.059
-0.058
-0.055
-0.055
-0.053
-0.052
-0.053
-0.054
-0.053
-0.053
-0.051
-0.051
-0.052
-0.052
-0.051
-0.051
-0.05
-0.049
-0.051
-0.052
-0.051
-0.051
-0.049
-0.046
-0.043
-0.037
-0.028
-0.021
-0.008
0.003
0.009
0.014
0.019
0.017
0.007
-0.005
-0.019
-0.033
-0.045
-0.047
-0.047
-0.046
-0.047
-0.049
-0.048
-0.048
-0.046
-0.044
-0.045
-0.049
-0.055
-0.055
0.004
0.073
0.156
0.254
0.357
0.391
0.352
0.286
0.192
0.075
-0.036
-0.077
-0.093
-0.096
-0.087
-0.075
-0.065
-0.065
-0.062
-0.06
-0.06
-0.06
-0.059
-0.059
-0.049
-0.038
-0.028
-0.016
0
0.008
0.026
0.042
0.056
0.068
0.079
0.082
0.086
0.087
0.086
0.084
0.082
0.079
0.07
0.059
0.044
0.027
0.01
-0.001
-0.017
-0.032
-0.048
-0.061
-0.071
-0.072
-0.07
-0.069
-0.069
-0.07
-0.069
-0.068
-0.064
-0.062
-0.062
-0.064
-0.064
-0.065
-0.064
-0.062
-0.061
-0.061
-0.06
-0.059
-0.057
-0.055
-0.055
-0.056
-0.056
-0.057
