-0.059
-0.059
-0.061
-0.061
-0.059
-0.057
-0.056
-0.055
-0.055
-0.054
-0.052
-0.051
-0.041
-0.034
-0.026
-0.014
0.001
0.005
0.009
0.012
0.01
0.008
0.003
-0.001
-0.011
-0.022
-0.034
-0.042
-0.047
-0.047
-0.044
-0.043
-0.043
-0.042
-0.038
-0.038
-0.04
-0.044
-0.042
-0.027
0.002
0.044
0.148
0.248
0.326
0.381
0.411
0.365
0.249
0.137
0.041
-0.035
-0.09
-0.078
-0.063
-0.054
-0.049
-0.046
-0.044
-0.045
-0.042
-0.037
-0.033
-0.026
-0.009
0.006
0.02
0.036
0.056
0.065
0.081
0.091
0.098
0.105
0.113
0.113
0.112
0.107
0.1
0.094
0.089
0.082
0.068
0.05
0.029
0.01
-0.006
-0.015
-0.024
-0.034
-0.045
-0.053
-0.056
-0.056
-0.054
-0.053
-0.053
-0.053
-0.052
-0.052
-0.051
-0.051
-0.053
-0.054
-0.052
-0.052
-0.049
-0.047
-0.047
-0.047
-0.045
-0.045
-0.043
-0.043
-0.044
-0.046
-0.046
-0.046
-0.044
-0.042
-0.043
-0.044
-0.043
-0.042
-0.031
-0.02
-0.008
0.004
0.018
0.022
0.024
0.022
0.016
0.006
-0.002
-0.011
-0.019
-0.025
-0.032
-0.038
-0.04
-0.04
-0.039
-0.037
-0.038
-0.04
-0.039
-0.04
-0.037
-0.022
0.003
0.039
0.09
0.148
0.228
0.282
0.308
0.31
0.29
0.221
0.13
0.056
-0.003
-0.049
-0.079
-0.069
-0.062
-0.059
-0.06
-0.061
-0.06
-0.06
-0.057
-0.053
-0.05
-0.046
-0.038
-0.03
-0.012
0.006
0.021
0.037
0.054
0.062
0.073
0.082
0.087
0.091
0.095
0.095
0.094
0.09
0.082
0.072
0.063
0.054
0.032
0.012
-0.008
-0.029
-0.051
-0.057
-0.063
-0.067
-0.071
-0.071
-0.069
-0.066
-0.068
-0.067
-0.067
-0.069
-0.068
-0.065
-0.066
-0.064
-0.065
-0.066
-0.066
-0.063
-0.063
-0.062
-0.06
-0.06
-0.061
-0.061
-0.061
-0.062
-0.064
-0.063
-0.06
-0.057
-0.058
-0.056
-0.057
-0.058
-0.056
-0.05
-0.038
-0.022
-0.01
0
0.01
0.012
0.002
-0.005
-0.014
-0.026
-0.039
-0.041
