-0.081
-0.081
-0.08
-0.075
-0.065
-0.054
-0.039
-0.022
-0.003
0.013
0.026
0.037
0.046
0.052
0.049
0.049
0.048
0.043
0.034
0.028
0
-0.014
-0.031
-0.047
-0.063
-0.059
-0.068
-0.074
-0.076
-0.077
-0.077
-0.078
-0.077
-0.077
-0.076
-0.075
-0.074
-0.073
-0.072
-0.071
-0.071
-0.072
-0.066
-0.065
-0.065
-0.069
-0.079
-0.084
-0.06
-0.011
0.064
0.165
0.277
0.395
0.513
0.623
0.724
0.791
0.811
0.779
0.699
0.58
0.445
0.306
0.167
0.036
-0.074
-0.153
-0.201
-0.215
-0.197
-0.172
-0.151
-0.137
-0.131
-0.13
-0.129
-0.128
-0.128
-0.127
-0.125
-0.123
-0.122
-0.121
-0.12
-0.12
-0.119
-0.118
-0.115
-0.109
-0.099
-0.086
-0.068
-0.049
-0.029
-0.011
0.005
0.022
0.041
0.061
0.08
0.099
0.117
0.133
0.147
0.157
0.164
0.167
0.17
0.173
0.175
0.176
0.175
0.173
0.162
0.157
0.151
0.145
0.138
0.135
0.123
0.11
0.094
0.073
0.05
0.03
0.011
-0.008
-0.026
-0.043
-0.061
-0.078
-0.095
-0.112
-0.126
-0.135
-0.139
-0.141
-0.139
-0.138
-0.136
-0.135
-0.134
-0.132
-0.131
-0.13
-0.129
-0.128
-0.127
-0.126
-0.124
-0.123
-0.122
-0.121
-0.12
-0.118
-0.117
-0.116
-0.115
-0.114
-0.113
-0.111
-0.11
-0.108
-0.107
-0.107
-0.107
-0.106
-0.106
-0.105
-0.104
-0.103
-0.102
-0.1
-0.098
-0.097
-0.096
-0.094
-0.085
-0.083
-0.082
-0.081
-0.076
-0.084
-0.084
-0.082
-0.082
-0.085
-0.083
-0.082
-0.079
-0.074
-0.064
-0.052
-0.037
-0.02
-0.004
0.011
0.024
0.036
0.045
0.05
0.052
0.051
0.049
0.044
0.036
0.025
0.013
-0.003
-0.02
-0.036
-0.049
-0.06
-0.07
-0.075
-0.085
-0.086
-0.086
-0.085
-0.084
-0.076
-0.075
-0.075
-0.075
-0.075
-0.073
-0.072
-0.072
-0.071
-0.071
-0.071
-0.072
-0.077
-0.087
-0.085
-0.061
-0.014
0.064
0.174
0.29
0.4
0.51
0.623
0.732
0.801
0.82
0.789
0.706
0.577
