-0.087
-0.086
-0.085
-0.084
-0.083
-0.083
-0.082
-0.08
-0.077
-0.07
-0.061
-0.049
-0.033
-0.014
0.005
0.021
0.034
0.044
0.052
0.056
0.057
0.056
0.053
0.048
0.038
0.026
0.012
-0.003
-0.021
-0.037
-0.057
-0.067
-0.074
-0.079
-0.08
-0.072
-0.073
-0.072
-0.07
-0.069
-0.068
-0.067
-0.066
-0.066
-0.066
-0.065
-0.066
-0.065
-0.064
-0.064
-0.078
-0.085
-0.092
-0.082
-0.049
0.021
0.148
0.255
0.372
0.491
0.604
0.664
0.757
0.811
0.814
0.768
0.676
0.549
0.411
0.27
0.138
0.013
-0.088
-0.16
-0.198
-0.201
-0.178
-0.153
-0.135
-0.124
-0.12
-0.119
-0.117
-0.116
-0.115
-0.114
-0.12
-0.119
-0.118
-0.117
-0.116
-0.107
-0.106
-0.105
-0.101
-0.092
-0.081
-0.065
-0.046
-0.027
-0.009
0.007
0.022
0.04
0.06
0.079
0.098
0.117
0.135
0.151
0.163
0.172
0.179
0.183
0.185
0.188
0.19
0.189
0.187
0.185
0.18
0.175
0.169
0.163
0.156
0.146
0.134
0.119
0.1
0.078
0.058
0.039
0.02
0
-0.018
-0.035
-0.052
-0.068
-0.085
-0.101
-0.113
-0.122
-0.126
-0.127
-0.126
-0.125
-0.123
-0.122
-0.121
-0.12
-0.124
-0.123
-0.122
-0.12
-0.118
-0.112
-0.111
-0.11
-0.101
-0.101
-0.1
-0.098
-0.097
-0.104
-0.102
-0.101
-0.1
-0.098
-0.096
-0.095
-0.094
-0.094
-0.094
-0.093
-0.094
-0.093
-0.093
-0.092
-0.092
-0.09
-0.094
-0.093
-0.092
-0.091
-0.09
-0.084
-0.085
-0.084
-0.084
-0.083
-0.081
-0.079
-0.078
-0.077
-0.075
-0.075
-0.072
-0.066
-0.055
-0.041
-0.024
-0.007
0.009
0.024
0.036
0.047
0.056
0.061
0.063
0.063
0.061
0.054
0.043
0.03
0.015
-0.002
-0.02
-0.035
-0.048
-0.059
-0.067
-0.071
-0.073
-0.075
-0.076
-0.076
-0.076
-0.075
-0.073
-0.073
-0.072
-0.071
-0.07
-0.069
-0.069
-0.068
-0.067
-0.067
-0.069
-0.076
-0.085
-0.076
-0.044
0.013
0.144
0.256
0.367
0.476
0.587
0.658
