-0.084
-0.064
-0.02
0.05
0.146
0.256
0.426
0.544
0.657
0.761
0.836
0.807
0.784
0.714
0.544
0.413
0.278
0.139
0.005
-0.051
-0.137
-0.19
-0.211
-0.198
-0.171
-0.148
-0.134
-0.128
-0.131
-0.132
-0.131
-0.13
-0.128
-0.122
-0.121
-0.119
-0.117
-0.115
-0.113
-0.112
-0.105
-0.103
-0.097
-0.087
-0.073
-0.063
-0.045
-0.025
-0.007
0.009
0.026
0.045
0.065
0.084
0.103
0.121
0.137
0.15
0.161
0.168
0.173
0.177
0.18
0.182
0.182
0.181
0.181
0.178
0.174
0.169
0.165
0.158
0.148
0.137
0.124
0.107
0.087
0.065
0.044
0.024
0.005
-0.013
-0.031
-0.049
-0.065
-0.082
-0.098
-0.112
-0.122
-0.128
-0.131
-0.13
-0.129
-0.128
-0.127
-0.126
-0.125
-0.124
-0.122
-0.121
-0.118
-0.116
-0.114
-0.112
-0.12
-0.119
-0.118
-0.117
-0.117
-0.107
-0.106
-0.104
-0.103
-0.101
-0.099
-0.098
-0.097
-0.096
-0.095
-0.094
-0.093
-0.093
-0.092
-0.092
-0.092
-0.091
-0.089
-0.089
-0.09
-0.089
-0.088
-0.087
-0.085
-0.081
-0.089
-0.088
-0.087
-0.086
-0.085
-0.075
-0.074
-0.073
-0.071
-0.069
-0.064
-0.056
-0.045
-0.03
-0.012
0.004
0.019
0.033
0.046
0.056
0.062
0.065
0.065
0.063
0.058
0.05
0.041
0.029
0.013
-0.003
-0.019
-0.034
-0.047
-0.056
-0.063
-0.066
-0.068
-0.068
-0.067
-0.068
-0.067
-0.066
-0.065
-0.065
-0.064
-0.063
-0.064
-0.064
-0.063
-0.062
-0.062
-0.06
-0.054
-0.064
-0.066
-0.046
-0.004
0.056
0.16
0.278
0.391
0.499
0.609
0.72
0.798
0.825
0.802
0.731
0.61
0.47
0.338
0.21
0.081
-0.043
-0.134
-0.185
-0.203
-0.19
-0.161
-0.138
-0.125
-0.119
-0.117
-0.116
-0.115
-0.113
-0.112
-0.111
-0.111
-0.109
-0.108
-0.106
-0.105
-0.104
-0.103
-0.101
-0.096
-0.087
-0.072
-0.055
-0.037
-0.019
-0.001
0.016
0.034
0.051
0.069
0.088
0.109
0.13
0.146
0.159
0.169
0.176
0.18
0.183
0.185
0.187
0.188
0.188
0.187
0.183
0.178
0.172
0.166
0.159
0.15
0.139
0.124
0.107
0.086
0.066
0.046
0.024
0.002
-0.015
-0.032
-0.05
-0.067
-0.084
-0.101
-0.114
-0.122
-0.129
-0.133
-0.134
-0.133
-0.133
-0.132
-0.131
-0.128
-0.127
-0.125
-0.122
-0.119
-0.118
-0.118
-0.117
-0.115
-0.114
-0.113
-0.112
-0.111
-0.11
-0.109
-0.108
-0.107
-0.106
-0.105
-0.103
-0.102
-0.1
-0.1
-0.1
-0.1
-0.099
-0.098
-0.097
-0.096
-0.095
-0.095
-0.095
-0.094
-0.094
-0.092
-0.092
-0.092
-0.091
-0.082
-0.081
-0.08
-0.077
-0.076
-0.083
-0.082
-0.081
-0.081
-0.079
-0.073
-0.064
-0.053
-0.04
-0.024
-0.006
0.009
0.022
0.033
0.042
0.047
0.05
0.051
0.05
0.046
0.038
0.028
0.015
0.001
-0.015
-0.032
-0.048
-0.061
-0.068
-0.073
-0.077
-0.077
-0.077
-0.078
-0.078
-0.077
-0.077
-0.077
-0.077
-0.076
-0.075
-0.074
-0.073
-0.072
-0.072
-0.073
-0.073
-0.077
-0.087
-0.088
-0.064
-0.016
0.056
0.153
0.263
0.378
0.495
0.607
0.71
0.748
0.773
0.747
0.674
0.56
0.464
0.328
0.188
0.053
-0.061
-0.144
-0.196
-0.215
-0.201
-0.174
-0.153
-0.14
-0.133
-0.132
-0.132
-0.131
-0.129
-0.127
-0.125
-0.123
-0.122
-0.12
-0.119
-0.117
-0.117
-0.108
-0.105
-0.099
-0.089
-0.075
-0.067
-0.049
-0.031
-0.013
0.003
0.019
0.038
0.058
0.078
0.098
0.115
0.131
0.143
0.153
0.16
0.165
0.168
0.172
0.174
0.175
0.174
0.172
0.167
0.162
0.156
0.15
0.143
0.134
0.123
0.11
0.093
0.073
0.052
0.031
0.012
-0.007
-0.024
-0.042
-0.06
-0.077
-0.094
-0.11
-0.125
-0.134
-0.139
-0.141
-0.141
-0.14
-0.138
-0.137
-0.136
-0.134
-0.132
-0.132
-0.131
-0.131
-0.13
-0.129
-0.127
-0.124
-0.122
-0.121
-0.119
-0.117
-0.116
-0.115
-0.114
-0.113
-0.113
-0.111
-0.11
-0.108
-0.105
-0.103
-0.103
-0.103
-0.103
-0.103
-0.103
