-0.043
-0.041
-0.04
-0.04
-0.04
-0.04
-0.038
-0.037
-0.037
-0.037
-0.037
-0.037
-0.035
-0.034
-0.032
-0.027
-0.017
-0.004
0.01
0.023
0.032
0.034
0.028
0.02
0.012
0.002
-0.009
-0.017
-0.026
-0.032
-0.034
-0.036
-0.037
-0.037
-0.038
-0.038
-0.036
-0.034
-0.034
-0.034
-0.016
0.013
0.056
0.11
0.174
0.231
0.274
0.294
0.292
0.264
0.208
0.14
0.067
0.013
-0.025
-0.05
-0.061
-0.057
-0.057
-0.058
-0.057
-0.056
-0.056
-0.056
-0.054
-0.051
-0.045
-0.036
-0.026
-0.017
-0.001
0.017
0.035
0.052
0.068
0.074
0.078
0.082
0.086
0.089
0.089
0.088
0.083
0.076
0.07
0.062
0.051
0.04
0.022
0.004
-0.012
-0.028
-0.044
-0.052
-0.06
-0.065
-0.066
-0.065
-0.065
-0.064
-0.065
-0.066
-0.065
-0.064
-0.063
-0.063
-0.063
-0.064
-0.064
-0.063
-0.062
-0.061
-0.061
-0.061
-0.061
-0.06
-0.059
-0.059
-0.06
-0.059
-0.059
-0.057
-0.055
-0.055
-0.056
-0.057
-0.056
-0.051
-0.044
-0.036
-0.022
-0.01
0.001
0.01
0.017
0.016
0.007
-0.004
-0.015
-0.025
-0.037
-0.042
-0.047
-0.05
-0.051
-0.05
-0.049
-0.049
-0.048
-0.048
0.017
0.07
0.136
0.212
0.297
0.324
0.297
0.244
0.164
0.063
-0.048
-0.082
-0.095
-0.093
-0.079
-0.065
-0.058
-0.058
-0.057
-0.058
-0.057
-0.055
-0.053
-0.054
-0.043
-0.037
-0.028
-0.016
-0.002
0
0.021
0.036
0.052
0.068
0.083
0.082
0.087
0.088
0.089
0.09
0.091
0.086
0.075
0.061
0.044
0.028
0.012
0.002
-0.013
-0.026
-0.036
-0.046
-0.056
-0.057
-0.058
-0.059
-0.059
-0.057
-0.056
-0.057
-0.055
-0.056
-0.057
-0.055
-0.053
-0.053
-0.052
-0.052
-0.053
-0.052
-0.05
-0.051
-0.05
-0.05
-0.049
-0.047
-0.045
-0.045
-0.043
-0.044
-0.045
-0.043
-0.042
-0.043
-0.036
-0.028
-0.02
-0.01
0.002
0.01
0.017
0.022
0.026
0.026
0.022
0.017
0.004
-0.006
-0.015
-0.024
-0.033
-0.032
-0.034
-0.034
-0.032
-0.032
-0.033
-0.033
-0.035
-0.038
-0.041
-0.036
-0.021
0.008
0.099
0.203
0.302
0.377
0.425
0.4
0.297
0.18
0.076
-0.012
-0.085
-0.085
-0.075
-0.063
-0.054
-0.05
-0.05
-0.05
-0.049
-0.047
-0.045
-0.042
-0.04
-0.036
-0.025
-0.01
0.007
0.023
0.039
0.049
0.062
0.075
0.088
0.098
0.104
0.106
0.104
0.103
0.085
0.069
0.05
0.029
0.006
-0
-0.015
-0.027
-0.037
-0.045
-0.052
-0.051
-0.051
-0.05
-0.049
-0.048
-0.048
-0.048
-0.048
-0.047
-0.046
-0.044
-0.045
-0.047
-0.047
-0.047
-0.044
-0.042
-0.041
-0.041
-0.043
-0.044
-0.044
-0.044
-0.045
-0.045
-0.043
-0.041
-0.039
-0.036
-0.036
-0.037
-0.025
-0.016
-0.003
0.011
0.024
0.022
0.023
0.02
0.005
-0.006
-0.018
-0.03
-0.042
-0.041
-0.042
-0.042
-0.047
-0.042
-0.026
0.002
0.038
0.093
0.189
0.265
0.318
0.345
0.346
0.28
0.17
0.079
0.007
-0.048
-0.09
-0.078
-0.07
-0.066
-0.063
-0.061
-0.06
-0.059
-0.061
-0.062
-0.06
-0.056
-0.051
-0.044
-0.029
-0.013
0.005
0.023
0.041
0.05
0.061
0.069
0.078
0.086
0.091
0.092
0.089
0.085
0.081
0.075
0.067
0.059
0.04
0.022
0.005
-0.011
-0.028
-0.036
-0.046
-0.055
-0.06
-0.063
-0.064
-0.064
-0.066
-0.066
-0.066
-0.065
-0.063
-0.063
-0.063
-0.063
-0.063
-0.061
-0.061
-0.061
-0.062
-0.063
-0.062
-0.06
-0.058
-0.056
-0.056
-0.056
-0.055
-0.054
-0.053
-0.053
-0.054
-0.056
-0.056
-0.055
-0.053
-0.049
-0.037
-0.024
-0.011
0.002
0.014
0.015
0.012
0.006
0
-0.008
-0.018
-0.026
-0.034
-0.043
-0.048
-0.049
-0.049
-0.049
-0.048
-0.048
-0.047
-0.045
-0.044
-0.043
-0.028
-0.001
0.038
0.09
0.153
0.21
0.258
0.283
0.283
0.26
0.212
0.146
0.073
0.015
-0.026
-0.052
-0.064
-0.059
-0.056
-0.055
-0.056
-0.057
-0.056
-0.056
-0.056
-0.052
