-0.114
-0.126
-0.134
-0.137
-0.136
-0.14
-0.139
-0.137
-0.136
-0.134
-0.133
-0.132
-0.131
-0.13
-0.129
-0.128
-0.126
-0.125
-0.124
-0.123
-0.122
-0.121
-0.119
-0.117
-0.115
-0.114
-0.112
-0.111
-0.111
-0.11
-0.108
-0.106
-0.105
-0.103
-0.101
-0.099
-0.099
-0.098
-0.096
-0.096
-0.095
-0.094
-0.093
-0.093
-0.093
-0.092
-0.092
-0.092
-0.091
-0.09
-0.09
-0.089
-0.087
-0.087
-0.086
-0.084
-0.083
-0.079
-0.072
-0.062
-0.048
-0.031
-0.015
0.001
0.025
0.038
0.049
0.056
0.061
0.054
0.054
0.051
0.046
0.036
0.026
0.012
-0.005
-0.022
-0.037
-0.051
-0.062
-0.07
-0.073
-0.075
-0.076
-0.076
-0.077
-0.077
-0.076
-0.075
-0.073
-0.072
-0.072
-0.072
-0.067
-0.067
-0.066
-0.065
-0.064
-0.069
-0.076
-0.084
-0.074
-0.042
0.014
0.102
0.217
0.332
0.441
0.552
0.665
0.765
0.817
0.819
0.771
0.671
0.535
0.399
0.269
0.139
0.007
-0.102
-0.172
-0.206
-0.206
-0.181
-0.154
-0.135
-0.124
-0.121
-0.12
-0.119
-0.118
-0.117
-0.117
-0.116
-0.114
-0.113
-0.111
-0.11
-0.109
-0.108
-0.107
-0.103
-0.095
-0.083
-0.067
-0.048
-0.031
-0.013
0.006
0.023
0.04
0.059
0.079
0.099
0.12
0.138
0.152
0.163
0.171
0.178
0.182
0.185
0.187
0.189
0.188
0.187
0.184
0.18
0.174
0.167
0.161
0.153
0.143
0.13
0.115
0.096
0.076
0.055
0.035
0.014
-0.004
-0.021
-0.036
-0.054
-0.073
-0.09
-0.111
-0.122
-0.13
-0.134
-0.134
-0.127
-0.125
-0.123
-0.122
-0.12
-0.119
-0.118
-0.117
-0.116
-0.114
-0.113
-0.112
-0.11
-0.108
-0.107
-0.106
-0.105
-0.103
-0.103
-0.102
-0.101
-0.1
-0.1
-0.1
-0.099
-0.097
-0.097
-0.095
-0.093
-0.091
-0.091
-0.09
-0.09
-0.089
-0.088
-0.087
-0.086
-0.085
-0.084
-0.083
-0.084
-0.084
-0.083
-0.082
-0.081
-0.08
-0.078
-0.077
-0.077
-0.076
-0.075
-0.074
-0.071
-0.064
-0.053
-0.039
-0.022
