-0.115
-0.115
-0.114
-0.112
-0.112
-0.112
-0.112
-0.11
-0.109
-0.108
-0.106
-0.105
-0.104
-0.104
-0.095
-0.094
-0.093
-0.091
-0.09
-0.097
-0.097
-0.095
-0.096
-0.095
-0.093
-0.092
-0.091
-0.091
-0.091
-0.091
-0.091
-0.09
-0.088
-0.087
-0.087
-0.086
-0.085
-0.084
-0.083
-0.082
-0.078
-0.072
-0.062
-0.049
-0.033
-0.015
0.001
0.015
0.029
0.04
0.048
0.054
0.056
0.055
0.052
0.046
0.037
0.025
0.011
-0.005
-0.023
-0.04
-0.053
-0.064
-0.072
-0.078
-0.086
-0.087
-0.088
-0.089
-0.088
-0.081
-0.08
-0.08
-0.079
-0.078
-0.078
-0.077
-0.075
-0.074
-0.073
-0.073
-0.073
-0.078
-0.087
-0.079
-0.048
0.004
0.084
0.194
0.313
0.427
0.536
0.643
0.741
0.8
0.808
0.767
0.678
0.548
0.406
0.27
0.14
0.013
-0.094
-0.172
-0.213
-0.217
-0.192
-0.165
-0.145
-0.132
-0.128
-0.13
-0.129
-0.129
-0.127
-0.126
-0.124
-0.123
-0.121
-0.121
-0.119
-0.118
-0.116
-0.115
-0.111
-0.105
-0.095
-0.08
-0.061
-0.042
-0.024
-0.007
0.011
0.028
0.047
0.066
0.085
0.105
0.125
0.14
0.152
0.16
0.166
0.17
0.173
0.173
0.174
0.173
0.173
0.171
0.168
0.165
0.16
0.153
0.146
0.136
0.123
0.108
0.09
0.068
0.047
0.027
0.006
-0.015
-0.033
-0.049
-0.065
-0.081
-0.099
-0.115
-0.135
-0.142
-0.147
-0.146
-0.145
-0.135
-0.134
-0.133
-0.132
-0.131
-0.129
-0.128
-0.127
-0.126
-0.125
-0.124
-0.122
-0.122
-0.121
-0.12
-0.12
-0.119
-0.117
-0.115
-0.113
-0.112
-0.11
-0.108
-0.107
-0.106
-0.105
-0.104
-0.104
-0.103
-0.101
-0.101
-0.1
-0.099
-0.099
-0.098
-0.097
-0.096
-0.095
-0.094
-0.094
-0.093
-0.092
-0.091
-0.09
-0.089
-0.089
-0.087
-0.085
-0.083
-0.082
-0.08
-0.076
-0.069
-0.059
-0.046
-0.03
-0.013
0.003
0.019
0.033
0.043
0.051
0.056
0.058
0.057
0.055
0.049
0.04
0.027
0.013
-0.002
-0.018
-0.035
