-0.054
-0.055
-0.056
-0.055
-0.054
-0.054
-0.051
-0.05
-0.048
-0.042
-0.034
-0.031
-0.018
-0.007
0.002
0.009
0.016
0.014
0.004
-0.008
-0.02
-0.032
-0.042
-0.046
-0.049
-0.051
-0.052
-0.052
-0.05
-0.05
-0.049
-0.049
-0.049
-0.049
-0.05
-0.055
-0.008
0.05
0.121
0.206
0.305
0.356
0.338
0.293
0.224
0.132
0.02
-0.036
-0.068
-0.086
-0.091
-0.081
-0.066
-0.066
-0.066
-0.067
-0.067
-0.066
-0.064
-0.063
-0.056
-0.048
-0.039
-0.026
-0.01
-0.002
0.016
0.031
0.047
0.061
0.075
0.078
0.081
0.081
0.082
0.083
0.085
0.083
0.075
0.063
0.049
0.035
0.021
0.011
-0.006
-0.024
-0.041
-0.055
-0.065
-0.067
-0.067
-0.067
-0.067
-0.066
-0.065
-0.064
-0.062
-0.062
-0.062
-0.06
-0.057
-0.057
-0.055
-0.055
-0.056
-0.056
-0.054
-0.053
-0.052
-0.053
-0.053
-0.053
-0.052
-0.052
-0.05
-0.05
-0.05
-0.05
-0.048
-0.048
-0.044
-0.039
-0.033
-0.024
-0.012
-0.004
0.007
0.013
0.018
0.021
0.022
0.017
0.006
-0.007
-0.019
-0.03
-0.037
-0.038
-0.037
-0.038
-0.039
-0.039
-0.039
-0.039
-0.037
-0.038
-0.04
-0.044
-0.042
-0.03
0.065
0.149
0.247
0.35
0.435
0.419
0.354
0.261
0.145
0.033
-0.061
-0.086
-0.091
-0.083
-0.071
-0.06
-0.052
-0.052
-0.049
-0.048
-0.048
-0.046
-0.044
-0.042
-0.03
-0.019
-0.007
0.008
0.026
0.034
0.051
0.066
0.078
0.089
0.101
0.102
0.104
0.103
0.101
0.1
0.098
0.094
0.079
0.063
0.046
0.03
0.015
0.01
-0.005
-0.02
-0.034
-0.047
-0.056
-0.056
-0.054
-0.052
-0.051
-0.05
-0.05
-0.049
-0.048
-0.047
-0.046
-0.046
-0.046
-0.045
-0.044
-0.043
-0.042
-0.042
-0.043
-0.043
-0.042
-0.04
-0.04
-0.04
-0.04
-0.04
-0.039
-0.038
-0.028
-0.022
-0.014
-0.004
0.008
0.013
0.017
0.02
0.019
0.016
0.013
0.01
-0.002
-0.013
-0.024
-0.033
-0.039
-0.038
-0.039
-0.039
