-0.011
-0.031
-0.048
-0.054
-0.056
-0.056
-0.053
-0.053
-0.054
-0.054
-0.053
-0.052
-0.051
-0.049
-0.049
-0.051
-0.051
-0.052
-0.054
-0.053
-0.051
-0.05
-0.048
-0.045
-0.044
-0.045
-0.045
-0.044
-0.043
-0.041
-0.04
-0.041
-0.041
-0.04
-0.039
-0.035
-0.031
-0.028
-0.021
-0.012
0.001
0.013
0.023
0.028
0.018
0.006
-0.008
-0.022
-0.033
-0.031
-0.033
-0.033
-0.034
-0.036
-0.037
-0.037
-0.036
-0.035
-0.034
-0.036
-0.041
-0.045
0.008
0.071
0.147
0.236
0.338
0.386
0.36
0.309
0.232
0.127
0.009
-0.043
-0.069
-0.08
-0.077
-0.066
-0.054
-0.054
-0.053
-0.052
-0.051
-0.051
-0.051
-0.051
-0.042
-0.031
-0.019
-0.008
0.006
0.014
0.03
0.047
0.063
0.075
0.087
0.09
0.09
0.091
0.092
0.089
0.084
0.084
0.074
0.064
0.051
0.035
0.018
0.009
-0.012
-0.026
-0.04
-0.054
-0.067
-0.066
-0.066
-0.065
-0.065
-0.065
-0.064
-0.063
-0.064
-0.061
-0.06
-0.06
-0.062
-0.059
-0.06
-0.059
-0.058
-0.058
-0.058
-0.057
-0.058
-0.057
-0.057
-0.057
-0.057
-0.056
-0.055
-0.052
-0.052
-0.053
-0.054
-0.054
-0.051
-0.043
-0.034
-0.026
-0.016
-0.008
0.001
0.009
0.015
0.016
0.014
0.009
-0.003
-0.014
-0.024
-0.036
-0.047
-0.048
-0.049
-0.048
-0.047
-0.048
-0.049
-0.049
-0.049
-0.048
-0.05
-0.056
-0.051
-0.035
0.04
0.132
0.234
0.329
0.402
0.403
0.327
0.229
0.115
0.008
-0.084
-0.103
-0.104
-0.092
-0.079
-0.07
-0.067
-0.067
-0.067
-0.064
-0.061
-0.06
-0.06
-0.058
-0.047
-0.034
-0.018
-0.003
0.012
0.021
0.036
0.051
0.066
0.077
0.085
0.087
0.087
0.087
0.086
0.084
0.08
0.076
0.062
0.049
0.035
0.018
-0.001
-0.009
-0.025
-0.037
-0.047
-0.058
-0.067
-0.067
-0.067
-0.066
-0.063
-0.062
-0.062
-0.061
-0.061
-0.06
-0.058
-0.057
-0.058
-0.056
-0.056
-0.055
-0.052
-0.051
-0.052
-0.051
-0.051
-0.049
