0.049
0.031
0.011
-0.007
-0.023
-0.032
-0.039
-0.045
-0.051
-0.056
-0.058
-0.058
-0.056
-0.054
-0.055
-0.054
-0.052
-0.052
-0.05
-0.049
-0.05
-0.05
-0.048
-0.047
-0.045
-0.045
-0.047
-0.048
-0.046
-0.046
-0.044
-0.042
-0.043
-0.043
-0.042
-0.041
-0.039
-0.039
-0.04
-0.04
-0.038
-0.034
-0.02
-0.006
0.006
0.019
0.031
0.033
0.032
0.026
0.017
0.006
-0.004
-0.013
-0.02
-0.026
-0.032
-0.036
-0.037
-0.035
-0.033
-0.032
0.008
0.036
0.076
0.128
0.195
0.23
0.25
0.271
0.265
0.235
0.182
0.144
0.078
0.024
-0.017
-0.044
-0.055
-0.053
-0.053
-0.052
-0.053
-0.055
-0.054
-0.051
-0.046
-0.04
-0.035
-0.028
-0.018
-0.01
0.011
0.029
0.045
0.061
0.078
0.084
0.09
0.097
0.1
0.101
0.102
0.102
0.093
0.087
0.077
0.067
0.055
0.05
0.028
0.012
-0.007
-0.025
-0.041
-0.044
-0.052
-0.055
-0.058
-0.06
-0.059
-0.056
-0.056
-0.054
-0.052
-0.051
-0.051
-0.05
-0.049
-0.049
-0.05
-0.052
-0.053
-0.054
-0.054
-0.053
-0.051
-0.05
-0.05
-0.05
-0.05
-0.05
-0.048
-0.047
-0.046
-0.043
-0.037
-0.028
-0.019
-0.01
-0
0.007
0.013
0.018
0.021
0.018
0.005
-0.008
-0.021
-0.031
-0.04
-0.042
-0.044
-0.048
-0.05
-0.05
-0.048
-0.048
-0.048
-0.049
-0.051
-0.054
-0.057
-0.051
0.011
0.086
0.176
0.279
0.376
0.401
0.349
0.27
0.167
0.052
-0.051
-0.086
-0.099
-0.1
-0.088
-0.076
-0.066
-0.065
-0.065
-0.066
-0.067
-0.065
-0.064
-0.063
-0.054
-0.045
-0.034
-0.019
-0.003
0.007
0.024
0.039
0.053
0.067
0.08
0.082
0.083
0.082
0.08
0.079
0.079
0.076
0.065
0.05
0.034
0.02
0.005
-0.005
-0.021
-0.038
-0.053
-0.065
-0.074
-0.074
-0.072
-0.073
-0.073
-0.071
-0.069
-0.069
-0.067
-0.067
-0.068
-0.067
-0.065
-0.065
-0.063
-0.063
-0.064
-0.062
-0.059
-0.058
-0.056
-0.055
-0.056
-0.055
