-0.122
-0.12
-0.119
-0.117
-0.112
-0.104
-0.092
-0.076
-0.057
-0.038
-0.02
-0.004
0.011
0.03
0.05
0.069
0.087
0.106
0.124
0.139
0.15
0.159
0.165
0.17
0.172
0.173
0.175
0.174
0.172
0.17
0.167
0.162
0.157
0.151
0.143
0.132
0.12
0.104
0.085
0.063
0.042
0.022
0.002
-0.017
-0.034
-0.051
-0.067
-0.084
-0.102
-0.117
-0.129
-0.135
-0.137
-0.136
-0.135
-0.134
-0.133
-0.133
-0.132
-0.131
-0.129
-0.127
-0.125
-0.123
-0.121
-0.12
-0.119
-0.118
-0.117
-0.117
-0.115
-0.114
-0.113
-0.112
-0.111
-0.11
-0.109
-0.108
-0.107
-0.105
-0.104
-0.103
-0.101
-0.1
-0.1
-0.099
-0.105
-0.104
-0.103
-0.1
-0.098
-0.09
-0.09
-0.089
-0.088
-0.088
-0.087
-0.086
-0.085
-0.084
-0.083
-0.081
-0.08
-0.079
-0.078
-0.078
-0.074
-0.067
-0.057
-0.042
-0.025
-0.009
0.008
0.024
0.037
0.048
0.056
0.06
0.061
0.061
0.058
0.051
0.041
0.029
0.013
-0.004
-0.021
-0.035
-0.049
-0.06
-0.067
-0.07
-0.072
-0.072
-0.072
-0.071
-0.071
-0.071
-0.07
-0.069
-0.069
-0.069
-0.068
-0.067
-0.067
-0.065
-0.064
-0.062
-0.063
-0.07
-0.077
-0.066
-0.032
0.031
0.126
0.239
0.35
0.459
0.572
0.687
0.78
0.825
0.822
0.766
0.659
0.525
0.394
0.264
0.129
-0.005
-0.107
-0.17
-0.2
-0.196
-0.169
-0.145
-0.128
-0.12
-0.118
-0.117
-0.12
-0.119
-0.117
-0.115
-0.114
-0.108
-0.107
-0.105
-0.104
-0.103
-0.102
-0.101
-0.097
-0.089
-0.076
-0.059
-0.041
-0.023
-0.004
0.014
0.03
0.047
0.078
0.097
0.118
0.138
0.155
0.156
0.166
0.175
0.181
0.185
0.187
0.189
0.19
0.191
0.189
0.186
0.182
0.176
0.17
0.164
0.156
0.146
0.133
0.118
0.1
0.079
0.059
0.038
0.017
-0.002
-0.018
-0.034
-0.053
-0.07
-0.087
-0.101
-0.113
-0.121
-0.124
-0.124
-0.123
-0.122
-0.117
-0.117
-0.116
-0.114
-0.113
-0.116
