0.093
0.071
0.05
0.031
0.012
-0.007
-0.024
-0.041
-0.057
-0.073
-0.089
-0.106
-0.119
-0.127
-0.131
-0.132
-0.131
-0.129
-0.128
-0.127
-0.126
-0.125
-0.123
-0.122
-0.121
-0.12
-0.118
-0.117
-0.116
-0.114
-0.112
-0.111
-0.11
-0.108
-0.107
-0.107
-0.106
-0.105
-0.104
-0.103
-0.102
-0.101
-0.1
-0.098
-0.096
-0.094
-0.092
-0.091
-0.09
-0.089
-0.089
-0.088
-0.087
-0.086
-0.086
-0.084
-0.083
-0.082
-0.081
-0.079
-0.077
-0.077
-0.076
-0.075
-0.075
-0.075
-0.074
-0.073
-0.071
-0.065
-0.055
-0.041
-0.024
-0.006
0.01
0.025
0.039
0.05
0.058
0.063
0.065
0.065
0.063
0.058
0.048
0.037
0.02
0.004
-0.012
-0.027
-0.041
-0.051
-0.06
-0.065
-0.067
-0.067
-0.066
-0.065
-0.065
-0.065
-0.064
-0.064
-0.064
-0.063
-0.062
-0.061
-0.061
-0.06
-0.059
-0.059
-0.06
-0.066
-0.076
-0.071
-0.044
0.008
0.139
0.252
0.365
0.475
0.586
0.652
0.756
0.815
0.825
0.785
0.692
0.559
0.424
0.294
0.162
0.027
-0.087
-0.161
-0.2
-0.206
-0.184
-0.156
-0.136
-0.124
-0.12
-0.118
-0.116
-0.115
-0.115
-0.114
-0.112
-0.11
-0.11
-0.109
-0.106
-0.105
-0.104
-0.101
-0.096
-0.089
-0.078
-0.063
-0.047
-0.03
-0.012
0.006
0.023
0.04
0.057
0.075
0.095
0.114
0.132
0.147
0.159
0.169
0.177
0.182
0.185
0.187
0.188
0.187
0.186
0.183
0.188
0.183
0.178
0.172
0.164
0.145
0.132
0.115
0.096
0.076
0.055
0.034
0.014
-0.005
-0.02
-0.036
-0.054
-0.073
-0.09
-0.106
-0.118
-0.126
-0.13
-0.132
-0.131
-0.13
-0.129
-0.128
-0.127
-0.126
-0.118
-0.117
-0.115
-0.113
-0.111
-0.117
-0.117
-0.116
-0.115
-0.115
-0.113
-0.112
-0.111
-0.11
-0.109
-0.107
-0.106
-0.105
-0.104
-0.103
-0.103
-0.102
-0.102
-0.101
-0.1
-0.099
-0.098
-0.097
-0.096
-0.095
-0.093
-0.092
-0.091
-0.089
-0.088
-0.087
-0.087
-0.086
-0.085
-0.085
