-0.064
-0.063
-0.063
-0.063
-0.062
-0.062
-0.062
-0.063
-0.069
-0.076
-0.065
-0.03
0.027
0.112
0.222
0.341
0.458
0.567
0.673
0.765
0.815
0.814
0.764
0.667
0.536
0.394
0.255
0.125
-0
-0.101
-0.17
-0.205
-0.205
-0.181
-0.156
-0.138
-0.128
-0.125
-0.123
-0.121
-0.119
-0.118
-0.116
-0.116
-0.116
-0.115
-0.117
-0.116
-0.115
-0.112
-0.11
-0.103
-0.095
-0.084
-0.07
-0.052
-0.033
-0.016
0.001
0.017
0.036
0.055
0.074
0.092
0.112
0.13
0.144
0.155
0.164
0.169
0.171
0.174
0.176
0.177
0.177
0.176
0.174
0.17
0.164
0.159
0.152
0.144
0.134
0.121
0.106
0.087
0.065
0.045
0.026
0.006
-0.013
-0.03
-0.046
-0.063
-0.081
-0.1
-0.118
-0.129
-0.136
-0.139
-0.139
-0.137
-0.136
-0.135
-0.134
-0.133
-0.132
-0.13
-0.128
-0.126
-0.124
-0.122
-0.121
-0.119
-0.118
-0.117
-0.116
-0.115
-0.115
-0.115
-0.115
-0.114
-0.114
-0.113
-0.111
-0.109
-0.108
-0.106
-0.105
-0.104
-0.104
-0.103
-0.102
-0.101
-0.1
-0.1
-0.099
-0.098
-0.097
-0.096
-0.088
-0.086
-0.085
-0.083
-0.082
-0.088
-0.088
-0.088
-0.089
-0.089
-0.088
-0.086
-0.084
-0.08
-0.072
-0.061
-0.048
-0.032
-0.016
-0.001
0.013
0.027
0.038
0.045
0.049
0.049
0.048
0.044
0.037
0.028
0.017
0.002
-0.014
-0.031
-0.047
-0.062
-0.074
-0.081
-0.084
-0.085
-0.085
-0.084
-0.084
-0.084
-0.083
-0.082
-0.082
-0.081
-0.079
-0.078
-0.078
-0.078
-0.077
-0.077
-0.076
-0.077
-0.084
-0.092
-0.081
-0.046
0.016
0.109
0.22
0.33
0.44
0.554
0.669
0.76
0.806
0.802
0.747
0.642
0.511
0.38
0.25
0.114
-0.02
-0.121
-0.185
-0.215
-0.213
-0.186
-0.16
-0.143
-0.134
-0.131
-0.128
-0.127
-0.127
-0.125
-0.123
-0.122
-0.121
-0.119
-0.113
-0.113
-0.112
-0.109
-0.108
-0.109
-0.101
-0.088
-0.074
-0.056
-0.038
-0.019
-0.001
0.016
0.034
0.052
