-0.067
-0.055
-0.04
-0.024
-0.007
0.009
0.023
0.034
0.043
0.049
0.052
0.052
0.05
0.046
0.038
0.027
0.015
-0
-0.016
-0.033
-0.048
-0.061
-0.071
-0.078
-0.081
-0.083
-0.083
-0.083
-0.083
-0.083
-0.082
-0.082
-0.082
-0.082
-0.077
-0.076
-0.076
-0.075
-0.074
-0.076
-0.075
-0.077
-0.086
-0.088
-0.069
-0.026
0.043
0.139
0.248
0.358
0.513
0.623
0.725
0.8
0.829
0.764
0.695
0.585
0.454
0.323
0.19
0.057
-0.059
-0.145
-0.196
-0.216
-0.203
-0.177
-0.155
-0.141
-0.134
-0.132
-0.131
-0.129
-0.128
-0.127
-0.126
-0.125
-0.124
-0.123
-0.114
-0.112
-0.112
-0.109
-0.106
-0.108
-0.099
-0.085
-0.07
-0.052
-0.034
-0.017
-0.001
0.014
0.031
0.051
0.07
0.088
0.107
0.123
0.137
0.148
0.157
0.162
0.164
0.167
0.169
0.169
0.168
0.167
0.164
0.159
0.154
0.148
0.142
0.133
0.121
0.107
0.091
0.071
0.049
0.029
0.01
-0.009
-0.026
-0.043
-0.06
-0.077
-0.093
-0.11
-0.124
-0.134
-0.141
-0.144
-0.144
-0.142
-0.14
-0.139
-0.137
-0.136
-0.135
-0.133
-0.133
-0.132
-0.128
-0.127
-0.126
-0.125
-0.123
-0.124
-0.123
-0.121
-0.121
-0.12
-0.118
-0.115
-0.113
-0.112
-0.111
-0.11
-0.111
-0.111
-0.11
-0.108
-0.107
-0.105
-0.103
-0.103
-0.103
-0.102
-0.101
-0.1
-0.098
-0.097
-0.094
-0.093
-0.092
-0.091
-0.091
-0.092
-0.091
-0.09
-0.089
-0.089
-0.087
-0.086
-0.084
-0.079
-0.07
-0.058
-0.043
-0.025
-0.008
0.007
0.02
0.032
0.042
0.048
0.051
0.051
0.05
0.046
0.038
0.029
0.018
0.003
-0.014
-0.031
-0.045
-0.058
-0.068
-0.074
-0.076
-0.078
-0.078
-0.078
-0.078
-0.077
-0.076
-0.075
-0.074
-0.073
-0.073
-0.072
-0.072
-0.072
-0.071
-0.07
-0.07
-0.073
-0.082
-0.084
-0.063
-0.021
0.049
0.15
0.267
0.38
0.531
0.638
0.744
0.823
0.851
0.786
0.717
0.599
0.46
0.327
0.198
0.07
