-0.059
-0.056
-0.053
-0.051
-0.048
-0.043
-0.036
-0.028
-0.006
0.017
0.039
0.059
0.076
0.082
0.085
0.088
0.09
0.093
0.093
0.092
0.084
0.074
0.065
0.054
0.041
0.031
0.013
-0.005
-0.022
-0.038
-0.052
-0.057
-0.06
-0.062
-0.061
-0.059
-0.056
-0.055
-0.056
-0.057
-0.057
-0.056
-0.056
-0.055
-0.055
-0.054
-0.053
-0.051
-0.05
-0.049
-0.049
-0.049
-0.048
-0.046
-0.045
-0.044
-0.043
-0.043
-0.043
-0.041
-0.039
-0.039
-0.039
-0.038
-0.035
-0.028
-0.019
-0.011
0
0.01
0.018
0.025
0.031
0.03
0.02
0.007
-0.005
-0.016
-0.026
-0.029
-0.032
-0.034
-0.034
-0.033
-0.033
-0.033
-0.033
-0.034
-0.034
-0.033
-0.035
-0.039
0.037
0.1
0.175
0.266
0.368
0.389
0.338
0.285
0.209
0.11
-0.005
-0.033
-0.06
-0.076
-0.076
-0.062
-0.048
-0.048
-0.049
-0.05
-0.05
-0.048
-0.046
-0.045
-0.032
-0.022
-0.011
0.003
0.019
0.022
0.042
0.057
0.072
0.087
0.101
0.098
0.099
0.098
0.098
0.099
0.099
0.096
0.087
0.075
0.06
0.045
0.031
0.02
0.002
-0.016
-0.031
-0.044
-0.053
-0.055
-0.055
-0.055
-0.055
-0.055
-0.054
-0.054
-0.054
-0.055
-0.055
-0.054
-0.052
-0.052
-0.052
-0.052
-0.052
-0.051
-0.049
-0.048
-0.048
-0.048
-0.048
-0.046
-0.044
-0.043
-0.043
-0.044
-0.045
-0.045
-0.044
-0.044
-0.04
-0.036
-0.029
-0.02
-0.009
-0
0.009
0.015
0.019
0.021
0.022
0.017
0.004
-0.011
-0.023
-0.034
-0.041
-0.041
-0.042
-0.043
-0.045
-0.045
-0.044
-0.044
-0.043
-0.045
-0.049
-0.053
-0.048
-0.034
0.039
0.127
0.228
0.327
0.405
0.407
0.334
0.232
0.114
0.006
-0.082
-0.101
-0.101
-0.09
-0.079
-0.07
-0.064
-0.064
-0.063
-0.063
-0.064
-0.063
-0.061
-0.06
-0.048
-0.036
-0.023
-0.007
0.02
0.036
0.054
0.07
0.084
0.086
0.087
0.086
0.082
0.08
0.077
0.073
0.06
0.045
0.028
0.012
-0.004
-0.012
-0.027
-0.041
-0.054
-0.064
-0.071
-0.071
-0.069
-0.068
-0.069
-0.068
-0.067
-0.067
-0.065
-0.065
-0.066
-0.066
-0.065
-0.065
-0.063
-0.064
-0.064
-0.063
-0.062
-0.061
-0.059
-0.059
-0.059
-0.059
-0.057
-0.057
-0.055
-0.055
-0.055
-0.054
-0.053
-0.052
-0.044
-0.036
-0.028
-0.016
-0.002
0.004
0.01
0.012
0.01
0.007
0.003
-0.003
-0.014
-0.025
-0.035
-0.043
-0.048
-0.048
-0.046
-0.046
-0.047
-0.047
-0.045
-0.045
-0.041
-0.024
0.004
0.041
0.091
0.149
0.225
0.297
0.35
0.382
0.388
0.345
0.233
0.124
0.031
-0.044
-0.1
-0.089
-0.076
-0.066
-0.062
-0.061
-0.06
-0.058
-0.058
-0.058
-0.058
-0.056
-0.051
-0.044
-0.026
-0.011
0.005
0.021
0.038
0.044
0.059
0.071
0.079
0.087
0.09
0.088
0.086
0.084
0.062
0.046
0.027
0.009
-0.011
-0.015
-0.026
-0.033
-0.042
-0.049
-0.053
-0.052
-0.052
-0.052
-0.053
-0.053
-0.052
-0.05
-0.048
-0.047
-0.046
-0.046
-0.044
-0.042
-0.042
-0.041
-0.042
-0.043
-0.043
-0.042
-0.04
-0.038
-0.036
-0.035
-0.035
-0.037
-0.038
-0.039
-0.039
-0.036
-0.033
-0.027
-0.016
-0.004
0.009
0.021
0.031
0.033
0.027
0.02
0.011
0
-0.011
-0.019
-0.027
-0.033
-0.035
-0.034
-0.034
-0.034
-0.035
-0.036
-0.036
-0.034
-0.033
-0.033
-0.008
0.028
0.077
0.138
0.209
0.267
0.295
0.299
0.28
0.237
0.167
0.099
0.039
-0.007
-0.037
-0.053
-0.055
-0.053
-0.054
-0.055
-0.054
-0.053
-0.053
-0.052
-0.05
-0.046
-0.038
-0.028
-0.017
-0.008
0.013
0.028
0.044
0.061
0.078
0.078
0.084
0.088
0.092
0.096
0.099
0.096
0.088
0.078
0.067
0.057
0.045
0.035
0.015
-0.003
-0.021
-0.036
-0.05
-0.055
-0.06
-0.064
-0.066
-0.065
-0.063
-0.063
-0.063
-0.063
-0.062
-0.06
-0.059
-0.057
-0.056
-0.057
-0.058
-0.056
-0.055
-0.056
-0.054
-0.055
-0.055
-0.054
-0.053
-0.054
