-0.123
-0.122
-0.121
-0.119
-0.118
-0.118
-0.118
-0.117
-0.114
-0.113
-0.112
-0.11
-0.109
-0.11
-0.11
-0.109
-0.108
-0.107
-0.106
-0.104
-0.103
-0.103
-0.102
-0.101
-0.101
-0.101
-0.099
-0.099
-0.099
-0.098
-0.097
-0.097
-0.097
-0.096
-0.096
-0.095
-0.094
-0.093
-0.089
-0.088
-0.088
-0.087
-0.086
-0.088
-0.088
-0.086
-0.085
-0.082
-0.076
-0.067
-0.055
-0.041
-0.024
-0.005
0.011
0.025
0.037
0.045
0.051
0.053
0.053
0.05
0.045
0.036
0.026
0.013
-0.002
-0.019
-0.035
-0.049
-0.061
-0.069
-0.075
-0.078
-0.08
-0.08
-0.079
-0.078
-0.078
-0.077
-0.077
-0.078
-0.078
-0.077
-0.076
-0.075
-0.073
-0.072
-0.071
-0.071
-0.075
-0.085
-0.082
-0.056
-0.007
0.067
0.167
0.281
0.4
0.514
0.621
0.721
0.748
0.766
0.734
0.655
0.536
0.441
0.301
0.165
0.036
-0.073
-0.152
-0.199
-0.212
-0.194
-0.167
-0.146
-0.134
-0.128
-0.127
-0.126
-0.125
-0.123
-0.122
-0.121
-0.121
-0.12
-0.119
-0.118
-0.118
-0.117
-0.102
-0.098
-0.092
-0.081
-0.067
-0.064
-0.044
-0.025
-0.009
0.007
0.024
0.044
0.064
0.084
0.103
0.121
0.136
0.149
0.159
0.166
0.17
0.174
0.177
0.178
0.178
0.178
0.176
0.172
0.167
0.16
0.154
0.146
0.136
0.125
0.113
0.096
0.074
0.052
0.033
0.012
-0.007
-0.025
-0.042
-0.06
-0.076
-0.093
-0.11
-0.124
-0.132
-0.137
-0.139
-0.137
-0.136
-0.135
-0.134
-0.133
-0.131
-0.129
-0.127
-0.125
-0.123
-0.122
-0.12
-0.119
-0.121
-0.119
-0.118
-0.117
-0.116
-0.112
-0.112
-0.111
-0.111
-0.11
-0.109
-0.107
-0.106
-0.105
-0.103
-0.101
-0.1
-0.1
-0.099
-0.098
-0.097
-0.096
-0.094
-0.092
-0.092
-0.092
-0.09
-0.09
-0.09
-0.088
-0.086
-0.085
-0.084
-0.083
-0.082
-0.082
-0.082
-0.081
-0.08
-0.078
-0.072
-0.062
-0.048
-0.031
-0.013
0.003
0.018
0.032
0.044
0.053
0.057
0.06
0.059
0.056
