-0.058
-0.056
-0.058
-0.057
-0.055
-0.053
-0.053
-0.052
-0.053
-0.054
-0.056
-0.056
-0.053
-0.05
-0.05
-0.048
-0.045
-0.043
-0.043
-0.042
-0.042
-0.043
-0.045
-0.046
-0.043
-0.04
-0.031
-0.018
-0.004
0.009
0.023
0.028
0.027
0.023
0.018
0.011
0.002
-0.006
-0.016
-0.025
-0.03
-0.033
-0.033
-0.032
-0.033
-0.035
-0.036
-0.036
-0.034
-0.034
-0.027
-0.008
0.023
0.066
0.121
0.179
0.247
0.29
0.309
0.305
0.277
0.211
0.124
0.053
0
-0.038
-0.062
-0.053
-0.048
-0.046
-0.045
-0.043
-0.04
-0.04
-0.041
-0.041
-0.039
-0.034
-0.026
-0.017
-0
0.015
0.032
0.05
0.069
0.078
0.088
0.093
0.098
0.101
0.104
0.103
0.099
0.094
0.086
0.078
0.071
0.062
0.043
0.023
0.004
-0.013
-0.028
-0.036
-0.043
-0.05
-0.054
-0.056
-0.055
-0.054
-0.054
-0.055
-0.056
-0.055
-0.053
-0.052
-0.051
-0.052
-0.052
-0.052
-0.05
-0.05
-0.049
-0.049
-0.05
-0.049
-0.047
-0.047
-0.046
-0.046
-0.046
-0.046
-0.044
-0.045
-0.044
-0.046
-0.047
-0.044
-0.039
-0.035
-0.02
-0.008
0.003
0.014
0.024
0.024
0.017
0.008
-0.003
-0.014
-0.026
-0.03
-0.035
-0.042
-0.046
-0.047
-0.046
-0.046
-0.044
-0.044
-0.046
-0.046
-0.044
-0.045
-0.015
0.025
0.076
0.139
0.216
0.271
0.293
0.288
0.258
0.205
0.129
0.063
0.011
-0.029
-0.057
-0.07
-0.069
-0.068
-0.066
-0.066
-0.067
-0.065
-0.063
-0.063
-0.058
-0.052
-0.046
-0.037
-0.025
-0.016
0.002
0.019
0.035
0.052
0.069
0.074
0.081
0.084
0.084
0.085
0.086
0.083
0.078
0.069
0.058
0.046
0.034
0.023
0.008
-0.01
-0.028
-0.044
-0.057
-0.064
-0.065
-0.067
-0.069
-0.069
-0.067
-0.066
-0.064
-0.063
-0.065
-0.065
-0.064
-0.065
-0.063
-0.062
-0.063
-0.064
-0.062
-0.063
-0.06
-0.059
-0.059
-0.06
-0.058
-0.059
-0.057
-0.057
-0.057
-0.057
-0.055
-0.055
-0.052
-0.05
