-0.087
-0.073
-0.054
-0.034
-0.015
0.002
0.019
0.035
0.053
0.072
0.091
0.11
0.129
0.145
0.152
0.161
0.167
0.171
0.174
0.183
0.184
0.185
0.183
0.18
0.176
0.171
0.165
0.158
0.151
0.142
0.13
0.116
0.099
0.078
0.056
0.037
0.017
-0.003
-0.022
-0.039
-0.055
-0.072
-0.09
-0.107
-0.12
-0.13
-0.135
-0.137
-0.134
-0.133
-0.133
-0.131
-0.129
-0.129
-0.126
-0.124
-0.123
-0.122
-0.121
-0.121
-0.12
-0.119
-0.118
-0.116
-0.115
-0.115
-0.114
-0.112
-0.109
-0.107
-0.105
-0.104
-0.103
-0.105
-0.105
-0.104
-0.103
-0.103
-0.102
-0.102
-0.102
-0.102
-0.1
-0.1
-0.099
-0.097
-0.096
-0.094
-0.092
-0.091
-0.09
-0.09
-0.09
-0.089
-0.088
-0.088
-0.087
-0.087
-0.086
-0.085
-0.082
-0.076
-0.067
-0.054
-0.038
-0.021
-0.005
0.01
0.027
0.038
0.046
0.052
0.054
0.052
0.049
0.044
0.036
0.025
0.011
-0.003
-0.019
-0.035
-0.049
-0.061
-0.071
-0.077
-0.079
-0.08
-0.081
-0.081
-0.08
-0.08
-0.08
-0.079
-0.078
-0.078
-0.078
-0.077
-0.073
-0.072
-0.071
-0.069
-0.069
-0.078
-0.087
-0.083
-0.057
-0.007
0.074
0.181
0.292
0.4
0.512
0.629
0.733
0.795
0.808
0.772
0.683
0.556
0.425
0.296
0.162
0.024
-0.09
-0.167
-0.21
-0.219
-0.198
-0.171
-0.152
-0.14
-0.133
-0.131
-0.129
-0.127
-0.125
-0.125
-0.124
-0.123
-0.122
-0.122
-0.122
-0.12
-0.119
-0.118
-0.114
-0.106
-0.095
-0.081
-0.065
-0.046
-0.028
-0.009
0.009
0.027
0.043
0.062
0.083
0.103
0.12
0.136
0.16
0.169
0.176
0.182
0.185
0.175
0.177
0.178
0.177
0.174
0.171
0.166
0.16
0.153
0.147
0.138
0.124
0.109
0.092
0.072
0.051
0.029
0.009
-0.011
-0.028
-0.044
-0.061
-0.078
-0.094
-0.108
-0.12
-0.129
-0.135
-0.137
-0.135
-0.134
-0.133
-0.131
-0.129
-0.128
-0.125
-0.123
-0.121
-0.121
-0.12
-0.12
-0.12
-0.12
