0.231
0.162
0.085
0.027
-0.015
-0.045
-0.063
-0.057
-0.055
-0.053
-0.052
-0.052
-0.052
-0.052
-0.052
-0.047
-0.039
-0.031
-0.022
-0.012
0.005
0.022
0.04
0.056
0.071
0.078
0.085
0.092
0.097
0.1
0.1
0.098
0.094
0.089
0.083
0.075
0.063
0.053
0.034
0.017
0.001
-0.015
-0.032
-0.039
-0.046
-0.049
-0.05
-0.05
-0.052
-0.052
-0.053
-0.053
-0.051
-0.05
-0.049
-0.048
-0.048
-0.046
-0.045
-0.045
-0.046
-0.045
-0.046
-0.045
-0.043
-0.043
-0.044
-0.044
-0.046
-0.044
-0.042
-0.041
-0.041
-0.04
-0.041
-0.041
-0.038
-0.035
-0.032
-0.025
-0.012
0.001
0.015
0.025
0.032
0.031
0.023
0.013
0.003
-0.008
-0.022
-0.027
-0.033
-0.036
-0.036
-0.036
-0.037
-0.037
-0.037
-0.037
-0.036
-0.035
-0.036
-0.039
-0.004
0.043
0.103
0.174
0.257
0.313
0.319
0.301
0.26
0.193
0.098
0.03
-0.017
-0.049
-0.066
-0.069
-0.059
-0.058
-0.059
-0.058
-0.056
-0.055
-0.055
-0.054
-0.05
-0.043
-0.034
-0.024
-0.012
-0.002
0.013
0.029
0.047
0.063
0.075
0.08
0.082
0.084
0.087
0.088
0.086
0.083
0.074
0.065
0.056
0.044
0.029
0.019
-0.001
-0.019
-0.036
-0.05
-0.064
-0.069
-0.073
-0.073
-0.071
-0.068
-0.067
-0.065
-0.066
-0.067
-0.067
-0.067
-0.067
-0.067
-0.067
-0.067
-0.066
-0.065
-0.065
-0.064
-0.065
-0.066
-0.064
-0.062
-0.061
-0.06
-0.059
-0.059
-0.058
-0.057
-0.057
-0.058
-0.053
-0.05
-0.046
-0.038
-0.031
-0.027
-0.015
-0.006
0.003
0.011
0.014
0.01
-0.003
-0.015
-0.028
-0.038
-0.048
-0.05
-0.051
-0.052
-0.052
-0.05
-0.049
-0.051
-0.052
-0.053
0.03
0.102
0.204
0.299
0.399
0.407
0.34
0.253
0.162
0.049
-0.062
-0.078
-0.096
-0.101
-0.091
-0.076
-0.065
-0.067
-0.066
-0.066
-0.065
-0.062
-0.059
-0.06
-0.046
-0.036
-0.024
-0.009
0.006
0.009
0.028
0.044
0.059
0.073
0.089
0.091
