-0.05
-0.051
-0.051
-0.05
-0.049
-0.049
-0.048
-0.047
-0.048
-0.048
-0.047
-0.048
-0.048
-0.047
-0.045
-0.042
-0.03
-0.019
-0.008
0.005
0.018
0.021
0.019
0.013
0.005
-0.005
-0.015
-0.023
-0.031
-0.038
-0.044
-0.047
-0.047
-0.046
-0.045
-0.044
-0.045
-0.046
-0.046
-0.046
-0.034
-0.012
0.021
0.068
0.126
0.183
0.244
0.278
0.287
0.273
0.236
0.167
0.088
0.025
-0.024
-0.057
-0.075
-0.069
-0.065
-0.063
-0.062
-0.063
-0.063
-0.063
-0.062
-0.061
-0.038
-0.017
0.006
0.031
0.056
0.061
0.069
0.075
0.078
0.08
0.082
0.082
0.079
0.073
0.064
0.056
0.047
0.038
0.022
0.004
-0.014
-0.032
-0.048
-0.057
-0.063
-0.067
-0.07
-0.071
-0.071
-0.07
-0.071
-0.072
-0.072
-0.071
-0.069
-0.067
-0.066
-0.065
-0.065
-0.065
-0.063
-0.062
-0.062
-0.062
-0.063
-0.063
-0.062
-0.06
-0.06
-0.057
-0.056
-0.055
-0.055
-0.054
-0.049
-0.048
-0.043
-0.036
-0.022
-0.015
-0.004
0.005
0.013
0.013
0.003
-0.007
-0.019
-0.032
-0.045
-0.047
-0.05
-0.053
-0.053
-0.053
-0.051
-0.05
-0.048
-0.047
-0.046
-0.045
-0.042
-0.042
0.014
0.059
0.114
0.181
0.262
0.294
0.281
0.268
0.228
0.166
0.082
0.044
-0.003
-0.036
-0.057
-0.066
-0.059
-0.058
-0.057
-0.055
-0.054
-0.054
-0.054
-0.054
-0.047
-0.037
-0.024
-0.009
0.008
0.017
0.032
0.047
0.062
0.077
0.089
0.093
0.093
0.093
0.093
0.093
0.092
0.09
0.079
0.066
0.052
0.038
0.022
0.012
-0.006
-0.022
-0.036
-0.048
-0.058
-0.059
-0.059
-0.059
-0.058
-0.056
-0.053
-0.052
-0.053
-0.054
-0.054
-0.053
-0.053
-0.051
-0.051
-0.051
-0.051
-0.051
-0.048
-0.046
-0.046
-0.047
-0.046
-0.046
-0.045
-0.043
-0.041
-0.04
-0.037
-0.032
-0.024
-0.014
-0.003
0.006
0.013
0.018
0.021
0.024
0.023
0.018
0.005
-0.009
-0.02
-0.029
-0.035
-0.034
-0.033
-0.034
-0.034
-0.033
