-0.05
-0.05
-0.05
-0.049
-0.042
-0.033
-0.023
-0.014
-0.002
0.004
0.011
0.016
0.018
0.014
0.009
0.003
-0.008
-0.017
-0.026
-0.035
-0.042
-0.042
-0.042
-0.041
-0.041
-0.042
-0.043
-0.043
-0.044
-0.045
-0.047
-0.039
-0.02
0.011
0.104
0.207
0.298
0.364
0.407
0.377
0.273
0.16
0.06
-0.027
-0.096
-0.093
-0.079
-0.067
-0.059
-0.057
-0.057
-0.056
-0.055
-0.052
-0.05
-0.05
-0.047
-0.043
-0.029
-0.014
0.003
0.018
0.035
0.045
0.06
0.074
0.085
0.092
0.098
0.099
0.098
0.098
0.08
0.064
0.044
0.023
0.002
-0.002
-0.016
-0.027
-0.036
-0.044
-0.052
-0.05
-0.048
-0.046
-0.044
-0.044
-0.045
-0.045
-0.046
-0.047
-0.046
-0.044
-0.043
-0.043
-0.041
-0.039
-0.04
-0.042
-0.043
-0.043
-0.042
-0.041
-0.039
-0.04
-0.041
-0.042
-0.043
-0.041
-0.039
-0.038
-0.039
-0.039
-0.03
-0.019
-0.006
0.007
0.019
0.024
0.022
0.022
0.018
0.012
0.003
-0.001
-0.014
-0.021
-0.028
-0.035
-0.04
-0.038
-0.037
-0.034
-0.014
-0.006
0.033
0.06
0.099
0.134
0.203
0.251
0.297
0.318
0.312
0.272
0.173
0.087
0.018
-0.036
-0.077
-0.072
-0.065
-0.06
-0.058
-0.059
-0.06
-0.059
-0.058
-0.056
-0.052
-0.048
-0.043
-0.037
-0.018
-0.001
0.017
0.034
0.05
0.056
0.067
0.077
0.086
0.091
0.093
0.093
0.087
0.084
0.08
0.073
0.064
0.058
0.036
0.019
0.002
-0.016
-0.034
-0.039
-0.049
-0.057
-0.063
-0.065
-0.066
-0.065
-0.063
-0.063
-0.064
-0.065
-0.065
-0.064
-0.063
-0.062
-0.063
-0.063
-0.063
-0.063
-0.061
-0.06
-0.059
-0.058
-0.057
-0.056
-0.054
-0.053
-0.053
-0.053
-0.053
-0.052
-0.052
-0.053
-0.052
-0.049
-0.043
-0.035
-0.019
-0.007
0.003
0.011
0.018
0.017
0.005
-0.004
-0.018
-0.031
-0.044
-0.044
-0.047
-0.049
-0.05
-0.051
-0.05
-0.05
-0.049
-0.048
-0.049
-0.05
-0.05
-0.053
-0.011
0.041
