0.047
0.066
0.085
0.105
0.123
0.139
0.151
0.162
0.172
0.177
0.181
0.183
0.186
0.186
0.185
0.183
0.189
0.184
0.178
0.173
0.167
0.15
0.139
0.125
0.108
0.09
0.069
0.048
0.027
0.008
-0.01
-0.026
-0.043
-0.06
-0.09
-0.107
-0.123
-0.135
-0.143
-0.132
-0.132
-0.13
-0.128
-0.127
-0.127
-0.126
-0.118
-0.117
-0.116
-0.114
-0.112
-0.118
-0.117
-0.115
-0.114
-0.113
-0.112
-0.111
-0.109
-0.108
-0.107
-0.106
-0.105
-0.106
-0.105
-0.105
-0.105
-0.104
-0.102
-0.101
-0.1
-0.099
-0.098
-0.097
-0.096
-0.095
-0.094
-0.093
-0.092
-0.092
-0.09
-0.09
-0.09
-0.089
-0.088
-0.087
-0.086
-0.084
-0.084
-0.084
-0.084
-0.084
-0.083
-0.079
-0.071
-0.059
-0.045
-0.028
-0.009
0.007
0.021
0.033
0.044
0.051
0.054
0.055
0.054
0.05
0.043
0.032
0.008
-0.006
-0.023
-0.04
-0.055
-0.056
-0.067
-0.075
-0.08
-0.081
-0.082
-0.082
-0.081
-0.081
-0.08
-0.078
-0.078
-0.077
-0.075
-0.075
-0.075
-0.075
-0.075
-0.075
-0.075
-0.077
-0.084
-0.089
-0.072
-0.034
0.028
0.12
0.235
0.355
0.468
0.575
0.681
0.769
0.811
0.8
0.741
0.636
0.497
0.354
0.221
0.093
-0.029
-0.125
-0.189
-0.216
-0.209
-0.182
-0.157
-0.14
-0.132
-0.13
-0.128
-0.127
-0.126
-0.125
-0.124
-0.123
-0.123
-0.122
-0.12
-0.119
-0.118
-0.116
-0.115
-0.11
-0.101
-0.088
-0.072
-0.052
-0.035
-0.018
-0.002
0.015
0.035
0.054
0.072
0.091
0.111
0.128
0.142
0.152
0.16
0.166
0.17
0.174
0.178
0.18
0.181
0.179
0.165
0.159
0.153
0.147
0.14
0.142
0.131
0.118
0.099
0.078
0.057
0.037
0.017
-0.002
-0.02
-0.037
-0.053
-0.069
-0.085
-0.103
-0.118
-0.129
-0.136
-0.14
-0.139
-0.138
-0.137
-0.136
-0.136
-0.135
-0.139
-0.138
-0.137
-0.134
-0.131
-0.125
-0.123
-0.122
-0.121
-0.12
-0.119
-0.119
-0.117
-0.117
-0.117
-0.116
