-0.077
-0.077
-0.076
-0.074
-0.074
-0.073
-0.071
-0.071
-0.071
-0.071
-0.071
-0.072
-0.071
-0.07
-0.07
-0.073
-0.083
-0.084
-0.061
-0.016
0.059
0.166
0.282
0.391
0.501
0.614
0.725
0.797
0.819
0.792
0.713
0.587
0.451
0.32
0.19
0.055
-0.051
-0.136
-0.185
-0.2
-0.182
-0.171
-0.15
-0.136
-0.13
-0.128
-0.126
-0.124
-0.123
-0.121
-0.121
-0.119
-0.117
-0.116
-0.115
-0.114
-0.113
-0.113
-0.111
-0.105
-0.096
-0.083
-0.066
-0.049
-0.032
-0.014
0.005
0.022
0.039
0.059
0.079
0.1
0.119
0.135
0.147
0.156
0.164
0.168
0.172
0.175
0.176
0.177
0.176
0.174
0.17
0.165
0.158
0.151
0.144
0.135
0.123
0.108
0.092
0.073
0.051
0.03
0.01
-0.009
-0.027
-0.042
-0.059
-0.077
-0.095
-0.111
-0.124
-0.134
-0.141
-0.144
-0.143
-0.143
-0.143
-0.142
-0.14
-0.139
-0.138
-0.135
-0.133
-0.131
-0.129
-0.127
-0.125
-0.124
-0.122
-0.121
-0.121
-0.12
-0.119
-0.118
-0.119
-0.118
-0.117
-0.116
-0.116
-0.115
-0.113
-0.111
-0.11
-0.108
-0.115
-0.114
-0.114
-0.112
-0.111
-0.101
-0.101
-0.101
-0.1
-0.099
-0.097
-0.095
-0.094
-0.092
-0.091
-0.09
-0.089
-0.088
-0.087
-0.087
-0.087
-0.087
-0.086
-0.081
-0.072
-0.059
-0.043
-0.025
-0.007
0.009
0.016
0.027
0.036
0.042
0.046
0.053
0.051
0.047
0.038
0.026
0.014
0
-0.016
-0.034
-0.049
-0.062
-0.071
-0.077
-0.08
-0.08
-0.081
-0.081
-0.081
-0.079
-0.078
-0.077
-0.076
-0.075
-0.075
-0.074
-0.073
-0.072
-0.071
-0.07
-0.069
-0.074
-0.084
-0.083
-0.059
-0.012
0.059
0.158
0.272
0.391
0.506
0.614
0.716
0.786
0.809
0.782
0.707
0.59
0.455
0.314
0.177
0.048
-0.063
-0.145
-0.197
-0.212
-0.196
-0.171
-0.15
-0.136
-0.129
-0.127
-0.125
-0.122
-0.119
-0.118
-0.118
-0.117
-0.117
-0.117
-0.117
-0.116
-0.115
-0.113
-0.109
-0.101
-0.09
-0.076
