0.038
0.093
0.192
0.266
0.315
0.34
0.341
0.276
0.171
0.081
0.005
-0.052
-0.092
-0.08
-0.069
-0.064
-0.063
-0.064
-0.062
-0.062
-0.06
-0.059
-0.059
-0.057
-0.05
-0.044
-0.027
-0.011
0.004
0.019
0.038
0.048
0.061
0.073
0.084
0.089
0.093
0.092
0.089
0.081
0.075
0.07
0.064
0.057
0.042
0.024
0.004
-0.014
-0.031
-0.04
-0.048
-0.055
-0.063
-0.068
-0.07
-0.069
-0.068
-0.067
-0.068
-0.069
-0.068
-0.068
-0.065
-0.064
-0.065
-0.065
-0.064
-0.064
-0.062
-0.06
-0.06
-0.061
-0.06
-0.059
-0.056
-0.056
-0.057
-0.058
-0.056
-0.056
-0.053
-0.052
-0.053
-0.053
-0.052
-0.049
-0.034
-0.02
-0.008
0.004
0.016
0.018
0.011
0.006
-0.002
-0.014
-0.026
-0.028
-0.037
-0.042
-0.047
-0.051
-0.051
-0.049
-0.049
-0.047
-0.047
-0.047
-0.046
-0.044
-0.025
0.004
0.054
0.117
0.144
0.164
0.163
0.125
0.058
0.03
-0.008
-0.035
-0.049
-0.048
-0.048
-0.049
-0.05
-0.051
-0.049
-0.046
-0.042
-0.037
-0.032
-0.025
-0.015
-0.007
0.013
0.031
0.047
0.062
0.078
0.084
0.091
0.098
0.102
0.104
0.106
0.107
0.098
0.093
0.084
0.072
0.06
0.056
0.034
0.014
-0.005
-0.024
-0.041
-0.044
-0.048
-0.05
-0.051
-0.05
-0.049
-0.048
-0.048
-0.049
-0.049
-0.048
-0.045
-0.044
-0.043
-0.044
-0.045
-0.045
-0.044
-0.041
-0.039
-0.04
-0.038
-0.038
-0.037
-0.035
-0.032
-0.034
-0.033
-0.03
-0.026
-0.019
-0.008
0
0.011
0.019
0.027
0.033
0.039
0.037
0.026
0.011
-0.002
-0.014
-0.023
-0.026
-0.026
-0.028
-0.03
-0.029
-0.027
-0.028
-0.028
-0.029
-0.03
-0.032
-0.035
-0.032
0.028
0.099
0.185
0.287
0.388
0.419
0.374
0.301
0.203
0.088
-0.021
-0.059
-0.075
-0.079
-0.069
-0.055
-0.044
-0.044
-0.043
-0.045
-0.046
-0.045
-0.043
-0.043
-0.034
-0.025
-0.014
0
0.018
0.026
0.047
0.062
0.076
0.09
