0.194
0.098
0.019
-0.039
-0.082
-0.076
-0.065
-0.059
-0.058
-0.057
-0.054
-0.055
-0.055
-0.056
-0.056
-0.053
-0.048
-0.041
-0.025
-0.009
0.008
0.026
0.044
0.053
0.064
0.073
0.081
0.088
0.095
0.095
0.092
0.086
0.081
0.075
0.069
0.062
0.044
0.025
0.006
-0.011
-0.026
-0.034
-0.043
-0.052
-0.058
-0.062
-0.062
-0.061
-0.061
-0.063
-0.063
-0.063
-0.062
-0.061
-0.058
-0.059
-0.059
-0.058
-0.057
-0.057
-0.058
-0.059
-0.06
-0.06
-0.058
-0.058
-0.056
-0.056
-0.057
-0.056
-0.054
-0.054
-0.054
-0.054
-0.055
-0.055
-0.053
-0.05
-0.038
-0.026
-0.014
0
0.014
0.016
0.014
0.008
-0
-0.009
-0.017
-0.025
-0.033
-0.04
-0.046
-0.05
-0.049
-0.049
-0.048
-0.049
-0.05
-0.05
-0.048
-0.048
-0.035
-0.011
0.024
0.071
0.132
0.188
0.246
0.276
0.283
0.267
0.227
0.16
0.084
0.023
-0.024
-0.055
-0.072
-0.065
-0.061
-0.062
-0.063
-0.063
-0.062
-0.062
-0.06
-0.056
-0.051
-0.043
-0.032
-0.022
-0.005
0.011
0.027
0.044
0.061
0.069
0.08
0.088
0.092
0.093
0.093
0.091
0.085
0.077
0.056
0.034
0.009
-0.014
-0.036
-0.045
-0.051
-0.056
-0.06
-0.06
-0.058
-0.058
-0.055
-0.055
-0.055
-0.055
-0.053
-0.052
-0.05
-0.05
-0.051
-0.05
-0.049
-0.049
-0.047
-0.048
-0.048
-0.05
-0.049
-0.048
-0.045
-0.043
-0.041
-0.041
-0.04
-0.038
-0.032
-0.026
-0.011
0.001
0.011
0.02
0.027
0.027
0.018
0.008
-0.003
-0.015
-0.026
-0.028
-0.032
-0.035
-0.037
-0.038
-0.037
-0.036
-0.035
-0.035
-0.035
-0.035
-0.034
-0.036
0.023
0.068
0.124
0.195
0.279
0.311
0.295
0.279
0.237
0.172
0.084
0.045
-0.001
-0.034
-0.055
-0.061
-0.052
-0.05
-0.05
-0.049
-0.049
-0.049
-0.047
-0.045
-0.036
-0.029
-0.022
-0.013
-0.001
0.004
0.024
0.041
0.056
0.072
0.088
0.09
0.094
0.097
0.097
0.097
0.098
0.098
