-0.058
-0.058
-0.057
-0.057
-0.055
-0.053
-0.052
-0.053
-0.052
-0.052
-0.049
-0.047
-0.047
-0.047
-0.046
-0.045
-0.043
-0.042
-0.043
-0.044
-0.044
-0.044
-0.042
-0.04
-0.041
-0.042
-0.041
-0.038
-0.025
-0.012
0.001
0.013
0.025
0.027
0.027
0.024
0.016
0.005
-0.006
-0.015
-0.021
-0.026
-0.03
-0.035
-0.036
-0.036
-0.034
-0.033
-0.033
-0.034
-0.034
-0.033
-0.017
0.009
0.045
0.093
0.153
0.21
0.268
0.299
0.303
0.281
0.236
0.167
0.093
0.035
-0.009
-0.042
-0.059
-0.053
-0.05
-0.048
-0.048
-0.049
-0.048
-0.048
-0.045
-0.04
-0.035
-0.03
-0.021
-0.011
0.008
0.027
0.043
0.058
0.074
0.08
0.09
0.097
0.102
0.102
0.104
0.102
0.098
0.094
0.086
0.075
0.063
0.052
0.035
0.019
0.001
-0.017
-0.033
-0.041
-0.046
-0.048
-0.051
-0.053
-0.055
-0.055
-0.053
-0.051
-0.051
-0.051
-0.052
-0.052
-0.051
-0.049
-0.049
-0.049
-0.05
-0.052
-0.052
-0.049
-0.049
-0.047
-0.046
-0.047
-0.048
-0.045
-0.046
-0.045
-0.045
-0.044
-0.042
-0.035
-0.022
-0.008
0.004
0.012
0.019
0.02
0.008
0.001
-0.009
-0.022
-0.036
-0.038
-0.044
-0.045
-0.045
-0.046
-0.046
-0.044
-0.046
-0.045
-0.045
-0.047
-0.049
-0.049
0.008
0.056
0.115
0.183
0.268
0.304
0.284
0.268
0.227
0.157
0.061
0.023
-0.024
-0.054
-0.071
-0.075
-0.067
-0.064
-0.066
-0.064
-0.062
-0.063
-0.065
-0.063
-0.056
-0.046
-0.032
-0.016
-0
0.008
0.025
0.039
0.05
0.059
0.07
0.073
0.075
0.08
0.083
0.083
0.081
0.081
0.068
0.054
0.041
0.026
0.009
-0.001
-0.016
-0.033
-0.049
-0.061
-0.071
-0.071
-0.069
-0.069
-0.069
-0.069
-0.068
-0.067
-0.065
-0.064
-0.065
-0.065
-0.064
-0.063
-0.062
-0.061
-0.061
-0.061
-0.059
-0.059
-0.057
-0.058
-0.059
-0.059
-0.058
-0.057
-0.056
-0.056
-0.056
-0.057
-0.055
-0.054
-0.048
-0.042
-0.035
-0.026
