-0.082
-0.081
-0.08
-0.087
-0.086
-0.086
-0.086
-0.085
-0.085
-0.085
-0.085
-0.085
-0.084
-0.083
-0.078
-0.071
-0.059
-0.045
-0.028
-0.009
0.008
0.021
0.032
0.04
0.047
0.049
0.049
0.048
0.047
0.039
0.029
0.018
0.005
-0.014
-0.031
-0.047
-0.07
-0.08
-0.087
-0.09
-0.093
-0.084
-0.084
-0.084
-0.084
-0.083
-0.081
-0.081
-0.079
-0.078
-0.079
-0.079
-0.078
-0.078
-0.077
-0.074
-0.077
-0.085
-0.088
-0.071
-0.031
0.034
0.126
0.237
0.355
0.473
0.583
0.687
0.768
0.804
0.79
0.728
0.622
0.49
0.351
0.213
0.082
-0.036
-0.127
-0.187
-0.213
-0.205
-0.179
-0.157
-0.141
-0.133
-0.132
-0.131
-0.129
-0.128
-0.127
-0.126
-0.13
-0.128
-0.127
-0.126
-0.124
-0.118
-0.118
-0.116
-0.111
-0.103
-0.091
-0.075
-0.057
-0.038
-0.019
-0.002
0.014
0.033
0.053
0.072
0.091
0.111
0.13
0.145
0.156
0.163
0.168
0.172
0.174
0.176
0.175
0.174
0.172
0.169
0.164
0.161
0.155
0.148
0.14
0.13
0.116
0.1
0.08
0.056
0.035
0.016
-0.003
-0.022
-0.039
-0.055
-0.072
-0.088
-0.104
-0.119
-0.129
-0.135
-0.137
-0.137
-0.136
-0.134
-0.133
-0.132
-0.13
-0.129
-0.127
-0.126
-0.125
-0.124
-0.123
-0.122
-0.122
-0.12
-0.119
-0.119
-0.118
-0.117
-0.116
-0.115
-0.113
-0.112
-0.111
-0.109
-0.107
-0.106
-0.106
-0.105
-0.104
-0.103
-0.103
-0.102
-0.101
-0.1
-0.099
-0.098
-0.097
-0.096
-0.096
-0.095
-0.093
-0.092
-0.092
-0.09
-0.089
-0.088
-0.087
-0.086
-0.086
-0.085
-0.084
-0.083
-0.079
-0.072
-0.06
-0.045
-0.028
-0.009
0.007
0.022
0.035
0.045
0.05
0.054
0.054
0.052
0.036
0.029
0.019
0.007
-0.007
-0.011
-0.027
-0.042
-0.055
-0.065
-0.072
-0.076
-0.077
-0.078
-0.078
-0.077
-0.076
-0.076
-0.075
-0.075
-0.075
-0.074
-0.073
-0.073
-0.072
-0.071
-0.071
-0.07
-0.072
-0.08
-0.084
-0.067
-0.027
0.04
