0.064
0.045
0.025
0.005
-0.013
-0.03
-0.054
-0.071
-0.089
-0.105
-0.118
-0.119
-0.125
-0.127
-0.126
-0.125
-0.124
-0.122
-0.121
-0.121
-0.119
-0.118
-0.117
-0.115
-0.113
-0.112
-0.111
-0.111
-0.11
-0.108
-0.108
-0.107
-0.106
-0.105
-0.104
-0.102
-0.104
-0.103
-0.103
-0.102
-0.101
-0.098
-0.098
-0.097
-0.099
-0.098
-0.098
-0.096
-0.095
-0.09
-0.088
-0.087
-0.086
-0.086
-0.086
-0.086
-0.087
-0.086
-0.084
-0.083
-0.082
-0.081
-0.079
-0.077
-0.076
-0.074
-0.072
-0.066
-0.058
-0.045
-0.031
-0.015
0.001
0.017
0.032
0.043
0.051
0.057
0.059
0.058
0.056
0.051
0.043
0.031
0.017
0.001
-0.015
-0.031
-0.046
-0.059
-0.068
-0.073
-0.076
-0.076
-0.076
-0.076
-0.074
-0.073
-0.073
-0.072
-0.071
-0.071
-0.071
-0.069
-0.07
-0.069
-0.069
-0.068
-0.068
-0.07
-0.08
-0.079
-0.055
-0.006
0.071
0.172
0.281
0.393
0.51
0.626
0.729
0.796
0.816
0.784
0.702
0.581
0.451
0.319
0.18
0.042
-0.071
-0.15
-0.197
-0.21
-0.191
-0.165
-0.145
-0.132
-0.127
-0.126
-0.125
-0.124
-0.123
-0.123
-0.122
-0.12
-0.119
-0.117
-0.116
-0.115
-0.114
-0.114
-0.111
-0.104
-0.094
-0.08
-0.063
-0.045
-0.026
-0.007
0.01
0.027
0.044
0.063
0.083
0.102
0.119
0.135
0.148
0.158
0.165
0.17
0.173
0.175
0.176
0.176
0.175
0.172
0.168
0.163
0.157
0.151
0.145
0.136
0.124
0.109
0.093
0.072
0.049
0.028
0.008
-0.01
-0.027
-0.043
-0.061
-0.078
-0.095
-0.112
-0.126
-0.136
-0.142
-0.144
-0.142
-0.14
-0.139
-0.137
-0.136
-0.134
-0.132
-0.13
-0.13
-0.129
-0.128
-0.128
-0.128
-0.127
-0.132
-0.13
-0.121
-0.12
-0.119
-0.111
-0.111
-0.117
-0.115
-0.114
-0.113
-0.112
-0.111
-0.111
-0.11
-0.109
-0.108
-0.107
-0.105
-0.103
-0.103
-0.102
-0.101
-0.1
-0.1
-0.099
-0.098
-0.098
-0.098
-0.097
-0.096
-0.096
-0.095
-0.093
