0.041
0.061
0.08
0.098
0.116
0.132
0.147
0.158
0.166
0.171
0.174
0.177
0.179
0.18
0.18
0.178
0.175
0.171
0.165
0.159
0.153
0.144
0.133
0.12
0.105
0.086
0.063
0.041
0.021
0.001
-0.017
-0.034
-0.052
-0.069
-0.086
-0.103
-0.117
-0.128
-0.134
-0.137
-0.136
-0.135
-0.133
-0.131
-0.13
-0.13
-0.13
-0.13
-0.13
-0.13
-0.128
-0.127
-0.126
-0.124
-0.123
-0.122
-0.122
-0.121
-0.12
-0.119
-0.118
-0.116
-0.114
-0.112
-0.111
-0.109
-0.108
-0.107
-0.106
-0.105
-0.098
-0.097
-0.097
-0.095
-0.093
-0.099
-0.097
-0.096
-0.096
-0.096
-0.096
-0.095
-0.094
-0.094
-0.093
-0.092
-0.091
-0.09
-0.089
-0.089
-0.088
-0.087
-0.085
-0.08
-0.071
-0.059
-0.043
-0.025
-0.008
0.007
0.021
0.033
0.043
0.049
0.053
0.055
0.054
0.05
0.044
0.034
0.022
0.006
-0.011
-0.029
-0.045
-0.057
-0.067
-0.075
-0.078
-0.079
-0.08
-0.081
-0.08
-0.079
-0.078
-0.078
-0.077
-0.076
-0.077
-0.076
-0.075
-0.074
-0.073
-0.072
-0.087
-0.089
-0.099
-0.103
-0.087
-0.033
0.03
0.128
0.246
0.359
0.469
0.578
0.689
0.777
0.815
0.802
0.741
0.629
0.489
0.354
0.224
0.094
-0.034
-0.133
-0.194
-0.218
-0.208
-0.18
-0.156
-0.14
-0.139
-0.137
-0.135
-0.133
-0.132
-0.124
-0.123
-0.122
-0.12
-0.118
-0.117
-0.116
-0.114
-0.114
-0.113
-0.107
-0.099
-0.086
-0.069
-0.05
-0.033
-0.016
0.002
0.019
0.037
0.056
0.075
0.095
0.115
0.132
0.146
0.156
0.163
0.169
0.174
0.176
0.178
0.178
0.177
0.175
0.171
0.166
0.16
0.154
0.147
0.138
0.128
0.114
0.097
0.078
0.058
0.038
0.018
-0.002
-0.021
-0.037
-0.053
-0.071
-0.089
-0.105
-0.117
-0.126
-0.132
-0.135
-0.135
-0.135
-0.134
-0.133
-0.131
-0.13
-0.128
-0.127
-0.118
-0.117
-0.115
-0.114
-0.112
-0.119
-0.117
-0.116
-0.115
-0.114
-0.112
-0.111
-0.111
-0.111
