-0.004
-0.021
-0.038
-0.054
-0.065
-0.07
-0.072
-0.073
-0.073
-0.072
-0.07
-0.069
-0.066
-0.065
-0.065
-0.066
-0.063
-0.063
-0.061
-0.06
-0.061
-0.062
-0.06
-0.06
-0.058
-0.057
-0.057
-0.058
-0.058
-0.058
-0.057
-0.057
-0.057
-0.057
-0.055
-0.055
-0.052
-0.048
-0.044
-0.037
-0.026
-0.017
-0.004
0.005
0.011
0.015
0.019
0.016
0.007
-0.005
-0.018
-0.031
-0.042
-0.046
-0.047
-0.045
-0.045
-0.043
-0.041
-0.041
-0.043
-0.047
-0.051
-0.046
0.018
0.092
0.181
0.284
0.383
0.41
0.362
0.288
0.186
0.068
-0.038
-0.074
-0.086
-0.086
-0.075
-0.063
-0.053
-0.053
-0.051
-0.05
-0.051
-0.051
-0.051
-0.052
-0.039
-0.023
-0.006
0.013
0.034
0.044
0.058
0.068
0.076
0.085
0.094
0.097
0.097
0.099
0.097
0.094
0.092
0.091
0.081
0.07
0.04
0.011
-0.018
-0.038
-0.053
-0.051
-0.052
-0.051
-0.053
-0.054
-0.053
-0.05
-0.049
-0.047
-0.048
-0.049
-0.049
-0.047
-0.047
-0.046
-0.044
-0.044
-0.044
-0.043
-0.044
-0.044
-0.045
-0.045
-0.044
-0.042
-0.035
-0.024
-0.011
0.003
0.016
0.021
0.023
0.023
0.02
0.018
0.016
0.013
-0
-0.012
-0.022
-0.031
-0.039
-0.04
-0.04
-0.04
-0.04
-0.04
-0.038
-0.038
-0.043
-0.041
-0.026
0.003
0.043
0.098
0.194
0.27
0.321
0.349
0.351
0.286
0.176
0.081
0.006
-0.051
-0.091
-0.077
-0.067
-0.062
-0.06
-0.058
-0.056
-0.055
-0.055
-0.056
-0.056
-0.052
-0.046
-0.039
-0.024
-0.008
0.008
0.026
0.044
0.053
0.063
0.07
0.077
0.084
0.09
0.091
0.089
0.085
0.08
0.075
0.069
0.062
0.045
0.025
0.007
-0.01
-0.026
-0.035
-0.045
-0.055
-0.062
-0.066
-0.068
-0.067
-0.067
-0.068
-0.068
-0.067
-0.065
-0.064
-0.063
-0.064
-0.064
-0.064
-0.062
-0.06
-0.059
-0.06
-0.061
-0.06
-0.058
-0.058
-0.057
-0.058
-0.058
-0.058
-0.056
-0.055
-0.055
-0.056
-0.057
-0.057
