-0.035
-0.036
-0.04
-0.042
-0.045
-0.043
-0.014
0.007
0.06
0.101
0.152
0.188
0.232
0.227
0.222
0.194
0.138
0.07
0.019
-0.021
-0.047
-0.061
-0.06
-0.058
-0.053
-0.051
-0.044
-0.038
-0.034
-0.03
-0.024
-0.018
0.002
0.021
0.042
0.064
0.085
0.091
0.099
0.103
0.104
0.104
0.106
0.104
0.1
0.091
0.079
0.066
0.054
0.043
0.028
0.011
-0.008
-0.027
-0.04
-0.046
-0.048
-0.05
-0.051
-0.052
-0.049
-0.047
-0.044
-0.043
-0.044
-0.045
-0.042
-0.04
-0.036
-0.035
-0.036
-0.036
-0.033
-0.031
-0.028
-0.027
-0.029
-0.031
-0.03
-0.029
-0.024
-0.022
-0.024
-0.025
-0.023
-0.023
-0.02
-0.018
-0.018
-0.015
-0.007
0.002
0.017
0.028
0.033
0.037
0.042
0.04
0.032
0.021
0.005
-0.012
-0.025
-0.029
-0.03
-0.03
-0.032
-0.034
-0.035
-0.035
-0.033
-0.031
-0.032
-0.036
0.016
0.077
0.151
0.238
0.34
0.387
0.361
0.309
0.229
0.122
0.004
-0.049
-0.077
-0.088
-0.087
-0.076
-0.064
-0.061
-0.061
-0.059
-0.06
-0.06
-0.059
-0.056
-0.046
-0.035
-0.026
-0.015
-0.002
0.006
0.024
0.042
0.062
0.077
0.087
0.087
0.088
0.084
0.075
0.065
0.052
0.035
0.018
0.007
-0.01
-0.025
-0.04
-0.055
-0.068
-0.07
-0.07
-0.067
-0.066
-0.066
-0.066
-0.066
-0.066
-0.063
-0.061
-0.062
-0.062
-0.061
-0.061
-0.059
-0.056
-0.056
-0.057
-0.055
-0.055
-0.055
-0.054
-0.055
-0.055
-0.056
-0.054
-0.052
-0.051
-0.052
-0.053
-0.053
-0.05
-0.044
-0.036
-0.029
-0.02
-0.013
-0.004
0.003
0.008
0.009
0.007
0.001
-0.011
-0.021
-0.032
-0.044
-0.054
-0.055
-0.055
-0.053
-0.052
-0.053
-0.054
-0.053
-0.052
-0.051
-0.053
-0.059
-0.055
-0.038
0.04
0.133
0.236
0.332
0.409
0.411
0.335
0.236
0.119
0.007
-0.087
-0.106
-0.105
-0.091
-0.077
-0.069
-0.065
-0.066
-0.065
-0.063
-0.061
-0.061
-0.062
-0.061
-0.049
-0.034
