-0.071
-0.071
-0.07
-0.071
-0.071
-0.071
-0.077
-0.084
-0.074
-0.041
0.014
0.096
0.202
0.319
0.438
0.548
0.654
0.748
0.804
0.81
0.766
0.675
0.549
0.409
0.268
0.136
0.01
-0.093
-0.166
-0.206
-0.21
-0.188
-0.162
-0.143
-0.133
-0.129
-0.127
-0.126
-0.126
-0.125
-0.123
-0.121
-0.12
-0.118
-0.115
-0.114
-0.113
-0.112
-0.11
-0.107
-0.1
-0.089
-0.074
-0.055
-0.035
-0.017
0.001
0.017
0.034
0.053
0.072
0.091
0.11
0.128
0.144
0.157
0.165
0.172
0.176
0.179
0.181
0.183
0.183
0.182
0.18
0.176
0.171
0.166
0.16
0.152
0.143
0.132
0.118
0.099
0.076
0.054
0.035
0.015
-0.004
-0.021
-0.038
-0.055
-0.071
-0.089
-0.105
-0.117
-0.124
-0.129
-0.13
-0.129
-0.127
-0.126
-0.125
-0.124
-0.122
-0.12
-0.118
-0.117
-0.115
-0.114
-0.113
-0.112
-0.107
-0.106
-0.105
-0.103
-0.102
-0.105
-0.104
-0.104
-0.104
-0.104
-0.103
-0.102
-0.1
-0.098
-0.096
-0.095
-0.093
-0.092
-0.091
-0.09
-0.09
-0.089
-0.087
-0.086
-0.086
-0.084
-0.075
-0.075
-0.074
-0.073
-0.072
-0.079
-0.078
-0.077
-0.077
-0.077
-0.076
-0.075
-0.074
-0.071
-0.063
-0.052
-0.038
-0.022
-0.005
0.01
0.025
0.039
0.05
0.057
0.062
0.064
0.064
0.061
0.057
0.048
0.036
0.021
0.005
-0.011
-0.026
-0.039
-0.051
-0.059
-0.063
-0.065
-0.066
-0.066
-0.066
-0.066
-0.065
-0.064
-0.063
-0.062
-0.061
-0.06
-0.058
-0.058
-0.057
-0.057
-0.056
-0.057
-0.064
-0.073
-0.066
-0.035
0.022
0.112
0.224
0.336
0.506
0.618
0.732
0.83
0.881
0.82
0.772
0.672
0.481
0.35
0.221
0.088
-0.049
-0.096
-0.164
-0.199
-0.201
-0.176
-0.149
-0.132
-0.122
-0.119
-0.118
-0.117
-0.115
-0.114
-0.112
-0.111
-0.111
-0.11
-0.109
-0.107
-0.106
-0.104
-0.102
-0.099
-0.092
-0.08
-0.065
-0.047
-0.029
-0.009
0.009
0.025
0.042
0.06
0.078
0.098
