-0.091
-0.09
-0.089
-0.088
-0.086
-0.081
-0.073
-0.06
-0.045
-0.027
-0.01
0.005
0.019
0.031
0.041
0.047
0.05
0.049
0.047
0.042
0.034
0.024
0.012
-0.003
-0.02
-0.036
-0.049
-0.061
-0.07
-0.077
-0.08
-0.08
-0.081
-0.081
-0.08
-0.079
-0.079
-0.077
-0.068
-0.067
-0.066
-0.065
-0.064
-0.071
-0.071
-0.071
-0.071
-0.076
-0.085
-0.083
-0.059
-0.013
0.062
0.168
0.289
0.403
0.513
0.621
0.726
0.797
0.816
0.785
0.706
0.581
0.439
0.304
0.175
0.046
-0.069
-0.155
-0.202
-0.213
-0.194
-0.167
-0.145
-0.132
-0.126
-0.125
-0.123
-0.122
-0.122
-0.121
-0.12
-0.119
-0.117
-0.115
-0.114
-0.113
-0.111
-0.11
-0.107
-0.101
-0.093
-0.079
-0.061
-0.043
-0.025
-0.007
0.011
0.029
0.048
0.067
0.085
0.105
0.125
0.142
0.156
0.166
0.174
0.178
0.18
0.182
0.184
0.185
0.184
0.182
0.178
0.173
0.167
0.16
0.154
0.146
0.135
0.12
0.101
0.08
0.059
0.039
0.019
-0
-0.018
-0.034
-0.054
-0.071
-0.09
-0.106
-0.118
-0.123
-0.128
-0.13
-0.129
-0.129
-0.128
-0.128
-0.127
-0.126
-0.125
-0.123
-0.121
-0.12
-0.119
-0.118
-0.117
-0.116
-0.114
-0.112
-0.111
-0.11
-0.108
-0.107
-0.107
-0.106
-0.103
-0.102
-0.101
-0.099
-0.098
-0.099
-0.098
-0.097
-0.096
-0.095
-0.094
-0.093
-0.091
-0.09
-0.088
-0.087
-0.086
-0.084
-0.083
-0.081
-0.08
-0.079
-0.078
-0.078
-0.078
-0.077
-0.076
-0.076
-0.076
-0.075
-0.072
-0.065
-0.055
-0.041
-0.027
-0.01
0.007
0.023
0.038
0.05
0.058
0.063
0.065
0.065
0.063
0.059
0.05
0.039
0.026
0.012
-0.004
-0.021
-0.037
-0.049
-0.058
-0.064
-0.065
-0.066
-0.065
-0.066
-0.064
-0.063
-0.062
-0.061
-0.069
-0.069
-0.069
-0.069
-0.069
-0.059
-0.058
-0.058
-0.058
-0.063
-0.073
-0.07
-0.044
0.007
0.085
0.186
0.296
0.409
0.527
0.641
0.741
0.805
0.822
0.787
