-0.002
-0.012
-0.024
-0.03
-0.036
-0.041
-0.042
-0.042
-0.043
-0.043
-0.043
-0.043
-0.042
-0.039
-0.037
-0.037
-0.008
0.035
0.089
0.154
0.231
0.288
0.306
0.299
0.269
0.216
0.135
0.068
0.015
-0.024
-0.047
-0.057
-0.054
-0.054
-0.055
-0.056
-0.054
-0.052
-0.051
-0.05
-0.047
-0.041
-0.032
-0.021
-0.009
0
0.015
0.031
0.048
0.065
0.08
0.086
0.091
0.095
0.099
0.102
0.103
0.1
0.091
0.081
0.073
0.063
0.051
0.04
0.022
0.003
-0.014
-0.028
-0.042
-0.047
-0.051
-0.053
-0.052
-0.05
-0.048
-0.048
-0.048
-0.048
-0.047
-0.046
-0.045
-0.045
-0.046
-0.046
-0.045
-0.044
-0.043
-0.043
-0.044
-0.044
-0.043
-0.041
-0.039
-0.038
-0.038
-0.039
-0.039
-0.037
-0.036
-0.037
-0.037
-0.036
-0.032
-0.025
-0.016
-0.008
0.004
0.014
0.023
0.031
0.036
0.034
0.023
0.01
-0.003
-0.015
-0.026
-0.03
-0.034
-0.037
-0.038
-0.038
-0.038
-0.038
-0.038
-0.037
-0.037
-0.036
-0.039
-0.042
0.037
0.125
0.223
0.325
0.418
0.413
0.331
0.253
0.162
0.068
-0.024
-0.048
-0.071
-0.083
-0.08
-0.066
-0.052
-0.054
-0.053
-0.054
-0.054
-0.053
-0.051
-0.052
-0.04
-0.031
-0.02
-0.007
0.008
0.011
0.032
0.047
0.063
0.078
0.093
0.091
0.093
0.093
0.093
0.093
0.093
0.088
0.074
0.06
0.045
0.031
0.015
0.008
-0.011
-0.03
-0.046
-0.058
-0.068
-0.068
-0.066
-0.066
-0.067
-0.066
-0.065
-0.065
-0.064
-0.065
-0.065
-0.064
-0.062
-0.063
-0.061
-0.062
-0.062
-0.061
-0.059
-0.059
-0.058
-0.057
-0.058
-0.059
-0.058
-0.057
-0.051
-0.042
-0.031
-0.019
-0.008
-0
0.004
0.007
0.008
0.004
-0.004
-0.011
-0.025
-0.035
-0.042
-0.049
-0.056
-0.056
-0.057
-0.057
-0.056
-0.055
-0.055
-0.054
-0.058
-0.062
-0.056
-0.039
-0.012
0.033
0.134
0.231
0.307
0.355
0.376
0.328
0.211
0.105
0.019
-0.05
-0.107
-0.095
