0.219
0.081
-0.04
-0.127
-0.181
-0.205
-0.196
-0.169
-0.148
-0.134
-0.126
-0.123
-0.122
-0.12
-0.118
-0.117
-0.118
-0.117
-0.116
-0.117
-0.116
-0.115
-0.114
-0.113
-0.109
-0.103
-0.093
-0.08
-0.065
-0.046
-0.017
0.002
0.019
0.036
0.071
0.079
0.099
0.119
0.138
0.136
0.15
0.162
0.168
0.171
0.174
0.176
0.177
0.178
0.177
0.176
0.172
0.167
0.163
0.157
0.15
0.142
0.131
0.117
0.102
0.084
0.059
0.037
0.017
-0.002
-0.02
-0.035
-0.053
-0.07
-0.087
-0.104
-0.119
-0.131
-0.138
-0.141
-0.14
-0.138
-0.137
-0.136
-0.135
-0.134
-0.134
-0.132
-0.139
-0.138
-0.137
-0.137
-0.135
-0.125
-0.124
-0.122
-0.12
-0.119
-0.118
-0.117
-0.111
-0.111
-0.11
-0.109
-0.108
-0.113
-0.113
-0.111
-0.111
-0.109
-0.108
-0.106
-0.105
-0.104
-0.102
-0.101
-0.1
-0.1
-0.099
-0.099
-0.099
-0.099
-0.098
-0.097
-0.096
-0.094
-0.091
-0.089
-0.089
-0.088
-0.087
-0.087
-0.086
-0.081
-0.072
-0.061
-0.047
-0.028
-0.011
0.004
0.017
0.03
0.041
0.047
0.05
0.051
0.048
0.042
0.036
0.026
0.015
0.001
-0.015
-0.033
-0.049
-0.063
-0.073
-0.081
-0.085
-0.086
-0.082
-0.082
-0.082
-0.08
-0.079
-0.083
-0.082
-0.08
-0.079
-0.079
-0.078
-0.077
-0.077
-0.076
-0.076
-0.077
-0.086
-0.089
-0.071
-0.031
0.035
0.134
0.254
0.368
0.477
0.586
0.696
0.78
0.813
0.795
0.729
0.611
0.469
0.333
0.205
0.075
-0.049
-0.143
-0.2
-0.221
-0.209
-0.18
-0.156
-0.142
-0.134
-0.132
-0.13
-0.129
-0.128
-0.127
-0.126
-0.125
-0.123
-0.122
-0.122
-0.121
-0.12
-0.119
-0.117
-0.111
-0.102
-0.089
-0.071
-0.052
-0.033
-0.016
0.001
0.019
0.038
0.057
0.075
0.095
0.115
0.131
0.144
0.154
0.163
0.168
0.173
0.176
0.177
0.178
0.177
0.175
0.171
0.167
0.162
0.156
0.149
0.141
0.131
0.117
0.099
0.079
0.044
0.024
