0.148
0.138
0.126
0.111
0.093
0.072
0.052
0.032
0.011
-0.009
-0.025
-0.042
-0.059
-0.077
-0.096
-0.112
-0.123
-0.131
-0.135
-0.135
-0.133
-0.132
-0.13
-0.128
-0.126
-0.125
-0.125
-0.125
-0.119
-0.118
-0.118
-0.116
-0.114
-0.118
-0.117
-0.115
-0.119
-0.118
-0.117
-0.116
-0.115
-0.109
-0.107
-0.107
-0.106
-0.105
-0.105
-0.104
-0.102
-0.101
-0.1
-0.098
-0.097
-0.096
-0.094
-0.092
-0.091
-0.09
-0.089
-0.089
-0.089
-0.089
-0.087
-0.086
-0.086
-0.085
-0.084
-0.083
-0.082
-0.082
-0.081
-0.08
-0.078
-0.071
-0.06
-0.048
-0.032
-0.014
0.004
0.02
0.033
0.044
0.052
0.058
0.06
0.06
0.057
0.052
0.043
0.031
0.017
0.003
-0.012
-0.029
-0.044
-0.055
-0.063
-0.068
-0.07
-0.07
-0.07
-0.071
-0.071
-0.07
-0.068
-0.067
-0.067
-0.067
-0.067
-0.068
-0.068
-0.067
-0.066
-0.065
-0.065
-0.071
-0.079
-0.071
-0.039
0.016
0.098
0.204
0.315
0.43
0.548
0.659
0.753
0.807
0.813
0.768
0.677
0.553
0.421
0.284
0.147
0.016
-0.088
-0.157
-0.195
-0.201
-0.177
-0.152
-0.135
-0.124
-0.12
-0.118
-0.117
-0.116
-0.113
-0.112
-0.111
-0.11
-0.11
-0.109
-0.109
-0.108
-0.106
-0.105
-0.1
-0.092
-0.077
-0.063
-0.046
-0.026
-0
0.014
0.03
0.047
0.066
0.079
0.099
0.119
0.136
0.15
0.163
0.172
0.178
0.182
0.185
0.188
0.189
0.189
0.188
0.186
0.183
0.178
0.172
0.166
0.158
0.147
0.136
0.122
0.105
0.084
0.061
0.039
0.019
0.001
-0.016
-0.033
-0.049
-0.065
-0.082
-0.098
-0.111
-0.12
-0.124
-0.125
-0.123
-0.122
-0.121
-0.12
-0.118
-0.116
-0.114
-0.112
-0.111
-0.11
-0.11
-0.111
-0.111
-0.11
-0.11
-0.108
-0.106
-0.105
-0.103
-0.101
-0.099
-0.098
-0.097
-0.096
-0.096
-0.095
-0.095
-0.093
-0.092
-0.091
-0.089
-0.089
-0.088
-0.088
-0.088
-0.087
-0.086
-0.086
-0.084
-0.083
-0.083
-0.083
