0.136
0.142
0.158
0.172
0.185
0.197
0.209
0.21
0.211
0.211
0.208
0.204
0.201
0.197
0.186
0.173
0.158
0.142
0.126
0.115
0.099
0.082
0.064
0.047
0.033
0.03
0.03
0.032
0.033
0.034
0.032
0.03
0.031
0.031
0.032
0.032
0.031
0.028
0.027
0.027
0.028
0.03
0.029
0.028
0.028
0.028
0.027
0.026
0.025
0.022
0.022
0.023
0.027
0.031
0.036
0.041
0.05
0.057
0.064
0.07
0.073
0.073
0.072
0.07
0.058
0.046
0.032
0.019
0.01
0.009
0.008
0.009
0.008
0.005
0.004
0.005
-0
-0.001
-0.006
-0.012
-0.007
0.014
0.107
0.194
0.291
0.385
0.458
0.437
0.339
0.241
0.125
0.018
-0.07
-0.061
-0.063
-0.051
-0.04
-0.032
-0.028
-0.026
-0.025
-0.024
-0.026
-0.027
-0.026
-0.025
-0.012
0.001
0.014
0.029
0.045
0.054
0.071
0.086
0.098
0.109
0.118
0.119
0.12
0.12
0.115
0.111
0.107
0.104
0.092
0.078
0.06
0.042
0.024
0.015
0.002
-0.01
-0.023
-0.034
-0.043
-0.043
-0.042
-0.04
-0.04
-0.042
-0.041
-0.04
-0.039
-0.038
-0.039
-0.04
-0.041
-0.04
-0.038
-0.036
-0.036
-0.037
-0.037
-0.036
-0.035
-0.032
-0.032
-0.033
-0.033
-0.033
-0.031
-0.029
-0.029
-0.03
-0.031
-0.031
-0.024
-0.014
-0.003
0.007
0.019
0.026
0.027
0.031
0.023
0.011
-0.003
-0.014
-0.026
-0.025
-0.024
-0.021
-0.02
-0.021
-0.022
-0.022
-0.023
-0.025
-0.02
-0.007
0.018
0.059
0.156
0.251
0.325
0.375
0.4
0.357
0.247
0.145
0.058
-0.015
-0.07
-0.059
-0.045
-0.033
-0.027
-0.026
-0.026
-0.026
-0.026
-0.024
-0.022
-0.022
-0.02
-0.015
-0.001
0.015
0.031
0.047
0.063
0.072
0.085
0.097
0.105
0.111
0.116
0.116
0.114
0.113
0.11
0.105
0.098
0.092
0.077
0.063
0.046
0.028
0.004
-0.009
-0.023
-0.034
-0.042
-0.041
-0.042
-0.043
-0.042
-0.04
-0.039
-0.039
