-0.114
-0.112
-0.11
-0.108
-0.107
-0.106
-0.091
-0.088
-0.082
-0.071
-0.058
-0.054
-0.034
-0.015
-0
0.015
0.032
0.05
0.07
0.09
0.11
0.129
0.146
0.159
0.169
0.174
0.179
0.182
0.184
0.186
0.186
0.185
0.183
0.18
0.175
0.17
0.164
0.157
0.148
0.137
0.123
0.106
0.085
0.063
0.043
0.025
0.006
-0.011
-0.028
-0.047
-0.064
-0.082
-0.1
-0.113
-0.121
-0.126
-0.128
-0.128
-0.127
-0.125
-0.124
-0.121
-0.119
-0.118
-0.117
-0.116
-0.114
-0.113
-0.112
-0.111
-0.114
-0.113
-0.111
-0.109
-0.107
-0.101
-0.1
-0.099
-0.099
-0.098
-0.097
-0.096
-0.096
-0.095
-0.095
-0.094
-0.093
-0.092
-0.091
-0.09
-0.09
-0.09
-0.089
-0.088
-0.087
-0.085
-0.083
-0.082
-0.08
-0.079
-0.084
-0.083
-0.083
-0.083
-0.082
-0.075
-0.075
-0.074
-0.073
-0.07
-0.064
-0.053
-0.04
-0.024
-0.007
0.009
0.024
0.038
0.05
0.059
0.064
0.066
0.066
0.064
0.059
0.05
0.039
0.024
0.007
-0.009
-0.024
-0.038
-0.05
-0.058
-0.063
-0.066
-0.068
-0.069
-0.071
-0.071
-0.071
-0.07
-0.07
-0.069
-0.067
-0.066
-0.065
-0.064
-0.062
-0.061
-0.06
-0.06
-0.066
-0.077
-0.074
-0.047
0.005
0.089
0.202
0.317
0.426
0.534
0.645
0.749
0.748
0.758
0.72
0.63
0.498
0.427
0.297
0.168
0.033
-0.082
-0.158
-0.198
-0.205
-0.182
-0.154
-0.134
-0.123
-0.119
-0.116
-0.115
-0.114
-0.113
-0.113
-0.113
-0.113
-0.113
-0.112
-0.11
-0.109
-0.108
-0.106
-0.102
-0.096
-0.084
-0.068
-0.051
-0.033
-0.015
0.004
0.022
0.039
0.057
0.074
0.093
0.114
0.133
0.148
0.159
0.168
0.174
0.178
0.181
0.184
0.186
0.185
0.183
0.181
0.178
0.172
0.166
0.161
0.153
0.144
0.131
0.116
0.097
0.077
0.057
0.037
0.016
-0.004
-0.02
-0.036
-0.054
-0.072
-0.089
-0.106
-0.118
-0.127
-0.132
-0.134
-0.132
-0.13
-0.128
-0.126
-0.125
