-0.068
-0.067
-0.068
-0.068
-0.066
-0.065
-0.064
-0.063
-0.062
-0.062
-0.06
-0.058
-0.055
-0.055
-0.056
-0.057
-0.057
-0.057
-0.056
-0.055
-0.055
-0.055
-0.053
-0.052
-0.05
-0.049
-0.05
-0.051
-0.05
-0.049
-0.047
-0.047
-0.039
-0.03
-0.019
-0.005
0.01
0.015
0.018
0.018
0.016
0.012
0.006
-0.002
-0.014
-0.025
-0.033
-0.039
-0.043
-0.043
-0.044
-0.045
-0.045
-0.044
-0.042
-0.042
-0.047
-0.048
-0.035
-0.011
0.025
0.075
0.176
0.259
0.321
0.358
0.369
0.31
0.196
0.097
0.017
-0.044
-0.089
-0.075
-0.065
-0.059
-0.057
-0.055
-0.053
-0.052
-0.051
-0.05
-0.048
-0.044
-0.037
-0.031
-0.016
-0
0.017
0.035
0.053
0.061
0.073
0.082
0.09
0.098
0.104
0.105
0.103
0.099
0.095
0.091
0.085
0.078
0.061
0.042
0.023
0.006
-0.009
-0.018
-0.029
-0.039
-0.047
-0.052
-0.054
-0.053
-0.051
-0.049
-0.049
-0.05
-0.049
-0.048
-0.049
-0.05
-0.048
-0.046
-0.046
-0.047
-0.046
-0.046
-0.046
-0.043
-0.041
-0.04
-0.04
-0.041
-0.042
-0.042
-0.041
-0.041
-0.04
-0.042
-0.042
-0.042
-0.039
-0.037
-0.022
-0.011
0.001
0.015
0.027
0.026
0.023
0.017
0.008
-0
-0.009
-0.015
-0.022
-0.03
-0.036
-0.038
-0.039
-0.04
-0.037
-0.037
-0.037
-0.035
-0.032
-0.033
0.001
0.021
0.053
0.098
0.155
0.186
0.224
0.259
0.269
0.257
0.222
0.18
0.106
0.041
-0.008
-0.042
-0.061
-0.062
-0.058
-0.059
-0.061
-0.06
-0.058
-0.057
-0.051
-0.049
-0.046
-0.039
-0.028
-0.023
-0.002
0.014
0.028
0.044
0.065
0.07
0.08
0.088
0.092
0.09
0.084
0.077
0.069
0.061
0.052
0.045
0.025
0.005
-0.016
-0.037
-0.056
-0.061
-0.066
-0.069
-0.067
-0.067
-0.067
-0.066
-0.066
-0.066
-0.064
-0.062
-0.061
-0.06
-0.062
-0.062
-0.061
-0.061
-0.061
-0.06
-0.061
-0.061
-0.059
-0.058
-0.06
-0.058
-0.058
-0.058
-0.056
-0.054
-0.054
-0.054
-0.056
-0.055
-0.05
-0.043
-0.035
-0.025
-0.013
-0.002
0.007
0.015
0.019
0.017
0.004
-0.01
-0.023
-0.035
-0.046
-0.047
-0.048
-0.049
-0.05
-0.051
-0.052
-0.052
-0.05
-0.051
-0.055
-0.055
0
0.068
0.151
0.248
0.35
0.391
0.352
0.29
0.205
0.096
-0.019
-0.064
-0.088
-0.097
-0.091
-0.077
-0.066
-0.065
-0.063
-0.062
-0.06
-0.058
-0.057
-0.059
-0.046
-0.036
-0.024
-0.008
0.008
0.01
0.029
0.044
0.059
0.074
0.087
0.085
0.087
0.088
0.089
0.09
0.089
0.084
0.069
0.057
0.044
0.032
0.017
0.009
-0.009
-0.026
-0.041
-0.052
-0.062
-0.064
-0.062
-0.062
-0.062
-0.059
-0.058
-0.06
-0.06
-0.06
-0.059
-0.057
-0.055
-0.054
-0.055
-0.056
-0.055
-0.053
-0.052
-0.051
-0.05
-0.049
-0.048
-0.046
-0.044
-0.044
-0.044
-0.044
-0.042
-0.04
-0.038
-0.039
-0.037
-0.033
-0.027
-0.017
-0.006
0.002
0.009
0.014
0.018
0.021
0.02
0.015
0.002
-0.011
-0.022
-0.031
-0.038
-0.04
-0.04
-0.041
-0.041
-0.039
-0.036
-0.035
-0.035
-0.037
-0.04
-0.041
-0.032
-0.012
0.067
0.161
0.264
0.356
0.423
0.415
0.329
0.218
0.102
0.003
-0.079
-0.091
-0.086
-0.072
-0.061
-0.052
-0.046
-0.046
-0.046
-0.047
-0.047
-0.046
-0.043
-0.04
-0.029
-0.016
-0.002
0.014
0.031
0.041
0.055
0.067
0.079
0.09
0.099
0.1
0.1
0.099
0.097
0.096
0.093
0.089
0.075
0.057
0.04
0.024
0.007
-0.001
-0.015
-0.029
-0.04
-0.048
-0.053
-0.053
-0.052
-0.053
-0.053
-0.053
-0.051
-0.05
-0.048
-0.047
-0.047
-0.047
-0.046
-0.045
-0.046
-0.047
-0.046
-0.044
-0.044
-0.044
-0.044
-0.045
-0.045
-0.044
-0.042
-0.042
-0.042
-0.043
-0.044
-0.043
-0.042
-0.042
-0.035
-0.027
-0.017
-0.004
0.011
0.016
0.021
0.02
0.018
0.014
0.01
0.003
-0.009
-0.021
-0.032
-0.039
-0.044
-0.043
-0.041
-0.041
-0.043
-0.043
