-0.014404297 0.01574707 -1.0296631
-0.013671875 0.016113281 -1.0292969
-0.013549805 0.015625 -1.0296631
-0.013916016 0.015625 -1.0274658
-0.014282227 0.016113281 -1.0285645
-0.013549805 0.015625 -1.0272217
-0.012939453 0.016479492 -1.0289307
-0.013671875 0.016357422 -1.0286865
-0.01171875 0.011108398 -1.0281982
-0.012084961 0.010498047 -1.0281982
-0.012329102 0.010498047 -1.0284424
-0.01171875 0.011962891 -1.0296631
-0.01184082 0.010864258 -1.0283203
-0.011962891 0.011352539 -1.0272217
-0.011474609 0.012329102 -1.027832
-0.012084961 0.0107421875 -1.0290527
-0.012207031 0.01184082 -1.0290527
-0.011962891 0.012451172 -1.029419
-0.010986328 0.011352539 -1.0267334
-0.011230469 0.01159668 -1.0283203
-0.012329102 0.011108398 -1.0275879
-0.01184082 0.011108398 -1.0290527
-0.012329102 0.010864258 -1.0285645
-0.012451172 0.011352539 -1.0288086
-0.012084961 0.010253906 -1.0284424
-0.012451172 0.011108398 -1.0284424
-0.01159668 0.0107421875 -1.0288086
-0.01184082 0.010986328 -1.0279541
-0.012329102 0.010986328 -1.0285645
-0.013305664 0.010498047 -1.0285645
-0.01184082 0.011108398 -1.0275879
-0.011352539 0.0107421875 -1.0296631
-0.0126953125 0.010620117 -1.0280762
-0.011352539 0.010864258 -1.027832
-0.011962891 0.01159668 -1.02771
-0.01159668 0.011108398 -1.0269775
-0.012451172 0.011352539 -1.0275879
-0.01184082 0.01171875 -1.0289307
-0.012817383 0.010864258 -1.0289307
-0.011230469 0.01171875 -1.0283203
-0.012084961 0.011108398 -1.0286865
-0.01159668 0.011962891 -1.0280762
-0.011962891 0.010620117 -1.0290527
-0.01159668 0.011474609 -1.0274658
-0.011962891 0.0107421875 -1.0289307
-0.01171875 0.010620117 -1.0284424
-0.012329102 0.010620117 -1.02771
-0.012573242 0.010131836 -1.0280762
-0.012207031 0.010864258 -1.0280762
-0.012329102 0.010498047 -1.0291748
-0.011962891 0.011474609 -1.029419
-0.012207031 0.010620117 -1.0280762
-0.01184082 0.010864258 -1.0279541
-0.007080078 0.024536133 -1.0274658
-0.0034179688 0.01184082 -1.029419
0.012451172 0.06726074 -1.0454102
0.022338867 0.09814453 -1.0187988
0.011352539 0.029052734 -1.0286865
0.0029296875 -0.014282227 -1.0388184
0.013671875 0.2084961 -0.98046875
0.023803711 0.24377441 -0.9707031
0.022705078 0.03540039 -1.038208
-0.01574707 0.005126953 -1.0406494
-0.010864258 0.011230469 -1.0290527
-0.010498047 0.010986328 -1.0279541
-0.010986328 0.011352539 -1.0283203
0.005493164 0.012939453 -1.0290527
0.021850586 -0.037963867 -1.0855713
0.095581055 -0.08630371 -0.9556885
0.103027344 -0.19445801 -0.9848633
0.12536621 -0.13098145 -0.97106934
0.13928223 -0.22583008 -0.98205566
0.16589355 -0.21252441 -1.0020752
0.19335938 -0.20153809 -0.98876953
0.23181152 -0.17358398 -1.0070801
0.10205078 -0.21057129 -0.95092773
0.024414063 0.10144043 -0.91589355
-0.10644531 0.122558594 -0.93395996
-0.20666504 -0.15539551 -1.0256348
-0.17651367 0.13354492 -0.93395996
-0.20031738 -0.022338867 -1.0454102
-0.39562988 -0.31469727 -1.0002441
-0.2581787 0.21142578 -0.86206055
-0.1270752 0.1953125 -1.0316162
-0.3577881 -0.42199707 -1.001709
-0.27392578 -0.0925293 -0.9692383
-0.09460449 0.296875 -0.9951172
-0.27600098 -0.12512207 -1.008667
-0.20617676 -0.20581055 -1.0526123
-0.1274414 0.17736816 -0.93774414
-0.36743164 -0.15905762 -0.94470215
-0.35290527 -0.29907227 -1.1225586
-0.15185547 0.18896484 -0.95617676
-0.07543945 0.11682129 -1.0483398
0.046020508 0.38537598 -0.92626953
-0.09094238 -0.19445801 -1.0195313
-0.07348633 -0.03930664 -0.99816895
-0.030761719 -0.0234375 -1.060791
-0.12133789 0.015625 -1.0064697
-0.13549805 0.060546875 -0.98950195
-0.09765625 -0.0021972656 -1.0483398
-0.0904541 0.010986328 -1.0292969
-0.09802246 0.013793945 -1.0205078
-0.10180664 0.010864258 -1.0220947
-0.09765625 0.008056641 -1.0198975
-0.0925293 0.014770508 -1.0151367
-0.08520508 0.0076904297 -1.0273438
-0.08239746 -0.0031738281 -1.0186768
-0.06750488 -0.049316406 -0.9890137
0.0048828125 -0.07861328 -0.9411621
0.11645508 -0.3885498 -1.010376
0.1237793 -0.3577881 -0.8592529
0.09863281 -0.39746094 -0.86816406
-0.02368164 -0.5163574 -0.98291016
-0.03894043 -0.36535645 -0.9926758
-0.13269043 -0.16638184 -1.0196533
-0.1439209 -0.03186035 -0.9906006
-0.10522461 0.018432617 -1.0183105
-0.084350586 0.055908203 -1.0218506
-0.050048828 0.020263672 -1.0379639
-0.033447266 0.15856934 -1.0661621
-0.0075683594 0.13830566 -0.9304199
-0.23999023 0.1895752 -0.868042
-0.20043945 0.13427734 -0.97387695
-0.07910156 0.1237793 -1.1520996
-0.13342285 0.25280762 -0.7546387
-0.18896484 0.07897949 -0.6678467
-0.020874023 0.16687012 -0.33703613
-0.03100586 0.27929688 -1.8641357
-0.057373047 0.1003418 -0.06713867
-0.21704102 0.087890625 -1.3974609
-0.111694336 -0.068603516 -0.8027344
-0.033935547 0.109375 -0.24035645
-0.032714844 0.055908203 -1.4853516
-0.12158203 0.06616211 -0.5407715
-0.13598633 -0.022216797 -1.7923584
-0.053833008 0.053955078 -1.2155762
-0.1451416 0.049926758 -0.74768066
-0.14404297 -0.05810547 -1.8153076
-0.09692383 0.049560547 -0.36328125
-0.14916992 0.06921387 -0.5788574
-0.08581543 -0.059326172 -1.3950195
-0.122680664 0.036499023 -0.49072266
0.017944336 0.013061523 -1.6258545
-0.030029297 -0.057495117 -1.5576172
-0.1472168 0.056762695 -0.3034668
-0.0017089844 0.083740234 -1.0805664
-0.115112305 -0.032226563 -1.2264404
-0.13317871 0.032958984 -0.42895508
-0.016845703 0.07141113 -1.4233398
-0.022705078 -0.014770508 -1.651001
-0.103027344 0.026367188 -0.76916504
-0.036621094 0.045654297 -1.1434326
-0.12731934 0.0053710938 -1.2349854
-0.13635254 0.053710938 -0.46936035
-0.08129883 0.036621094 -1.4056396
-0.1451416 -0.022216797 -1.7790527
-0.1307373 0.08862305 -0.3157959
-0.04284668 0.111206055 -1.0128174
-0.0814209 0.08105469 -1.5749512
0.019897461 0.10095215 -0.93444824
-0.3857422 0.056884766 -1.0367432
-0.3930664 0.026000977 -0.9946289
0.37756348 -0.012573242 -1.0582275
0.20324707 0.036132813 -1.0158691
-0.5543213 0.19335938 -1.1524658
-0.35546875 0.06518555 -1.1783447
-0.047851563 -0.044067383 -1.1186523
0.22668457 -0.053588867 -1.0043945
0.09655762 0.064453125 -0.99938965
-0.4810791 0.08532715 -1.1148682
-0.4182129 0.007080078 -1.1367188
0.06640625 -0.026367188 -0.9785156
0.26757813 -0.037231445 -1.0285645
-0.06628418 0.057495117 -1.0384521
-0.33581543 0.07434082 -0.96936035
-0.27954102 0.026000977 -1.2509766
-0.041259766 -0.018310547 -1.0257568
-0.09692383 0.02746582 -0.9042969
-0.25683594 0.17700195 -1.0028076
0.3572998 0.059936523 -1.0935059
0.021606445 0.13146973 -0.9180908
-0.38024902 0.1665039 -1.0705566
0.06347656 -0.012207031 -1.0220947
0.11987305 0.033325195 -1.0305176
-0.32922363 0.18188477 -0.9716797
-0.11633301 0.01940918 -1.0532227
0.23803711 -0.051757813 -1.032959
-0.059570313 0.09338379 -0.9489746
-0.53674316 0.14343262 -1.0682373
0.057495117 -0.07104492 -1.0540771
0.36706543 -0.11010742 -1.0718994
-0.24865723 0.12866211 -0.9382324
-0.51464844 0.24487305 -1.0672607
0.15161133 -0.107910156 -1.0836182
0.3848877 -0.13183594 -1.1066895
-0.29577637 0.100097656 -0.9498291
-0.57666016 0.15393066 -0.99316406
0.091552734 -0.05480957 -1.0483398
0.38500977 -0.1315918 -1.0507813
-0.27209473 0.13208008 -0.98254395
-0.28466797 0.29174805 -1.1351318
-0.024658203 -0.30273438 -0.98339844
-0.038085938 -0.36083984 -0.9638672
0.009765625 0.35766602 -1.0949707
-0.06323242 0.46142578 -1.0949707
-0.10681152 -0.14697266 -1.0311279
-0.12548828 -0.39697266 -1.0488281
-0.060058594 -0.3651123 -0.9628906
-0.0546875 0.26159668 -1.0147705
-0.025634766 0.40771484 -1.1304932
-0.06311035 0.07788086 -1.0091553
-0.06274414 -0.23986816 -1.0067139
-0.057861328 -0.2886963 -0.9345703
-0.03845215 0.0032958984 -1.0308838
-0.09631348 0.41748047 -1.102417
-0.045654297 0.27160645 -1.0837402
-0.10656738 -0.27770996 -0.9914551
-0.080200195 -0.32629395 -0.9539795
-0.052978516 0.11230469 -1.0288086
-0.08605957 0.30700684 -1.1054688
-0.030883789 0.20788574 -1.0123291
-0.10974121 -0.15893555 -0.99279785
-0.068237305 -0.23181152 -0.9576416
-0.04699707 0.052978516 -1.0426025
-0.072143555 0.3968506 -1.0913086
-0.014526367 0.26818848 -1.0853271
-0.1060791 -0.24584961 -1.0157471
-0.084106445 -0.29760742 -0.97753906
-0.10290527 0.15454102 -1.0510254
-0.10986328 0.33776855 -1.1116943
-0.06933594 0.037353516 -1.0183105
-0.09509277 -0.20300293 -0.9880371
-0.052368164 -0.18518066 -0.9711914
-0.068847656 0.035888672 -1.010498
-0.111083984 0.35046387 -1.1125488
-0.061035156 0.24291992 -1.0493164
-0.14587402 -0.22351074 -0.9871826
-0.08337402 -0.27978516 -0.9840088
-0.033203125 0.12231445 -1.0604248
-0.04638672 0.33935547 -1.1240234
-0.03161621 0.20910645 -1.0404053
-0.099731445 -0.06188965 -1.005127
-0.061523438 -0.22497559 -0.9468994
-0.036499023 0.024658203 -0.9967041
-0.048461914 0.40039063 -1.1699219
-0.036621094 0.25549316 -1.1020508
-0.15771484 -0.13476563 -0.9803467
-0.115600586 -0.06689453 -0.92626953
-0.025634766 0.026977539 -1.4781494
-0.10449219 0.083618164 -1.0311279
-0.13586426 0.036499023 -1.1199951
-0.17297363 0.030273438 -1.6124268
-0.08911133 0.05456543 -0.8918457
0.009887695 0.04296875 -1.0943604
-0.022949219 0.071899414 -1.7156982
-0.15161133 0.0814209 -0.40795898
0.0014648438 0.025024414 -0.7965088
0.0072021484 0.079589844 -1.3181152
-0.10229492 0.059692383 -0.53930664
0.0501709 0.075683594 -1.3485107
-0.07495117 0.060668945 -1.7386475
-0.1505127 0.09057617 -0.28637695
-0.0034179688 0.03137207 -0.96728516
-0.1204834 0.045654297 -1.3858643
-0.115234375 0.047729492 -0.5860596
-0.020507813 0.072143555 -1.2548828
-0.13720703 0.044677734 -1.8325195
-0.15344238 0.08215332 -0.37670898
-0.10473633 0.045532227 -0.6546631
-0.09277344 0.055664063 -1.5012207
-0.106933594 0.05126953 -0.8449707
-0.06591797 0.0949707 -0.9498291
-0.09692383 0.080566406 -1.5461426
-0.12548828 0.059326172 -0.6842041
-0.1361084 0.052978516 -0.3765869
-0.08544922 0.10131836 -1.638916
-0.072631836 0.06225586 -1.2203369
-0.12768555 0.056762695 -0.58825684
0.03515625 0.14147949 -1.3428955
-0.08081055 0.06982422 -0.89819336
-0.16723633 0.061523438 -0.43225098
0.014282227 0.049438477 -1.6529541
-0.04321289 0.07763672 -1.0742188
