-0.067
-0.066
-0.064
-0.064
-0.064
-0.066
-0.067
-0.067
-0.065
-0.064
-0.061
-0.06
-0.061
-0.06
-0.059
-0.058
-0.056
-0.056
-0.057
-0.057
-0.052
-0.045
-0.031
-0.016
-0.005
0.004
0.013
0.013
0.008
0.001
-0.011
-0.024
-0.036
-0.043
-0.047
-0.049
-0.052
-0.054
-0.053
-0.053
-0.051
-0.049
-0.049
-0.05
-0.049
-0.05
-0.017
0.026
0.08
0.144
0.224
0.28
0.3
0.294
0.262
0.204
0.122
0.055
0.005
-0.032
-0.057
-0.069
-0.064
-0.063
-0.06
-0.059
-0.059
-0.06
-0.055
-0.049
-0.041
-0.029
-0.004
0.015
0.034
0.055
0.075
0.08
0.088
0.092
0.094
0.094
0.094
0.092
0.087
0.079
0.068
0.055
0.042
0.031
0.01
-0.006
-0.026
-0.044
-0.058
-0.057
-0.06
-0.059
-0.057
-0.057
-0.058
-0.058
-0.054
-0.053
-0.051
-0.048
-0.048
-0.049
-0.05
-0.05
-0.048
-0.047
-0.046
-0.047
-0.047
-0.047
-0.045
-0.043
-0.042
-0.043
-0.042
-0.042
-0.04
-0.038
-0.034
-0.03
-0.015
-0.001
0.01
0.022
0.031
0.029
0.02
0.01
-0.003
-0.017
-0.03
-0.034
-0.035
-0.034
-0.034
-0.036
-0.037
-0.037
-0.036
-0.034
-0.034
-0.037
-0.041
-0.045
0.009
0.075
0.152
0.243
0.346
0.391
0.362
0.31
0.23
0.123
0.005
-0.044
-0.071
-0.083
-0.08
-0.066
-0.054
-0.052
-0.051
-0.052
-0.053
-0.053
-0.051
-0.048
-0.036
-0.025
-0.015
-0.005
0.009
0.016
0.032
0.05
0.065
0.078
0.09
0.093
0.092
0.095
0.095
0.091
0.087
0.087
0.071
0.061
0.048
0.033
0.016
0.013
-0.008
-0.022
-0.037
-0.052
-0.065
-0.062
-0.063
-0.061
-0.061
-0.061
-0.062
-0.061
-0.063
-0.064
-0.063
-0.061
-0.061
-0.06
-0.058
-0.057
-0.058
-0.057
-0.057
-0.058
-0.059
-0.057
-0.057
-0.055
-0.053
-0.053
-0.054
-0.052
-0.046
-0.038
-0.03
-0.022
-0.013
-0.007
-0.001
0.003
0.005
0.005
0.001
-0.006
-0.017
-0.028
-0.038
-0.046
-0.05
-0.05
-0.049
-0.049
