-0.035
-0.038
-0.041
-0.043
0.015
0.082
0.161
0.256
0.36
0.4
0.368
0.308
0.218
0.106
-0.006
-0.051
-0.07
-0.077
-0.073
-0.059
-0.048
-0.047
-0.044
-0.042
-0.045
-0.047
-0.046
-0.045
-0.034
-0.024
-0.015
-0.003
0.012
0.02
0.039
0.056
0.069
0.082
0.096
0.098
0.103
0.105
0.103
0.1
0.1
0.095
0.087
0.076
0.058
0.041
0.026
0.015
0.001
-0.013
-0.029
-0.043
-0.052
-0.053
-0.051
-0.048
-0.05
-0.052
-0.052
-0.052
-0.049
-0.047
-0.049
-0.05
-0.049
-0.049
-0.045
-0.042
-0.044
-0.045
-0.045
-0.045
-0.043
-0.041
-0.044
-0.047
-0.048
-0.048
-0.046
-0.043
-0.044
-0.045
-0.045
-0.045
-0.039
-0.032
-0.025
-0.018
-0.006
0.001
0.012
0.02
0.022
0.021
0.019
0.014
0.003
-0.008
-0.022
-0.035
-0.043
-0.044
-0.041
-0.039
-0.04
-0.043
-0.044
-0.045
-0.043
-0.041
-0.046
-0.05
-0.041
-0.021
0.059
0.153
0.252
0.339
0.407
0.4
0.319
0.214
0.097
-0.008
-0.092
-0.105
-0.097
-0.08
-0.069
-0.063
-0.063
-0.067
-0.066
-0.06
-0.047
-0.032
-0.018
-0.005
0.011
0.02
0.037
0.053
0.065
0.075
0.084
0.085
0.081
0.082
0.078
0.071
0.067
0.069
0.049
0.037
0.02
-0
-0.019
-0.02
-0.036
-0.045
-0.056
-0.067
-0.075
-0.071
-0.072
-0.069
-0.069
-0.071
-0.071
-0.068
-0.069
-0.069
-0.066
-0.064
-0.063
-0.062
-0.062
-0.061
-0.064
-0.067
-0.065
-0.061
-0.063
-0.063
-0.059
-0.057
-0.057
-0.056
-0.055
-0.055
-0.058
-0.06
-0.057
-0.053
-0.045
-0.034
-0.023
-0.014
-0.002
0.005
0.005
0.005
0.004
-0.002
-0.019
-0.027
-0.033
-0.043
-0.049
-0.044
-0.046
-0.045
-0.044
-0.046
-0.048
-0.045
-0.04
-0.021
0.013
0.057
0.111
0.168
0.236
0.277
0.294
0.29
0.262
0.195
0.11
0.039
-0.015
-0.052
-0.073
-0.065
-0.06
-0.062
-0.063
-0.063
-0.06
-0.059
-0.057
-0.056
-0.053
-0.047
-0.037
-0.027
