-0.053
-0.053
-0.052
-0.052
-0.05
-0.05
-0.049
-0.05
-0.048
-0.046
-0.043
-0.043
-0.042
-0.043
-0.044
-0.044
-0.042
-0.042
-0.04
-0.04
-0.04
-0.039
-0.037
-0.037
-0.03
-0.023
-0.015
-0.005
0.008
0.015
0.022
0.025
0.025
0.023
0.02
0.013
0.002
-0.01
-0.022
-0.031
-0.037
-0.038
-0.038
-0.039
-0.04
-0.04
-0.037
-0.037
-0.037
-0.042
-0.043
-0.033
-0.009
0.028
0.125
0.225
0.31
0.37
0.406
0.369
0.259
0.146
0.047
-0.033
-0.095
-0.087
-0.073
-0.063
-0.058
-0.057
-0.056
-0.056
-0.054
-0.053
-0.053
-0.052
-0.048
-0.043
-0.029
-0.013
0.001
0.017
0.036
0.046
0.061
0.073
0.083
0.09
0.097
0.099
0.099
0.096
0.089
0.083
0.078
0.072
0.058
0.043
0.024
0.006
-0.01
-0.019
-0.03
-0.041
-0.051
-0.059
-0.063
-0.063
-0.061
-0.06
-0.061
-0.061
-0.061
-0.062
-0.062
-0.061
-0.06
-0.06
-0.06
-0.059
-0.059
-0.061
-0.063
-0.062
-0.061
-0.059
-0.059
-0.059
-0.059
-0.059
-0.057
-0.055
-0.055
-0.054
-0.055
-0.055
-0.055
-0.052
-0.041
-0.029
-0.018
-0.005
0.009
0.012
0.01
0.007
0.001
-0.009
-0.022
-0.03
-0.039
-0.047
-0.053
-0.055
-0.053
-0.051
-0.052
-0.051
-0.05
-0.051
-0.051
-0.048
-0.026
-0.017
0.005
0.037
0.082
0.117
0.177
0.239
0.276
0.288
0.277
0.238
0.147
0.067
0.002
-0.047
-0.081
-0.075
-0.069
-0.064
-0.065
-0.065
-0.064
-0.062
-0.059
-0.053
-0.045
-0.037
-0.028
-0.019
-0.004
0.013
0.031
0.049
0.067
0.074
0.079
0.083
0.086
0.089
0.091
0.09
0.084
0.076
0.067
0.058
0.047
0.037
0.019
0
-0.017
-0.033
-0.047
-0.054
-0.06
-0.063
-0.065
-0.063
-0.061
-0.061
-0.061
-0.062
-0.061
-0.058
-0.056
-0.055
-0.054
-0.053
-0.054
-0.055
-0.054
-0.055
-0.055
-0.055
-0.053
-0.053
-0.052
-0.053
-0.052
-0.051
-0.048
-0.047
-0.046
-0.045
-0.042
-0.037
-0.029
-0.022
-0.01
0.001
0.011
0.02
0.027
0.027
0.019
0.008
-0.002
-0.014
-0.025
-0.031
-0.036
-0.041
-0.042
-0.041
-0.039
-0.038
-0.038
-0.038
-0.038
-0.036
-0.036
-0.04
0.004
0.059
0.126
0.208
0.304
0.358
0.347
0.309
0.247
0.163
0.055
-0.006
-0.042
-0.067
-0.075
-0.068
-0.052
-0.05
-0.047
-0.048
-0.048
-0.048
-0.046
-0.047
-0.035
-0.028
-0.019
-0.006
0.008
0.012
0.033
0.048
0.063
0.078
0.092
0.092
0.097
0.099
0.099
0.1
0.101
0.098
0.089
0.077
0.065
0.052
0.039
0.029
0.013
-0.005
-0.021
-0.035
-0.046
-0.05
-0.052
-0.054
-0.055
-0.056
-0.054
-0.055
-0.054
-0.055
-0.055
-0.054
-0.053
-0.052
-0.051
-0.052
-0.054
-0.054
-0.051
-0.05
-0.048
-0.048
-0.048
-0.048
-0.046
-0.046
-0.045
-0.046
-0.047
-0.046
-0.045
-0.044
-0.041
-0.038
-0.034
-0.027
-0.017
-0.009
0.002
0.009
0.014
0.018
0.022
0.018
0.007
-0.006
-0.019
-0.031
-0.04
-0.042
-0.042
-0.043
-0.044
-0.046
-0.047
-0.049
-0.049
-0.04
0.026
0.104
0.197
0.3
0.392
0.409
0.352
0.266
0.155
0.038
-0.061
-0.091
-0.099
-0.095
-0.083
-0.072
-0.063
-0.062
-0.06
-0.059
-0.059
-0.059
-0.057
-0.057
-0.045
-0.034
-0.023
-0.008
0.008
0.016
0.033
0.046
0.058
0.069
0.081
0.083
0.086
0.086
0.084
0.081
0.08
0.076
0.064
0.049
0.032
0.015
-0
-0.009
-0.024
-0.037
-0.049
-0.06
-0.07
-0.069
-0.068
-0.069
-0.069
-0.068
-0.065
-0.065
-0.063
-0.063
-0.064
-0.064
-0.064
-0.064
-0.062
-0.061
-0.061
-0.06
-0.058
-0.059
-0.057
-0.056
-0.056
-0.056
-0.053
-0.053
-0.052
-0.052
-0.054
-0.055
-0.055
-0.054
-0.046
-0.038
-0.027
-0.016
-0.007
-0.002
0.002
-0.001
-0.013
-0.023
-0.035
-0.044
-0.05
-0.048
-0.05
-0.049
-0.051
-0.051
-0.051
-0.048
-0.051
-0.054
-0.057
-0.05
-0.03
0.006
0.11
0.212
0.303
0.371
0.416
0.376
