0.141
0.256
0.366
0.475
0.588
0.701
0.784
0.817
0.803
0.736
0.619
0.484
0.354
0.226
0.093
-0.036
-0.13
-0.186
-0.208
-0.199
-0.167
-0.143
-0.128
-0.12
-0.117
-0.119
-0.118
-0.117
-0.116
-0.115
-0.113
-0.112
-0.112
-0.11
-0.109
-0.108
-0.107
-0.103
-0.098
-0.09
-0.077
-0.06
-0.043
-0.026
-0.008
0.011
0.029
0.047
0.065
0.085
0.104
0.123
0.14
0.153
0.163
0.172
0.178
0.182
0.184
0.186
0.185
0.184
0.182
0.18
0.175
0.172
0.167
0.16
0.152
0.141
0.127
0.111
0.092
0.071
0.05
0.029
0.009
-0.009
-0.031
-0.048
-0.066
-0.083
-0.1
-0.107
-0.118
-0.125
-0.128
-0.127
-0.125
-0.124
-0.122
-0.12
-0.119
-0.118
-0.116
-0.115
-0.115
-0.115
-0.114
-0.114
-0.113
-0.112
-0.111
-0.109
-0.107
-0.105
-0.104
-0.103
-0.101
-0.1
-0.099
-0.098
-0.096
-0.094
-0.093
-0.093
-0.092
-0.091
-0.091
-0.09
-0.087
-0.085
-0.085
-0.083
-0.075
-0.075
-0.074
-0.073
-0.072
-0.079
-0.077
-0.075
-0.073
-0.072
-0.07
-0.07
-0.069
-0.069
-0.069
-0.067
-0.063
-0.055
-0.044
-0.031
-0.015
0.003
0.02
0.033
0.045
0.055
0.062
0.066
0.067
0.066
0.064
0.055
0.044
0.032
0.018
-0
-0.018
-0.034
-0.047
-0.056
-0.062
-0.066
-0.067
-0.068
-0.068
-0.067
-0.066
-0.065
-0.064
-0.064
-0.064
-0.064
-0.064
-0.064
-0.063
-0.063
-0.062
-0.062
-0.065
-0.073
-0.076
-0.056
-0.015
0.051
0.143
0.254
0.371
0.489
0.599
0.704
0.783
0.818
0.803
0.738
0.629
0.497
0.356
0.217
0.087
-0.032
-0.122
-0.183
-0.207
-0.198
-0.172
-0.148
-0.132
-0.123
-0.121
-0.12
-0.112
-0.11
-0.109
-0.107
-0.105
-0.112
-0.11
-0.109
-0.107
-0.106
-0.105
-0.103
-0.098
-0.091
-0.08
-0.063
-0.044
-0.025
-0.007
0.01
0.025
0.044
0.064
0.081
0.1
0.118
0.136
0.151
0.162
0.17
0.175
0.179
0.18
0.181
0.179
0.177
