-0.141
-0.133
-0.132
-0.131
-0.131
-0.132
-0.131
-0.13
-0.129
-0.128
-0.126
-0.125
-0.123
-0.121
-0.12
-0.118
-0.117
-0.116
-0.115
-0.113
-0.113
-0.112
-0.11
-0.109
-0.108
-0.106
-0.111
-0.11
-0.109
-0.107
-0.108
-0.101
-0.101
-0.099
-0.098
-0.096
-0.094
-0.093
-0.093
-0.093
-0.092
-0.091
-0.091
-0.09
-0.088
-0.088
-0.087
-0.086
-0.084
-0.082
-0.076
-0.067
-0.054
-0.039
-0.022
-0.004
0.011
0.024
0.035
0.045
0.053
0.055
0.056
0.054
0.049
0.04
0.03
0.018
0.004
-0.013
-0.03
-0.045
-0.056
-0.066
-0.072
-0.075
-0.076
-0.077
-0.077
-0.078
-0.077
-0.077
-0.076
-0.075
-0.073
-0.072
-0.07
-0.068
-0.067
-0.067
-0.07
-0.07
-0.074
-0.083
-0.083
-0.056
-0.012
0.057
0.156
0.274
0.393
0.504
0.612
0.716
0.794
0.822
0.799
0.728
0.612
0.472
0.331
0.198
0.069
-0.047
-0.136
-0.19
-0.207
-0.193
-0.165
-0.143
-0.128
-0.121
-0.12
-0.119
-0.117
-0.116
-0.115
-0.113
-0.112
-0.11
-0.109
-0.108
-0.107
-0.106
-0.104
-0.102
-0.095
-0.086
-0.073
-0.056
-0.037
-0.019
-0.002
0.015
0.033
0.053
0.072
0.091
0.111
0.13
0.147
0.16
0.168
0.174
0.179
0.182
0.184
0.186
0.187
0.186
0.184
0.181
0.176
0.171
0.166
0.159
0.15
0.139
0.125
0.108
0.087
0.066
0.046
0.027
0.007
-0.011
-0.027
-0.044
-0.061
-0.079
-0.096
-0.11
-0.12
-0.125
-0.122
-0.121
-0.12
-0.119
-0.118
-0.122
-0.121
-0.118
-0.116
-0.114
-0.112
-0.111
-0.11
-0.111
-0.111
-0.11
-0.11
-0.108
-0.106
-0.104
-0.103
-0.101
-0.099
-0.099
-0.099
-0.098
-0.097
-0.096
-0.094
-0.092
-0.085
-0.085
-0.084
-0.083
-0.083
-0.088
-0.087
-0.085
-0.084
-0.083
-0.082
-0.08
-0.079
-0.079
-0.078
-0.076
-0.075
-0.074
-0.073
-0.073
-0.073
-0.073
-0.072
-0.07
-0.065
-0.055
-0.042
-0.027
-0.01
0.007
0.023
0.037
0.049
0.058
0.064
0.066
