-0.002
-0.011
-0.019
-0.024
-0.032
-0.039
-0.043
-0.043
-0.042
-0.04
-0.04
-0.041
-0.041
-0.041
-0.037
-0.022
0.003
0.039
0.088
0.146
0.226
0.281
0.308
0.31
0.289
0.219
0.128
0.055
-0.004
-0.049
-0.078
-0.068
-0.061
-0.058
-0.058
-0.059
-0.059
-0.059
-0.057
-0.054
-0.051
-0.048
-0.041
-0.032
-0.015
0.004
0.019
0.034
0.051
0.06
0.071
0.081
0.087
0.089
0.091
0.09
0.087
0.083
0.076
0.066
0.056
0.047
0.032
0.016
-0.001
-0.02
-0.037
-0.047
-0.054
-0.059
-0.063
-0.068
-0.069
-0.069
-0.067
-0.065
-0.064
-0.065
-0.064
-0.064
-0.065
-0.064
-0.063
-0.063
-0.064
-0.062
-0.059
-0.059
-0.06
-0.062
-0.061
-0.06
-0.059
-0.057
-0.056
-0.057
-0.058
-0.058
-0.057
-0.056
-0.055
-0.054
-0.051
-0.045
-0.032
-0.018
-0.005
0.004
0.011
0.013
0.005
-0.001
-0.009
-0.02
-0.033
-0.035
-0.043
-0.046
-0.048
-0.051
-0.052
-0.05
-0.051
-0.049
-0.048
-0.049
-0.05
-0.048
-0.003
0.035
0.083
0.141
0.212
0.247
0.251
0.258
0.239
0.194
0.124
0.086
0.027
-0.016
-0.046
-0.065
-0.07
-0.067
-0.067
-0.065
-0.063
-0.063
-0.062
-0.06
-0.054
-0.047
-0.04
-0.032
-0.023
-0.016
0.003
0.022
0.04
0.056
0.071
0.076
0.081
0.088
0.092
0.092
0.092
0.093
0.082
0.076
0.068
0.056
0.042
0.037
0.014
-0.001
-0.017
-0.034
-0.052
-0.054
-0.06
-0.063
-0.063
-0.061
-0.06
-0.06
-0.058
-0.056
-0.055
-0.055
-0.054
-0.054
-0.055
-0.055
-0.053
-0.051
-0.049
-0.049
-0.049
-0.049
-0.048
-0.047
-0.045
-0.045
-0.046
-0.046
-0.044
-0.043
-0.039
-0.034
-0.029
-0.022
-0.011
-0.003
0.008
0.014
0.019
0.022
0.025
0.022
0.012
-0.001
-0.014
-0.026
-0.034
-0.037
-0.035
-0.036
-0.038
-0.039
-0.037
-0.036
-0.034
-0.034
-0.036
-0.041
-0.038
-0.025
0.047
0.13
0.228
0.329
0.383
0.393
0.328
0.234
0.117
0.033
-0.054
-0.074
-0.077
-0.066
-0.051
-0.049
-0.047
-0.047
-0.048
-0.049
-0.047
-0.046
-0.032
-0.019
-0.006
0.01
0.028
0.034
0.051
0.066
0.077
0.089
0.1
0.102
0.103
0.102
0.099
0.096
0.093
0.089
0.077
0.063
0.047
0.029
0.013
0.004
-0.01
-0.025
-0.039
-0.051
-0.059
-0.059
-0.059
-0.057
-0.058
-0.058
-0.057
-0.055
-0.056
-0.055
-0.056
-0.055
-0.054
-0.053
-0.051
-0.049
-0.05
-0.051
-0.049
-0.05
-0.048
-0.048
-0.049
-0.05
-0.049
-0.049
-0.047
-0.047
-0.047
-0.048
-0.047
-0.047
-0.039
-0.03
-0.021
-0.012
0.001
0.008
0.014
0.017
0.017
0.013
0.01
0.005
-0.006
-0.016
-0.028
-0.04
-0.048
-0.049
-0.048
-0.047
-0.048
-0.05
-0.049
-0.049
-0.05
-0.053
-0.053
-0.043
-0.02
0.017
0.117
0.218
0.3
0.359
0.395
0.357
0.247
0.138
0.04
-0.042
-0.104
-0.096
-0.082
-0.071
-0.065
-0.063
-0.063
-0.064
-0.062
-0.06
-0.059
-0.059
-0.055
-0.051
-0.037
-0.022
-0.007
0.007
0.024
0.034
0.05
0.063
0.073
0.079
0.086
0.087
0.088
0.087
0.082
0.076
0.07
0.063
0.049
0.034
0.017
-0.001
-0.017
-0.026
-0.037
-0.047
-0.057
-0.067
-0.073
-0.072
-0.07
-0.068
-0.068
-0.07
-0.07
-0.07
-0.068
-0.066
-0.065
-0.065
-0.064
-0.063
-0.062
-0.06
-0.06
-0.061
-0.061
-0.061
-0.06
-0.058
-0.058
-0.059
-0.057
-0.055
-0.052
-0.049
-0.048
-0.049
-0.049
-0.048
-0.038
-0.025
-0.01
0.003
0.016
0.021
0.023
0.018
0.014
0.006
-0.004
-0.012
-0.021
-0.028
-0.035
-0.042
-0.045
-0.044
-0.042
-0.039
-0.039
-0.04
-0.041
-0.041
-0.041
-0.029
-0.007
0.025
0.07
0.129
0.217
0.281
0.317
0.327
0.313
0.243
0.147
0.069
0.006
-0.044
-0.078
-0.068
-0.061
-0.056
-0.054
-0.054
-0.054
-0.053
-0.052
-0.047
-0.039
-0.03
-0.02
-0.011
0.007
0.021
0.033
0.044
0.058
0.064
0.074
0.083
0.091
0.095
