-0.053
-0.052
-0.051
-0.049
-0.046
-0.039
-0.032
-0.023
-0.009
0
0.009
0.017
0.014
0.002
-0.01
-0.023
-0.036
-0.04
-0.042
-0.044
-0.045
-0.045
-0.044
-0.044
-0.044
-0.043
-0.043
-0.042
-0.044
-0.048
0.004
0.066
0.141
0.232
0.334
0.381
0.355
0.302
0.225
0.125
0.01
-0.041
-0.067
-0.08
-0.08
-0.067
-0.052
-0.051
-0.05
-0.05
-0.051
-0.051
-0.05
-0.05
-0.042
-0.034
-0.023
-0.009
0.007
0.015
0.032
0.048
0.063
0.077
0.091
0.094
0.096
0.096
0.095
0.095
0.096
0.093
0.085
0.073
0.059
0.045
0.031
0.02
0.004
-0.013
-0.03
-0.043
-0.053
-0.055
-0.054
-0.052
-0.053
-0.052
-0.05
-0.05
-0.049
-0.048
-0.048
-0.048
-0.046
-0.046
-0.045
-0.045
-0.046
-0.046
-0.044
-0.044
-0.043
-0.043
-0.043
-0.043
-0.041
-0.041
-0.04
-0.038
-0.037
-0.038
-0.038
-0.037
-0.035
-0.032
-0.025
-0.015
-0.005
0.004
0.014
0.02
0.024
0.027
0.026
0.021
0.01
-0.003
-0.016
-0.026
-0.034
-0.036
-0.036
-0.038
-0.042
-0.045
-0.047
-0.051
-0.046
-0.027
0.072
0.159
0.26
0.359
0.437
0.414
0.315
0.214
0.094
-0.014
-0.102
-0.095
-0.095
-0.083
-0.072
-0.063
-0.058
-0.058
-0.057
-0.058
-0.057
-0.056
-0.054
-0.052
-0.037
-0.026
-0.013
0.003
0.02
0.026
0.043
0.056
0.068
0.08
0.091
0.091
0.091
0.089
0.086
0.082
0.08
0.077
0.061
0.046
0.029
0.013
-0.003
-0.009
-0.024
-0.038
-0.051
-0.061
-0.068
-0.067
-0.066
-0.064
-0.064
-0.064
-0.063
-0.063
-0.063
-0.063
-0.064
-0.064
-0.063
-0.062
-0.062
-0.062
-0.063
-0.064
-0.064
-0.063
-0.062
-0.061
-0.059
-0.058
-0.058
-0.057
-0.057
-0.057
-0.056
-0.055
-0.055
-0.053
-0.044
-0.032
-0.017
-0.003
0.009
0.014
0.012
0.008
0.003
-0.003
-0.012
-0.021
-0.032
-0.04
-0.045
-0.049
-0.052
-0.052
-0.053
-0.054
-0.053
-0.051
-0.05
-0.049
-0.046
-0.031
