-0.059
-0.057
-0.055
-0.055
-0.053
-0.053
-0.051
-0.047
-0.041
-0.034
-0.019
-0.008
0.001
0.01
0.017
0.017
0.006
-0.006
-0.019
-0.033
-0.046
-0.048
-0.051
-0.054
-0.056
-0.056
-0.054
-0.053
-0.053
-0.052
-0.053
-0.053
-0.053
-0.056
0.011
0.067
0.133
0.214
0.31
0.341
0.332
0.297
0.235
0.149
0.045
-0.003
-0.037
-0.058
-0.067
-0.066
-0.067
-0.068
-0.068
-0.066
-0.063
-0.061
-0.052
-0.044
-0.03
-0.02
-0.006
0.001
0.021
0.033
0.048
0.062
0.077
0.078
0.08
0.082
0.081
0.081
0.081
0.08
0.067
0.057
0.044
0.029
0.016
0.011
-0.009
-0.024
-0.041
-0.055
-0.067
-0.065
-0.067
-0.067
-0.068
-0.068
-0.067
-0.065
-0.064
-0.063
-0.064
-0.065
-0.064
-0.061
-0.061
-0.059
-0.057
-0.055
-0.054
-0.053
-0.053
-0.053
-0.053
-0.052
-0.05
-0.049
-0.05
-0.05
-0.049
-0.049
-0.048
-0.048
-0.043
-0.037
-0.027
-0.014
-0
0.008
0.014
0.018
0.02
0.02
0.017
0.01
-0.004
-0.018
-0.029
-0.037
-0.044
-0.044
-0.044
-0.044
-0.043
-0.041
-0.039
-0.038
-0.04
-0.045
-0.048
-0.039
-0.018
0.016
0.108
0.211
0.303
0.369
0.411
0.38
0.27
0.152
0.052
-0.03
-0.095
-0.089
-0.075
-0.064
-0.056
-0.051
-0.05
-0.049
-0.049
-0.05
-0.05
-0.048
-0.044
-0.04
-0.026
-0.012
0.005
0.024
0.042
0.052
0.067
0.078
0.087
0.097
0.104
0.103
0.103
0.1
0.098
0.096
0.093
0.085
0.069
0.052
0.034
0.017
0.003
-0.006
-0.018
-0.03
-0.04
-0.047
-0.051
-0.052
-0.051
-0.051
-0.052
-0.052
-0.051
-0.052
-0.05
-0.051
-0.051
-0.049
-0.046
-0.047
-0.046
-0.046
-0.046
-0.045
-0.043
-0.043
-0.043
-0.045
-0.046
-0.046
-0.046
-0.046
-0.045
-0.046
-0.046
-0.043
-0.04
-0.039
-0.029
-0.019
-0.008
0.005
0.019
0.024
0.026
0.024
0.019
0.014
0.006
-0.003
-0.014
-0.025
-0.034
-0.04
-0.042
-0.043
-0.042
-0.042
