-0.098
-0.097
-0.097
-0.097
-0.096
-0.096
-0.095
-0.094
-0.092
-0.092
-0.091
-0.09
-0.09
-0.089
-0.088
-0.086
-0.084
-0.082
-0.081
-0.081
-0.08
-0.08
-0.078
-0.078
-0.077
-0.077
-0.077
-0.076
-0.075
-0.071
-0.063
-0.051
-0.037
-0.021
-0.001
0.015
0.03
0.043
0.053
0.057
0.06
0.062
0.061
0.058
0.051
0.04
0.026
0.012
-0.004
-0.019
-0.034
-0.048
-0.06
-0.068
-0.073
-0.074
-0.074
-0.076
-0.077
-0.077
-0.077
-0.076
-0.074
-0.074
-0.073
-0.072
-0.071
-0.07
-0.068
-0.068
-0.067
-0.07
-0.077
-0.084
-0.071
-0.036
0.028
0.121
0.231
0.34
0.452
0.567
0.681
0.77
0.813
0.806
0.748
0.641
0.51
0.379
0.248
0.109
-0.024
-0.123
-0.185
-0.214
-0.21
-0.183
-0.157
-0.141
-0.132
-0.129
-0.128
-0.127
-0.126
-0.124
-0.123
-0.122
-0.121
-0.121
-0.119
-0.118
-0.117
-0.115
-0.113
-0.109
-0.1
-0.087
-0.072
-0.055
-0.036
-0.017
0.002
0.019
0.037
0.055
0.074
0.094
0.114
0.131
0.144
0.156
0.164
0.168
0.171
0.173
0.175
0.176
0.176
0.174
0.179
0.175
0.17
0.164
0.158
0.141
0.129
0.115
0.099
0.08
0.06
0.039
0.018
-0.003
-0.021
-0.037
-0.055
-0.072
-0.088
-0.104
-0.119
-0.131
-0.139
-0.143
-0.143
-0.141
-0.14
-0.139
-0.138
-0.137
-0.135
-0.133
-0.131
-0.129
-0.128
-0.128
-0.127
-0.126
-0.125
-0.125
-0.123
-0.121
-0.12
-0.119
-0.117
-0.115
-0.114
-0.114
-0.113
-0.112
-0.11
-0.11
-0.108
-0.107
-0.107
-0.106
-0.104
-0.104
-0.103
-0.102
-0.1
-0.099
-0.097
-0.096
-0.103
-0.102
-0.102
-0.101
-0.1
-0.09
-0.09
-0.089
-0.087
-0.087
-0.087
-0.086
-0.084
-0.081
-0.073
-0.062
-0.049
-0.033
-0.015
0.001
0.015
0.028
0.04
0.048
0.052
0.053
0.051
0.047
0.04
0.03
0.005
-0.009
-0.025
-0.042
-0.058
-0.056
-0.067
-0.074
-0.078
-0.08
-0.079
-0.079
-0.079
-0.079
-0.079
-0.079
