0.047
0.037
0.023
0.007
-0.008
-0.02
-0.03
-0.039
-0.046
-0.051
-0.057
-0.06
-0.06
-0.06
-0.058
-0.057
-0.058
-0.058
-0.057
-0.056
-0.057
-0.055
-0.053
-0.052
-0.052
-0.051
-0.05
-0.052
-0.054
-0.055
-0.053
-0.053
-0.051
-0.05
-0.05
-0.051
-0.052
-0.052
-0.05
-0.049
-0.049
-0.047
-0.042
-0.036
-0.022
-0.008
0.004
0.012
0.02
0.019
0.008
-0.003
-0.015
-0.029
-0.043
-0.046
-0.049
-0.05
-0.053
-0.052
-0.05
-0.048
-0.048
-0.047
-0.048
-0.048
-0.047
-0.046
0.007
0.051
0.104
0.169
0.248
0.283
0.271
0.263
0.227
0.165
0.08
0.042
-0.008
-0.042
-0.065
-0.074
-0.069
-0.066
-0.067
-0.064
-0.064
-0.065
-0.065
-0.063
-0.057
-0.049
-0.042
-0.033
-0.022
-0.013
0.006
0.027
0.048
0.066
0.081
0.084
0.086
0.087
0.086
0.085
0.086
0.086
0.073
0.065
0.054
0.04
0.025
0.021
-0.001
-0.017
-0.033
-0.05
-0.064
-0.062
-0.067
-0.067
-0.066
-0.065
-0.066
-0.065
-0.066
-0.067
-0.067
-0.067
-0.065
-0.064
-0.064
-0.064
-0.064
-0.063
-0.06
-0.059
-0.058
-0.058
-0.058
-0.057
-0.056
-0.055
-0.055
-0.055
-0.055
-0.053
-0.05
-0.049
-0.045
-0.04
-0.034
-0.025
-0.011
-0.001
0.008
0.015
0.016
0.011
-0.001
-0.015
-0.029
-0.038
-0.045
-0.045
-0.044
-0.045
-0.046
-0.045
-0.043
-0.042
-0.041
-0.044
-0.05
-0.052
-0.042
-0.022
0.057
0.15
0.253
0.347
0.416
0.411
0.329
0.22
0.101
-0
-0.083
-0.096
-0.091
-0.078
-0.068
-0.06
-0.054
-0.053
-0.052
-0.053
-0.053
-0.052
-0.049
-0.045
-0.029
-0.017
-0.003
0.013
0.031
0.037
0.055
0.069
0.08
0.092
0.102
0.102
0.103
0.1
0.096
0.094
0.079
0.062
0.046
0.03
0.01
0.002
-0.011
-0.024
-0.036
-0.045
-0.051
-0.05
-0.049
-0.049
-0.05
-0.049
-0.047
-0.047
-0.044
-0.045
-0.045
-0.046
-0.045
-0.045
-0.044
-0.044
-0.044
-0.045
-0.043
-0.042
