0.057
0.04
0.023
0.008
-0.008
-0.015
-0.029
-0.043
-0.055
-0.064
-0.07
-0.068
-0.067
-0.066
-0.066
-0.065
-0.063
-0.062
-0.061
-0.062
-0.062
-0.062
-0.06
-0.058
-0.057
-0.057
-0.057
-0.056
-0.054
-0.054
-0.053
-0.053
-0.054
-0.054
-0.051
-0.051
-0.05
-0.05
-0.05
-0.05
-0.048
-0.047
-0.038
-0.029
-0.019
-0.006
0.008
0.014
0.019
0.018
0.015
0.01
0.005
-0.002
-0.012
-0.022
-0.031
-0.038
-0.041
-0.041
-0.04
-0.04
-0.041
-0.042
-0.04
-0.041
-0.029
-0.029
-0.019
0.004
0.04
0.073
0.176
0.26
0.321
0.358
0.371
0.311
0.198
0.1
0.017
-0.046
-0.091
-0.077
-0.064
-0.056
-0.054
-0.053
-0.051
-0.051
-0.05
-0.051
-0.036
-0.021
-0.002
0.022
0.053
0.067
0.081
0.094
0.103
0.104
0.104
0.1
0.095
0.088
0.082
0.075
0.056
0.038
0.02
0.003
-0.013
-0.018
-0.027
-0.036
-0.045
-0.052
-0.054
-0.053
-0.052
-0.051
-0.051
-0.051
-0.052
-0.051
-0.052
-0.051
-0.05
-0.049
-0.047
-0.045
-0.044
-0.044
-0.042
-0.041
-0.04
-0.04
-0.042
-0.044
-0.043
-0.043
-0.042
-0.04
-0.038
-0.038
-0.036
-0.034
-0.023
-0.012
-0.001
0.01
0.022
0.025
0.025
0.021
0.013
0.004
-0.005
-0.015
-0.022
-0.028
-0.035
-0.041
-0.042
-0.042
-0.04
-0.039
-0.039
-0.04
-0.039
-0.039
-0.027
-0.005
0.027
0.071
0.129
0.186
0.249
0.286
0.296
0.282
0.247
0.18
0.101
0.038
-0.012
-0.05
-0.071
-0.064
-0.06
-0.058
-0.058
-0.058
-0.056
-0.056
-0.052
-0.048
-0.044
-0.039
-0.03
-0.022
-0.004
0.013
0.029
0.045
0.062
0.069
0.079
0.086
0.09
0.092
0.095
0.094
0.091
0.086
0.076
0.066
0.056
0.046
0.03
0.013
-0.005
-0.024
-0.041
-0.049
-0.055
-0.06
-0.064
-0.068
-0.067
-0.066
-0.064
-0.063
-0.063
-0.065
-0.066
-0.066
-0.064
-0.063
-0.063
-0.064
-0.062
-0.062
-0.06
-0.059
-0.059
-0.06
-0.06
-0.059
-0.057
-0.055
-0.055
-0.056
-0.056
-0.056
-0.056
-0.056
-0.056
-0.056
-0.052
-0.045
-0.031
-0.015
-0.001
0.009
0.016
0.013
0.007
-0.003
-0.015
-0.027
-0.036
-0.042
-0.046
-0.048
-0.05
-0.052
-0.054
-0.056
-0.056
-0.055
-0.021
0.024
0.079
0.146
0.227
0.282
0.27
0.262
0.227
0.165
0.08
0.041
-0.008
-0.044
-0.065
-0.072
-0.066
-0.065
-0.064
-0.063
-0.064
-0.065
-0.064
-0.062
-0.056
-0.048
-0.04
-0.03
-0.019
-0.012
0.007
0.025
0.042
0.057
0.073
0.077
0.081
0.086
0.088
0.088
0.088
0.088
0.076
0.068
0.057
0.043
0.028
0.024
0.003
-0.012
-0.028
-0.045
-0.061
-0.06
-0.064
-0.065
-0.064
-0.063
-0.063
-0.065
-0.064
-0.061
-0.061
-0.06
-0.059
-0.059
-0.059
-0.056
-0.057
-0.055
-0.053
-0.054
-0.055
-0.052
-0.052
-0.052
-0.05
-0.049
-0.049
-0.049
-0.043
-0.038
-0.031
-0.021
-0.008
0.001
0.01
0.016
0.02
0.022
0.023
0.018
0.007
-0.007
-0.019
-0.029
-0.036
-0.037
-0.037
-0.038
-0.039
-0.039
-0.036
-0.036
-0.034
-0.035
-0.039
-0.04
-0.03
-0.01
0.069
0.161
0.264
0.357
0.427
0.421
0.338
0.227
0.108
0.005
-0.078
-0.09
-0.085
-0.072
-0.061
-0.052
-0.047
-0.046
-0.044
-0.046
-0.046
-0.045
-0.042
-0.04
-0.028
-0.015
-0.002
0.015
0.034
0.044
0.061
0.074
0.086
0.098
0.109
0.11
0.11
0.106
0.102
0.099
0.097
0.093
0.08
0.062
0.043
0.026
0.01
0.002
-0.011
-0.025
-0.039
-0.049
-0.055
-0.054
-0.053
-0.053
-0.055
-0.055
-0.055
-0.054
-0.053
-0.053
-0.054
-0.053
-0.051
-0.048
-0.046
-0.044
-0.044
-0.044
-0.043
-0.04
-0.039
-0.037
-0.037
-0.036
-0.035
-0.033
-0.032
-0.03
-0.03
-0.03
-0.029
-0.027
-0.018
-0.01
-0.001
0.009
0.019
0.023
0.029
0.031
0.029
0.026
0.022
0.016
0.007
-0.002
-0.128
-0.3
-0.38
-0.386
-0.4
-0.395
-0.308
-0.36
-0.398
-0.367
