-0.034
-0.036
-0.042
-0.041
-0.027
-0.004
0.079
0.176
0.278
0.363
0.425
0.412
0.322
0.208
0.092
-0.006
-0.084
-0.092
-0.083
-0.069
-0.059
-0.053
-0.049
-0.05
-0.049
-0.048
-0.048
-0.047
-0.045
-0.042
-0.03
-0.018
-0.005
0.011
0.029
0.038
0.054
0.067
0.079
0.089
0.098
0.098
0.097
0.094
0.091
0.088
0.086
0.081
0.068
0.051
0.033
0.015
-0
-0.01
-0.023
-0.036
-0.049
-0.058
-0.064
-0.064
-0.063
-0.063
-0.064
-0.064
-0.062
-0.062
-0.06
-0.06
-0.061
-0.062
-0.062
-0.063
-0.062
-0.062
-0.063
-0.062
-0.059
-0.059
-0.056
-0.054
-0.055
-0.055
-0.053
-0.053
-0.052
-0.052
-0.054
-0.055
-0.054
-0.054
-0.042
-0.032
-0.021
-0.01
0.004
0.008
0.009
0.01
0.006
0.001
-0.005
-0.009
-0.022
-0.033
-0.044
-0.052
-0.056
-0.054
-0.051
-0.05
-0.04
-0.043
-0.007
0.015
0.05
0.087
0.172
0.232
0.292
0.328
0.34
0.3
0.192
0.095
0.012
-0.053
-0.1
-0.091
-0.081
-0.073
-0.072
-0.071
-0.07
-0.069
-0.067
-0.066
-0.065
-0.062
-0.055
-0.048
-0.029
-0.013
0.002
0.018
0.036
0.043
0.056
0.067
0.074
0.08
0.086
0.087
0.084
0.082
0.076
0.069
0.062
0.058
0.038
0.019
-0.001
-0.021
-0.042
-0.051
-0.059
-0.065
-0.068
-0.068
-0.067
-0.066
-0.067
-0.068
-0.067
-0.067
-0.064
-0.06
-0.057
-0.058
-0.058
-0.059
-0.059
-0.058
-0.057
-0.056
-0.057
-0.059
-0.059
-0.058
-0.057
-0.055
-0.055
-0.055
-0.053
-0.05
-0.044
-0.038
-0.024
-0.011
0.002
0.013
0.022
0.022
0.014
0.004
-0.006
-0.016
-0.027
-0.033
-0.038
-0.043
-0.045
-0.044
-0.042
-0.041
-0.041
-0.041
-0.041
-0.04
-0.038
-0.04
-0.007
0.037
0.094
0.163
0.245
0.3
0.312
0.298
0.261
0.201
0.117
0.051
0.002
-0.034
-0.055
-0.062
-0.055
-0.055
-0.055
-0.057
-0.057
-0.056
-0.055
-0.054
-0.043
-0.038
-0.029
-0.017
-0.003
0.001
0.017
0.033
0.049
0.065
0.082
0.088
0.094
0.096
0.099
0.102
0.104
0.102
0.092
0.081
0.07
0.058
0.045
0.037
0.017
-0.002
-0.019
-0.034
-0.047
-0.05
-0.053
-0.056
-0.057
-0.056
-0.054
-0.052
-0.052
-0.052
-0.053
-0.053
-0.052
-0.05
-0.049
-0.05
-0.05
-0.049
-0.047
-0.047
-0.046
-0.047
-0.047
-0.046
-0.043
-0.042
-0.041
-0.042
-0.043
-0.043
-0.043
-0.042
-0.04
-0.038
-0.035
-0.028
-0.019
-0.012
0.001
0.01
0.017
0.023
0.029
0.027
0.017
0.004
-0.01
-0.023
-0.032
-0.034
-0.035
-0.036
-0.038
-0.04
-0.041
-0.042
-0.045
-0.048
0.008
0.074
0.154
0.25
0.354
0.395
0.361
0.3
0.213
0.104
-0.009
-0.055
-0.077
-0.086
-0.082
-0.069
-0.056
-0.055
-0.055
-0.057
-0.059
-0.06
-0.058
-0.058
-0.048
-0.039
-0.029
-0.017
-0.001
0.008
0.026
0.042
0.056
0.069
0.082
0.084
0.088
0.088
0.086
0.085
0.085
0.081
0.072
0.059
0.043
0.028
0.014
0.003
-0.012
-0.028
-0.043
-0.056
-0.068
-0.068
-0.067
-0.067
-0.067
-0.065
-0.065
-0.066
-0.065
-0.064
-0.063
-0.062
-0.06
-0.06
-0.061
-0.061
-0.061
-0.06
-0.059
-0.058
-0.057
-0.057
-0.058
-0.057
-0.056
-0.058
-0.06
-0.059
-0.057
-0.055
-0.05
-0.044
-0.038
-0.029
-0.018
-0.009
0.001
0.008
0.01
0.011
0.009
0.003
-0.009
-0.022
-0.036
-0.047
-0.055
-0.055
-0.053
-0.052
-0.053
-0.053
-0.052
-0.051
-0.049
-0.049
-0.053
-0.056
-0.048
-0.029
0.051
0.144
0.246
0.337
0.405
0.399
0.295
0.189
0.071
-0.033
-0.117
-0.105
-0.102
-0.088
-0.077
-0.069
-0.064
-0.061
-0.061
-0.059
-0.059
-0.059
-0.057
-0.052
-0.039
-0.026
-0.013
0.001
0.018
0.027
0.043
0.058
0.069
0.079
0.088
0.09
0.089
0.089
0.086
0.082
0.079
0.077
0.059
0.045
0.027
0.009
-0.008
-0.011
-0.025
-0.036
-0.047
-0.056
-0.064
-0.061
-0.06
-0.058
-0.057
-0.058
