-0.121
-0.119
-0.116
-0.112
-0.111
-0.11
-0.109
-0.109
-0.108
-0.107
-0.106
-0.105
-0.104
-0.101
-0.095
-0.085
-0.07
-0.052
-0.032
-0.014
0.003
0.019
0.035
0.053
0.072
0.09
0.11
0.131
0.143
0.155
0.163
0.171
0.175
0.183
0.185
0.187
0.187
0.186
0.183
0.179
0.174
0.168
0.161
0.154
0.145
0.133
0.118
0.098
0.076
0.055
0.035
0.014
-0.006
-0.023
-0.039
-0.056
-0.072
-0.09
-0.106
-0.118
-0.127
-0.133
-0.133
-0.132
-0.131
-0.129
-0.128
-0.128
-0.128
-0.127
-0.126
-0.125
-0.124
-0.123
-0.122
-0.12
-0.119
-0.118
-0.117
-0.115
-0.113
-0.112
-0.111
-0.11
-0.109
-0.109
-0.108
-0.108
-0.107
-0.106
-0.106
-0.104
-0.1
-0.1
-0.099
-0.097
-0.09
-0.093
-0.092
-0.091
-0.091
-0.096
-0.094
-0.093
-0.093
-0.092
-0.09
-0.09
-0.089
-0.089
-0.088
-0.087
-0.086
-0.086
-0.085
-0.083
-0.078
-0.068
-0.054
-0.038
-0.022
-0.004
0.016
0.03
0.041
0.049
0.054
0.052
0.051
0.049
0.044
0.036
0.025
0.012
-0.003
-0.02
-0.036
-0.052
-0.065
-0.073
-0.078
-0.08
-0.081
-0.08
-0.08
-0.079
-0.079
-0.078
-0.077
-0.077
-0.076
-0.076
-0.075
-0.076
-0.075
-0.074
-0.073
-0.073
-0.078
-0.087
-0.084
-0.058
-0.007
0.074
0.178
0.288
0.401
0.517
0.631
0.733
0.796
0.811
0.775
0.689
0.565
0.433
0.299
0.161
0.024
-0.087
-0.163
-0.206
-0.216
-0.195
-0.169
-0.15
-0.137
-0.132
-0.131
-0.13
-0.127
-0.126
-0.125
-0.123
-0.121
-0.121
-0.121
-0.12
-0.12
-0.119
-0.118
-0.114
-0.106
-0.095
-0.081
-0.063
-0.045
-0.027
-0.009
0.008
0.023
0.041
0.061
0.08
0.099
0.118
0.144
0.157
0.167
0.174
0.179
0.171
0.174
0.177
0.177
0.176
0.173
0.168
0.162
0.156
0.15
0.143
0.133
0.12
0.105
0.088
0.068
0.047
0.026
0.006
-0.014
-0.032
-0.049
-0.066
-0.083
-0.099
-0.113
-0.126
-0.136
-0.14
