-0.037
-0.028
-0.015
-0.006
0.012
0.027
0.048
0.065
0.082
0.09
0.099
0.097
0.092
0.083
0.072
0.059
0.047
0.036
0.021
0.003
-0.015
-0.032
-0.045
-0.05
-0.052
-0.054
-0.055
-0.055
-0.054
-0.054
-0.053
-0.052
-0.052
-0.052
-0.05
-0.05
-0.05
-0.049
-0.046
-0.045
-0.042
-0.041
-0.042
-0.042
-0.04
-0.04
-0.037
-0.036
-0.037
-0.038
-0.037
-0.037
-0.035
-0.033
-0.031
-0.026
-0.018
-0.01
0.003
0.013
0.02
0.025
0.031
0.029
0.022
0.011
-0.002
-0.015
-0.025
-0.028
-0.028
-0.028
-0.029
-0.031
-0.03
-0.03
-0.029
-0.028
-0.029
-0.031
-0.034
-0.039
0.014
0.077
0.153
0.244
0.348
0.393
0.367
0.314
0.232
0.126
0.011
-0.039
-0.063
-0.075
-0.074
-0.062
-0.049
-0.048
-0.046
-0.045
-0.047
-0.048
-0.047
-0.046
-0.036
-0.026
-0.016
-0.004
0.011
0.019
0.038
0.054
0.068
0.079
0.092
0.095
0.099
0.101
0.1
0.096
0.095
0.092
0.083
0.073
0.058
0.042
0.027
0.017
0.001
-0.014
-0.03
-0.045
-0.057
-0.06
-0.059
-0.059
-0.06
-0.062
-0.062
-0.061
-0.059
-0.057
-0.056
-0.057
-0.056
-0.055
-0.053
-0.052
-0.053
-0.055
-0.054
-0.054
-0.053
-0.051
-0.052
-0.054
-0.055
-0.056
-0.055
-0.053
-0.053
-0.054
-0.053
-0.053
-0.048
-0.043
-0.037
-0.031
-0.02
-0.013
-0.005
0.004
0.008
0.009
0.008
0.007
-0.008
-0.019
-0.032
-0.044
-0.056
-0.055
-0.055
-0.055
-0.054
-0.051
-0.056
-0.057
-0.061
-0.066
-0.061
-0.037
0.06
0.152
0.253
0.349
0.423
0.402
0.301
0.202
0.084
-0.024
-0.114
-0.103
-0.105
-0.091
-0.079
-0.072
-0.068
-0.065
-0.066
-0.064
-0.064
-0.065
-0.067
-0.063
-0.05
-0.037
-0.023
-0.008
0.009
0.018
0.034
0.051
0.065
0.075
0.084
0.087
0.083
0.084
0.081
0.077
0.074
0.074
0.056
0.043
0.027
0.008
-0.01
-0.013
-0.029
-0.042
-0.053
-0.062
-0.07
-0.069
-0.068
-0.067
