0.014
0.011
0.005
-0.003
-0.011
-0.02
-0.028
-0.037
-0.044
-0.049
-0.051
-0.05
-0.047
-0.047
-0.048
-0.049
-0.048
-0.049
-0.047
-0.035
-0.012
0.022
0.069
0.125
0.21
0.268
0.301
0.31
0.296
0.228
0.135
0.057
-0.007
-0.055
-0.086
-0.076
-0.069
-0.065
-0.065
-0.066
-0.065
-0.064
-0.063
-0.062
-0.059
-0.055
-0.047
-0.039
-0.021
-0.004
0.021
0.042
0.064
0.078
0.092
0.092
0.092
0.088
0.081
0.073
0.065
0.056
0.04
0.023
0.004
-0.013
-0.029
-0.038
-0.047
-0.052
-0.058
-0.063
-0.066
-0.064
-0.065
-0.065
-0.066
-0.065
-0.064
-0.06
-0.06
-0.057
-0.058
-0.059
-0.058
-0.056
-0.056
-0.053
-0.053
-0.053
-0.052
-0.05
-0.05
-0.049
-0.049
-0.048
-0.047
-0.044
-0.043
-0.04
-0.036
-0.031
-0.026
-0.018
-0.006
0.003
0.011
0.02
0.028
0.029
0.021
0.015
0.005
-0.006
-0.017
-0.02
-0.027
-0.031
-0.036
-0.04
-0.041
-0.039
-0.04
-0.038
-0.037
-0.037
-0.035
-0.033
0.012
0.046
0.09
0.147
0.216
0.251
0.262
0.273
0.259
0.219
0.157
0.118
0.058
0.011
-0.024
-0.046
-0.053
-0.05
-0.05
-0.047
-0.045
-0.043
-0.042
-0.041
-0.035
-0.029
-0.019
-0.007
0.007
0.015
0.031
0.045
0.062
0.077
0.092
0.097
0.099
0.1
0.1
0.101
0.1
0.098
0.088
0.077
0.065
0.052
0.038
0.028
0.011
-0.007
-0.022
-0.035
-0.046
-0.049
-0.051
-0.053
-0.054
-0.054
-0.052
-0.051
-0.051
-0.051
-0.051
-0.051
-0.05
-0.049
-0.05
-0.051
-0.051
-0.049
-0.047
-0.045
-0.045
-0.046
-0.047
-0.046
-0.045
-0.044
-0.043
-0.044
-0.044
-0.044
-0.043
-0.043
-0.041
-0.039
-0.033
-0.024
-0.014
-0.004
0.006
0.013
0.018
0.022
0.023
0.019
0.006
-0.008
-0.021
-0.031
-0.041
-0.043
-0.043
-0.045
-0.046
-0.044
-0.042
-0.043
-0.043
-0.044
-0.046
-0.05
-0.05
-0.039
0.053
0.133
0.228
0.33
0.419
0.407
0.321
0.233
0.122
0.008
-0.088
-0.09
-0.097
-0.091
-0.078
-0.065
-0.056
-0.056
-0.056
-0.057
-0.058
-0.058
-0.057
-0.055
-0.046
-0.036
-0.024
-0.01
0.006
0.015
0.032
0.046
0.06
0.074
0.086
0.088
0.089
0.086
0.084
0.082
0.082
0.078
0.067
0.053
0.038
0.022
0.007
-0.002
-0.018
-0.035
-0.05
-0.062
-0.07
-0.07
-0.068
-0.067
-0.067
-0.067
-0.066
-0.066
-0.065
-0.064
-0.064
-0.064
-0.062
-0.061
-0.06
-0.061
-0.061
-0.061
-0.06
-0.059
-0.058
-0.058
-0.059
-0.057
-0.055
-0.054
-0.053
-0.053
-0.053
-0.053
-0.052
-0.051
-0.044
-0.038
-0.029
-0.018
-0.005
0.002
0.009
0.012
0.013
0.012
0.01
0.005
-0.007
-0.019
-0.03
-0.04
-0.048
-0.047
-0.047
-0.048
-0.049
-0.047
-0.045
-0.045
-0.046
-0.05
-0.053
-0.045
-0.023
0.011
0.105
0.207
0.297
0.363
0.406
0.375
0.269
0.153
0.05
-0.036
-0.1
-0.096
-0.082
-0.071
-0.064
-0.062
-0.06
-0.059
-0.058
-0.057
-0.057
-0.057
-0.053
-0.049
-0.033
-0.018
-0.003
0.014
0.032
0.041
0.056
0.068
0.077
0.086
0.095
0.096
0.097
0.095
0.091
0.086
0.082
0.076
0.062
0.045
0.027
0.01
-0.006
-0.015
-0.025
-0.036
-0.046
-0.055
-0.059
-0.059
-0.057
-0.055
-0.055
-0.054
-0.053
-0.053
-0.053
-0.051
-0.05
-0.05
-0.049
-0.048
-0.047
-0.048
-0.049
-0.048
-0.046
-0.046
-0.044
-0.043
-0.044
-0.044
-0.042
-0.041
-0.041
-0.04
-0.039
-0.039
-0.038
-0.033
-0.021
-0.011
-0
0.012
0.024
0.027
0.025
0.024
0.018
0.01
0.003
-0.001
-0.012
-0.02
-0.029
-0.035
-0.038
-0.035
-0.034
-0.033
-0.033
-0.034
-0.034
-0.032
-0.013
-0.004
0.014
0.045
0.088
0.123
0.19
0.258
0.3
0.318
0.313
0.272
0.177
0.092
0.021
-0.032
-0.069
-0.063
-0.056
-0.05
-0.051
-0.052
-0.052
-0.051
-0.049
-0.048
-0.029
-0.011
0.014
0.036
0.061
0.069
0.08
0.083
0.09
0.095
