-0.047
-0.048
-0.048
-0.047
-0.046
-0.047
-0.044
-0.037
-0.029
-0.023
-0.001
0.015
0.03
0.046
0.065
0.07
0.082
0.09
0.096
0.102
0.106
0.105
0.101
0.097
0.09
0.085
0.079
0.074
0.054
0.037
0.017
-0.001
-0.017
-0.023
-0.033
-0.042
-0.05
-0.054
-0.055
-0.054
-0.053
-0.053
-0.054
-0.053
-0.05
-0.049
-0.048
-0.046
-0.046
-0.047
-0.047
-0.047
-0.048
-0.049
-0.048
-0.048
-0.048
-0.046
-0.048
-0.047
-0.046
-0.045
-0.046
-0.045
-0.047
-0.047
-0.044
-0.038
-0.034
-0.026
-0.014
-0.002
0.009
0.019
0.026
0.025
0.015
0.005
-0.005
-0.017
-0.03
-0.035
-0.041
-0.045
-0.045
-0.044
-0.043
-0.042
-0.043
-0.043
-0.043
-0.042
-0.042
-0.046
-0.007
0.046
0.111
0.187
0.277
0.333
0.305
0.276
0.225
0.151
0.048
0.009
-0.033
-0.061
-0.074
-0.072
-0.06
-0.06
-0.061
-0.062
-0.061
-0.058
-0.057
-0.057
-0.053
-0.046
-0.036
-0.024
-0.01
-0.001
0.015
0.03
0.048
0.066
0.084
0.091
0.092
0.09
0.078
0.067
0.056
0.045
0.03
0.021
0.001
-0.017
-0.033
-0.045
-0.057
-0.06
-0.064
-0.066
-0.065
-0.064
-0.062
-0.061
-0.06
-0.061
-0.061
-0.059
-0.059
-0.059
-0.058
-0.057
-0.059
-0.059
-0.057
-0.058
-0.057
-0.055
-0.054
-0.055
-0.056
-0.056
-0.056
-0.054
-0.053
-0.053
-0.052
-0.049
-0.043
-0.034
-0.024
-0.015
-0.006
0.002
0.01
0.017
0.02
0.017
0.004
-0.01
-0.024
-0.035
-0.044
-0.046
-0.047
-0.047
-0.048
-0.047
-0.045
-0.045
-0.046
-0.047
-0.048
-0.051
-0.053
-0.047
0.017
0.093
0.185
0.288
0.383
0.405
0.35
0.269
0.165
0.051
-0.05
-0.083
-0.096
-0.095
-0.083
-0.071
-0.061
-0.061
-0.061
-0.062
-0.061
-0.059
-0.056
-0.055
-0.045
-0.034
-0.021
-0.005
0.013
0.021
0.037
0.051
0.065
0.079
0.093
0.095
0.095
0.094
0.093
0.093
0.092
0.088
0.076
0.06
0.044
0.029
0.014
0.005
-0.011
-0.027
-0.04
-0.051
-0.058
-0.058
-0.057
-0.058
-0.058
-0.057
-0.055
-0.054
-0.054
-0.055
-0.055
-0.054
-0.052
-0.051
-0.049
-0.049
-0.049
-0.048
-0.045
-0.045
-0.044
-0.046
-0.046
-0.045
-0.042
-0.041
-0.04
-0.04
-0.041
-0.041
-0.038
-0.037
-0.031
-0.025
-0.018
-0.008
0.004
0.01
0.019
0.022
0.025
0.025
0.024
0.018
0.006
-0.007
-0.019
-0.028
-0.033
-0.033
-0.033
-0.035
-0.035
-0.033
-0.03
-0.029
-0.028
-0.033
-0.039
-0.036
-0.02
0.007
0.096
0.194
0.292
0.37
0.423
0.401
0.305
0.187
0.076
-0.015
-0.086
-0.089
-0.077
-0.064
-0.057
-0.051
-0.047
-0.047
-0.046
-0.046
-0.047
-0.047
-0.044
-0.04
-0.026
-0.013
0.016
0.042
0.069
0.089
0.107
0.106
0.105
0.101
0.097
0.094
0.092
0.088
0.072
0.055
0.037
0.019
0.003
-0.003
-0.016
-0.029
-0.041
-0.05
-0.056
-0.055
-0.054
-0.054
-0.055
-0.055
-0.053
-0.052
-0.05
-0.05
-0.051
-0.052
-0.051
-0.051
-0.05
-0.051
-0.053
-0.054
-0.054
-0.053
-0.051
-0.049
-0.049
-0.049
-0.048
-0.048
-0.046
-0.045
-0.034
-0.026
-0.017
-0.005
0.008
0.011
0.01
0.009
0.005
-0.002
-0.008
-0.011
-0.022
-0.03
-0.037
-0.043
-0.049
-0.048
-0.049
-0.049
-0.047
-0.045
-0.045
-0.045
-0.033
-0.008
0.029
0.078
0.138
0.196
0.248
0.277
0.283
0.264
0.218
0.15
0.073
0.013
-0.03
-0.059
-0.075
-0.069
-0.066
-0.067
-0.065
-0.063
-0.063
-0.066
-0.066
-0.064
-0.059
-0.05
-0.04
-0.031
-0.015
0.002
0.019
0.037
0.053
0.061
0.067
0.072
0.077
0.081
0.082
0.082
0.076
0.07
0.064
0.056
0.046
0.037
0.018
-0.001
-0.017
-0.032
-0.048
-0.056
-0.063
-0.068
-0.07
-0.069
-0.067
-0.066
-0.066
-0.066
-0.065
-0.063
-0.061
-0.061
-0.061
-0.062
-0.062
-0.061
-0.059
-0.061
-0.059
-0.059
-0.058
-0.056
-0.054
-0.056
-0.057
-0.058
-0.058
-0.056
-0.054
-0.052
