-0.017
-0.011
-0.003
0.006
0.015
0.024
0.029
0.03
0.028
0.022
0.01
-0.001
-0.012
-0.023
-0.033
-0.035
-0.034
-0.033
-0.033
-0.034
-0.035
-0.035
-0.034
-0.033
-0.035
-0.04
-0.034
-0.017
0.06
0.151
0.252
0.344
0.414
0.412
0.335
0.234
0.119
0.013
-0.077
-0.095
-0.093
-0.078
-0.064
-0.056
-0.051
-0.051
-0.052
-0.051
-0.051
-0.052
-0.051
-0.049
-0.038
-0.023
-0.008
0.005
0.021
0.029
0.045
0.06
0.073
0.083
0.091
0.092
0.093
0.095
0.094
0.09
0.085
0.08
0.065
0.05
0.034
0.015
-0.003
-0.012
-0.026
-0.037
-0.048
-0.058
-0.067
-0.067
-0.067
-0.065
-0.064
-0.063
-0.063
-0.062
-0.061
-0.06
-0.059
-0.059
-0.061
-0.06
-0.06
-0.059
-0.059
-0.06
-0.061
-0.061
-0.06
-0.058
-0.057
-0.057
-0.058
-0.058
-0.058
-0.056
-0.055
-0.055
-0.055
-0.054
-0.047
-0.038
-0.027
-0.016
-0.006
0
0.004
0.007
0.008
0.005
-0.009
-0.024
-0.038
-0.049
-0.057
-0.056
-0.054
-0.051
-0.05
-0.052
-0.054
-0.053
-0.05
-0.053
-0.047
-0.03
-0.002
0.034
0.13
0.228
0.304
0.353
0.376
0.335
0.22
0.115
0.027
-0.044
-0.101
-0.091
-0.079
-0.07
-0.063
-0.062
-0.062
-0.062
-0.062
-0.061
-0.059
-0.056
-0.053
-0.047
-0.03
-0.014
0.002
0.018
0.033
0.039
0.052
0.064
0.075
0.083
0.089
0.09
0.087
0.086
0.084
0.078
0.07
0.065
0.045
0.029
0.013
-0.004
-0.021
-0.026
-0.037
-0.046
-0.053
-0.059
-0.064
-0.064
-0.064
-0.062
-0.062
-0.06
-0.058
-0.057
-0.055
-0.054
-0.055
-0.056
-0.054
-0.054
-0.053
-0.052
-0.051
-0.052
-0.05
-0.048
-0.046
-0.045
-0.045
-0.046
-0.045
-0.043
-0.042
-0.041
-0.041
-0.041
-0.037
-0.031
-0.018
-0.004
0.008
0.017
0.026
0.027
0.023
0.016
0.006
-0.006
-0.018
-0.024
-0.029
-0.032
-0.036
-0.038
-0.037
-0.037
-0.035
-0.033
-0.033
-0.034
-0.032
-0.033
-0.005
0.034
