-0.051
-0.052
-0.05
-0.05
-0.049
-0.05
-0.049
-0.05
-0.049
-0.047
-0.046
-0.048
-0.046
-0.047
-0.047
-0.045
-0.043
-0.044
-0.044
-0.044
-0.045
-0.046
-0.044
-0.04
-0.036
-0.03
-0.021
-0.011
-0.001
0.009
0.017
0.019
0.019
0.016
0.006
-0.003
-0.01
-0.019
-0.031
-0.034
-0.038
-0.043
-0.045
-0.046
-0.046
-0.047
-0.046
-0.045
-0.046
-0.05
-0.055
-0.051
0.009
0.083
0.17
0.27
0.367
0.398
0.352
0.282
0.187
0.071
-0.041
-0.078
-0.094
-0.095
-0.083
-0.069
-0.06
-0.06
-0.059
-0.058
-0.057
-0.056
-0.056
-0.056
-0.047
-0.036
-0.023
-0.01
0.005
0.013
0.029
0.045
0.06
0.072
0.082
0.085
0.085
0.087
0.087
0.085
0.082
0.08
0.068
0.056
0.043
0.027
0.009
-0
-0.017
-0.031
-0.044
-0.056
-0.067
-0.068
-0.068
-0.067
-0.065
-0.064
-0.065
-0.064
-0.064
-0.063
-0.061
-0.059
-0.058
-0.057
-0.058
-0.057
-0.057
-0.057
-0.058
-0.057
-0.057
-0.056
-0.055
-0.054
-0.054
-0.054
-0.054
-0.053
-0.052
-0.051
-0.051
-0.05
-0.046
-0.039
-0.03
-0.021
-0.011
-0.003
0.003
0.009
0.013
0.014
0.01
0.004
-0.009
-0.02
-0.029
-0.037
-0.046
-0.046
-0.046
-0.045
-0.045
-0.044
-0.045
-0.045
-0.05
-0.052
-0.055
-0.051
-0.038
-0.008
0.079
0.18
0.281
0.36
0.413
0.395
0.297
0.182
0.074
-0.018
-0.095
-0.099
-0.089
-0.075
-0.064
-0.058
-0.056
-0.056
-0.056
-0.056
-0.054
-0.052
-0.05
-0.045
-0.034
-0.02
0.009
0.038
0.066
0.084
0.099
0.1
0.099
0.097
0.096
0.093
0.089
0.083
0.068
0.053
0.038
0.022
0.005
-0.004
-0.019
-0.031
-0.041
-0.05
-0.057
-0.056
-0.055
-0.054
-0.051
-0.05
-0.049
-0.049
-0.05
-0.05
-0.051
-0.05
-0.05
-0.049
-0.05
-0.048
-0.047
-0.045
-0.045
-0.046
-0.046
-0.047
-0.045
-0.044
-0.043
-0.042
-0.043
-0.043
-0.042
-0.04
-0.039
-0.038
-0.031
-0.021
-0.008
0.005
