0.003
-0.012
-0.029
-0.044
-0.057
-0.068
-0.076
-0.08
-0.081
-0.082
-0.083
-0.083
-0.083
-0.082
-0.08
-0.078
-0.077
-0.075
-0.073
-0.072
-0.072
-0.071
-0.071
-0.071
-0.074
-0.082
-0.088
-0.076
-0.041
0.023
0.118
0.23
0.341
0.45
0.564
0.678
0.768
0.809
0.803
0.745
0.636
0.503
0.373
0.243
0.107
-0.026
-0.124
-0.186
-0.214
-0.208
-0.18
-0.156
-0.139
-0.13
-0.128
-0.125
-0.129
-0.128
-0.127
-0.126
-0.125
-0.118
-0.117
-0.115
-0.114
-0.114
-0.112
-0.11
-0.105
-0.096
-0.083
-0.068
-0.051
-0.034
-0.015
0.004
0.021
0.039
0.058
0.077
0.097
0.117
0.136
0.15
0.162
0.171
0.176
0.179
0.18
0.183
0.185
0.185
0.183
0.18
0.175
0.167
0.161
0.154
0.148
0.137
0.123
0.108
0.09
0.069
0.05
0.029
0.009
-0.008
-0.023
-0.041
-0.059
-0.077
-0.093
-0.108
-0.119
-0.126
-0.129
-0.13
-0.129
-0.127
-0.125
-0.124
-0.123
-0.122
-0.121
-0.12
-0.12
-0.118
-0.116
-0.114
-0.113
-0.113
-0.112
-0.112
-0.111
-0.11
-0.108
-0.107
-0.105
-0.103
-0.102
-0.101
-0.1
-0.099
-0.099
-0.099
-0.097
-0.095
-0.094
-0.091
-0.087
-0.086
-0.085
-0.084
-0.082
-0.085
-0.084
-0.084
-0.084
-0.083
-0.081
-0.079
-0.078
-0.077
-0.076
-0.076
-0.075
-0.075
-0.075
-0.074
-0.07
-0.062
-0.051
-0.036
-0.019
-0
0.017
0.031
0.043
0.052
0.06
0.064
0.064
0.063
0.06
0.052
0.042
0.032
0.019
0.003
-0.015
-0.031
-0.045
-0.055
-0.061
-0.064
-0.065
-0.064
-0.064
-0.064
-0.065
-0.065
-0.065
-0.065
-0.065
-0.064
-0.063
-0.062
-0.062
-0.062
-0.06
-0.06
-0.062
-0.07
-0.075
-0.06
-0.022
0.038
0.128
0.24
0.36
0.476
0.585
0.689
0.775
0.818
0.809
0.754
0.652
0.519
0.377
0.239
0.108
-0.013
-0.108
-0.173
-0.202
-0.197
-0.172
-0.149
-0.132
-0.123
-0.12
-0.118
-0.108
-0.107
-0.105
-0.103
-0.102
-0.11
