-0.059
-0.06
-0.058
-0.057
-0.056
-0.056
-0.057
-0.057
-0.056
-0.054
-0.053
-0.053
-0.054
-0.054
-0.052
-0.05
-0.039
-0.03
-0.022
-0.01
0.004
0.008
0.011
0.013
0.011
0.007
0.002
-0.001
-0.013
-0.023
-0.034
-0.042
-0.048
-0.045
-0.045
-0.045
-0.046
-0.046
-0.045
-0.043
-0.037
-0.039
-0.034
-0.016
0.015
0.052
0.156
0.249
0.318
0.363
0.385
0.333
0.219
0.117
0.03
-0.041
-0.092
-0.079
-0.065
-0.057
-0.054
-0.053
-0.052
-0.052
-0.05
-0.048
-0.047
-0.045
-0.031
-0.015
0.002
0.023
0.045
0.055
0.07
0.082
0.09
0.096
0.102
0.102
0.102
0.101
0.095
0.089
0.083
0.075
0.06
0.044
0.025
0.006
-0.011
-0.02
-0.029
-0.037
-0.046
-0.053
-0.056
-0.054
-0.051
-0.049
-0.049
-0.05
-0.049
-0.05
-0.048
-0.046
-0.046
-0.047
-0.046
-0.046
-0.044
-0.043
-0.043
-0.043
-0.043
-0.042
-0.04
-0.039
-0.04
-0.042
-0.041
-0.041
-0.039
-0.038
-0.039
-0.042
-0.043
-0.042
-0.03
-0.017
-0.003
0.005
0.01
0.004
-0.003
-0.013
-0.02
-0.026
-0.032
-0.037
-0.04
-0.04
-0.039
-0.038
-0.037
-0.038
-0.038
-0.037
-0.03
-0.012
0.015
0.053
0.106
0.164
0.238
0.287
0.307
0.302
0.273
0.204
0.118
0.05
-0.005
-0.047
-0.073
-0.064
-0.061
-0.059
-0.057
-0.056
-0.057
-0.057
-0.055
-0.054
-0.053
-0.05
-0.042
-0.033
-0.015
0.003
0.02
0.035
0.051
0.059
0.069
0.077
0.082
0.085
0.087
0.086
0.083
0.08
0.073
0.063
0.052
0.043
0.027
0.011
-0.006
-0.025
-0.042
-0.051
-0.057
-0.061
-0.065
-0.069
-0.07
-0.071
-0.07
-0.067
-0.066
-0.067
-0.067
-0.066
-0.067
-0.064
-0.063
-0.064
-0.065
-0.064
-0.065
-0.063
-0.062
-0.062
-0.062
-0.06
-0.062
-0.06
-0.059
-0.06
-0.06
-0.058
-0.058
-0.056
-0.054
-0.053
-0.049
-0.042
-0.03
-0.016
-0.004
0.006
0.014
0.016
0.005
-0.006
-0.017
-0.03
-0.044
-0.047
