-0.114
-0.113
-0.112
-0.111
-0.106
-0.099
-0.087
-0.071
-0.052
-0.033
-0.016
0.002
0.02
0.039
0.057
0.075
0.11
0.13
0.147
0.161
0.173
0.164
0.171
0.175
0.178
0.18
0.181
0.181
0.179
0.175
0.171
0.166
0.16
0.154
0.147
0.137
0.124
0.108
0.089
0.069
0.049
0.029
0.009
-0.011
-0.028
-0.044
-0.061
-0.078
-0.096
-0.111
-0.121
-0.129
-0.133
-0.134
-0.132
-0.132
-0.13
-0.129
-0.128
-0.127
-0.126
-0.125
-0.123
-0.121
-0.118
-0.116
-0.114
-0.113
-0.113
-0.112
-0.112
-0.11
-0.109
-0.107
-0.106
-0.105
-0.103
-0.102
-0.101
-0.1
-0.098
-0.096
-0.094
-0.092
-0.091
-0.09
-0.089
-0.088
-0.087
-0.086
-0.085
-0.084
-0.084
-0.084
-0.084
-0.082
-0.081
-0.081
-0.08
-0.079
-0.078
-0.077
-0.076
-0.075
-0.074
-0.073
-0.069
-0.061
-0.05
-0.036
-0.016
0.002
0.019
0.036
0.048
0.054
0.06
0.064
0.064
0.062
0.058
0.052
0.04
0.026
0.012
-0.003
-0.021
-0.036
-0.049
-0.059
-0.065
-0.068
-0.069
-0.069
-0.07
-0.07
-0.07
-0.069
-0.068
-0.068
-0.066
-0.065
-0.064
-0.063
-0.062
-0.061
-0.06
-0.06
-0.062
-0.07
-0.075
-0.059
-0.018
0.049
0.141
0.25
0.362
0.477
0.593
0.701
0.783
0.82
0.809
0.747
0.64
0.512
0.381
0.244
0.104
-0.02
-0.112
-0.171
-0.198
-0.191
-0.171
-0.148
-0.133
-0.124
-0.122
-0.114
-0.114
-0.113
-0.112
-0.11
-0.109
-0.107
-0.106
-0.104
-0.103
-0.102
-0.102
-0.101
-0.096
-0.088
-0.076
-0.061
-0.042
-0.023
-0.003
0.014
0.031
0.048
0.067
0.087
0.104
0.123
0.14
0.156
0.168
0.178
0.182
0.185
0.187
0.188
0.189
0.188
0.187
0.183
0.179
0.174
0.168
0.161
0.152
0.14
0.126
0.111
0.093
0.073
0.051
0.031
0.012
-0.005
-0.023
-0.041
-0.058
-0.075
-0.093
-0.109
-0.12
-0.127
-0.131
-0.13
-0.128
-0.128
-0.127
-0.126
-0.125
-0.123
-0.121
-0.12
