0.171
0.169
0.167
0.164
0.159
0.159
0.154
0.148
0.14
0.129
0.117
0.101
0.081
0.059
0.038
0.018
-0.002
-0.02
-0.037
-0.053
-0.069
-0.085
-0.095
-0.11
-0.126
-0.132
-0.134
-0.14
-0.139
-0.133
-0.132
-0.13
-0.129
-0.127
-0.13
-0.129
-0.128
-0.126
-0.125
-0.118
-0.116
-0.115
-0.114
-0.113
-0.112
-0.111
-0.11
-0.109
-0.107
-0.106
-0.105
-0.105
-0.103
-0.102
-0.102
-0.102
-0.101
-0.1
-0.099
-0.097
-0.104
-0.104
-0.103
-0.1
-0.098
-0.089
-0.088
-0.087
-0.086
-0.086
-0.084
-0.083
-0.081
-0.08
-0.079
-0.077
-0.076
-0.074
-0.072
-0.07
-0.066
-0.058
-0.046
-0.032
-0.016
-0
0.015
0.03
0.042
0.053
0.06
0.063
0.063
0.061
0.045
0.038
0.027
0.014
-0
-0.004
-0.02
-0.033
-0.046
-0.056
-0.062
-0.065
-0.066
-0.066
-0.065
-0.065
-0.065
-0.064
-0.064
-0.065
-0.066
-0.066
-0.065
-0.065
-0.064
-0.063
-0.062
-0.061
-0.064
-0.074
-0.034
-0.014
0.029
0.101
0.205
0.277
0.387
0.495
0.606
0.718
0.796
0.822
0.801
0.728
0.606
0.469
0.338
0.209
0.076
-0.047
-0.135
-0.186
-0.203
-0.188
-0.159
-0.137
-0.122
-0.116
-0.115
-0.115
-0.114
-0.113
-0.113
-0.112
-0.11
-0.11
-0.109
-0.108
-0.106
-0.104
-0.103
-0.1
-0.094
-0.085
-0.072
-0.054
-0.035
-0.017
0.001
0.019
0.037
0.054
0.073
0.091
0.111
0.13
0.146
0.158
0.167
0.173
0.178
0.18
0.183
0.186
0.187
0.185
0.182
0.18
0.175
0.17
0.165
0.158
0.15
0.138
0.124
0.108
0.089
0.068
0.047
0.026
0.005
-0.013
-0.029
-0.046
-0.065
-0.082
-0.098
-0.111
-0.122
-0.128
-0.13
-0.129
-0.128
-0.127
-0.119
-0.118
-0.117
-0.115
-0.115
-0.12
-0.12
-0.119
-0.121
-0.12
-0.119
-0.117
-0.116
-0.113
-0.112
-0.111
-0.11
-0.11
-0.109
-0.107
-0.107
-0.106
-0.105
-0.104
-0.103
-0.103
-0.102
-0.101
-0.1
-0.099
-0.098
-0.096
