-0.064
-0.061
-0.06
-0.062
-0.061
-0.061
-0.058
-0.056
-0.056
-0.058
-0.059
-0.058
-0.057
-0.055
-0.056
-0.057
-0.058
-0.057
-0.055
-0.052
-0.044
-0.041
-0.036
-0.029
-0.015
-0.006
0.004
0.011
0.016
0.015
0.008
0
-0.011
-0.025
-0.037
-0.043
-0.046
-0.046
-0.046
-0.048
-0.048
-0.049
-0.048
-0.046
-0.046
-0.048
-0.049
-0.054
-0.01
0.045
0.111
0.188
0.281
0.338
0.334
0.306
0.25
0.166
0.059
-0.007
-0.044
-0.067
-0.078
-0.076
-0.064
-0.064
-0.062
-0.06
-0.058
-0.058
-0.059
-0.058
-0.051
-0.041
-0.032
-0.021
-0.008
0
0.018
0.036
0.053
0.066
0.079
0.084
0.09
0.094
0.096
0.094
0.093
0.089
0.082
0.075
0.064
0.049
0.033
0.022
0.006
-0.009
-0.024
-0.04
-0.055
-0.062
-0.065
-0.063
-0.059
-0.058
-0.056
-0.057
-0.058
-0.057
-0.055
-0.054
-0.051
-0.049
-0.05
-0.052
-0.051
-0.051
-0.049
-0.047
-0.045
-0.045
-0.046
-0.046
-0.045
-0.043
-0.041
-0.043
-0.045
-0.046
-0.041
-0.036
-0.028
-0.02
-0.011
-0.005
0.004
0.015
0.023
0.027
0.028
0.027
0.012
0.001
-0.011
-0.024
-0.036
-0.036
-0.039
-0.038
-0.038
-0.039
-0.04
-0.038
-0.04
-0.037
-0.036
-0.041
-0.046
-0.037
0.048
0.126
0.218
0.319
0.412
0.413
0.332
0.256
0.144
0.026
-0.081
-0.085
-0.098
-0.084
-0.068
-0.056
-0.05
-0.049
-0.05
-0.051
-0.05
-0.048
-0.044
-0.04
-0.025
-0.011
0.003
0.018
0.036
0.046
0.063
0.076
0.086
0.094
0.103
0.105
0.105
0.101
0.096
0.092
0.088
0.083
0.071
0.055
0.036
0.018
0.002
-0.007
-0.02
-0.032
-0.043
-0.052
-0.058
-0.057
-0.055
-0.055
-0.057
-0.058
-0.057
-0.056
-0.054
-0.053
-0.055
-0.056
-0.055
-0.055
-0.053
-0.053
-0.054
-0.055
-0.054
-0.054
-0.051
-0.049
-0.05
-0.051
-0.05
-0.05
-0.048
-0.048
-0.05
-0.051
-0.049
-0.048
-0.038
-0.027
-0.018
-0.007
0.007
0.012
0.016
0.016
0.012
0.005
-0.002
-0.009
-0.018
-0.027
-0.036
-0.044
-0.047
-0.046
-0.044
-0.042
-0.043
-0.044
-0.044
-0.044
-0.046
-0.041
-0.026
0.001
0.041
0.096
0.193
0.266
0.313
0.335
0.334
0.269
0.166
0.078
0.005
-0.053
-0.093
-0.08
-0.069
-0.063
-0.062
-0.063
-0.063
-0.063
-0.062
-0.061
-0.061
-0.058
-0.053
-0.045
-0.026
-0.009
0.006
0.022
0.04
0.047
0.058
0.069
0.075
0.079
0.084
0.086
0.08
0.079
0.072
0.065
0.058
0.055
0.04
0.024
0.005
-0.014
-0.031
-0.041
-0.05
-0.057
-0.064
-0.069
-0.071
-0.07
-0.068
-0.066
-0.066
-0.068
-0.067
-0.066
-0.063
-0.061
-0.062
-0.064
-0.065
-0.065
-0.063
-0.06
-0.059
-0.06
-0.06
-0.059
-0.059
-0.057
-0.056
-0.057
-0.057
-0.055
-0.052
-0.05
-0.049
-0.05
-0.049
-0.046
-0.032
-0.018
-0.006
0.004
0.014
0.016
0.015
0.012
0.005
-0.007
-0.019
-0.028
-0.034
-0.038
-0.043
-0.046
-0.047
-0.046
-0.045
-0.042
-0.042
-0.044
-0.043
-0.043
-0.026
0.003
0.042
0.089
0.168
0.217
0.241
0.242
0.219
0.152
0.08
0.027
-0.014
-0.044
-0.06
-0.055
-0.052
-0.05
-0.049
-0.05
-0.05
-0.049
-0.047
-0.042
-0.037
-0.031
-0.024
-0.014
0.005
0.024
0.041
0.056
0.073
0.08
0.089
0.097
0.101
0.102
0.102
0.1
0.096
0.092
0.084
0.073
0.061
0.05
0.035
0.019
0.004
-0.015
-0.031
-0.039
-0.044
-0.046
-0.046
-0.049
-0.05
-0.049
-0.049
-0.048
-0.047
-0.049
-0.049
-0.048
-0.049
-0.048
-0.046
-0.043
-0.043
-0.041
-0.038
-0.037
-0.039
-0.042
-0.041
-0.041
-0.039
-0.036
-0.033
-0.034
-0.034
-0.034
-0.033
-0.031
-0.028
-0.027
-0.023
-0.017
-0.004
0.01
0.022
0.031
0.037
0.037
0.025
0.012
0
-0.011
-0.024
-0.026
-0.026
-0.025
-0.028
-0.031
-0.032
-0.03
-0.032
-0.03
-0.028
-0.029
-0.032
-0.033
0.024
0.075
0.135
0.207
0.293
0.328
