-0.02
-0.021
-0.029
-0.032
-0.036
-0.039
-0.04
-0.039
-0.04
-0.039
-0.039
-0.04
-0.041
-0.038
0.002
0.034
0.075
0.127
0.193
0.228
0.244
0.237
0.206
0.149
0.065
0.003
-0.035
-0.06
-0.072
-0.07
-0.056
-0.054
-0.054
-0.052
-0.052
-0.052
-0.053
-0.05
-0.046
-0.04
-0.034
-0.028
-0.019
-0.012
0.006
0.024
0.04
0.055
0.071
0.075
0.083
0.09
0.085
0.08
0.069
0.057
0.044
0.039
0.017
0.004
-0.013
-0.031
-0.048
-0.049
-0.056
-0.061
-0.062
-0.062
-0.061
-0.059
-0.058
-0.059
-0.06
-0.061
-0.059
-0.058
-0.056
-0.056
-0.057
-0.056
-0.055
-0.055
-0.054
-0.056
-0.057
-0.056
-0.054
-0.052
-0.051
-0.051
-0.052
-0.052
-0.052
-0.051
-0.048
-0.045
-0.04
-0.033
-0.023
-0.014
-0.003
0.005
0.011
0.016
0.018
0.015
0.003
-0.011
-0.024
-0.034
-0.043
-0.044
-0.045
-0.046
-0.049
-0.05
-0.049
-0.048
-0.046
-0.046
-0.048
-0.052
-0.053
-0.044
0.022
0.101
0.195
0.298
0.391
0.41
0.353
0.268
0.159
0.042
-0.059
-0.09
-0.1
-0.097
-0.085
-0.072
-0.063
-0.061
-0.06
-0.06
-0.061
-0.061
-0.058
-0.056
-0.041
-0.029
-0.017
-0.002
0.015
0.02
0.038
0.052
0.064
0.076
0.088
0.089
0.091
0.091
0.09
0.089
0.088
0.085
0.07
0.056
0.039
0.024
0.009
0.004
-0.012
-0.028
-0.043
-0.055
-0.063
-0.061
-0.059
-0.058
-0.059
-0.059
-0.058
-0.056
-0.054
-0.054
-0.055
-0.054
-0.053
-0.052
-0.05
-0.049
-0.051
-0.051
-0.049
-0.047
-0.045
-0.043
-0.043
-0.044
-0.043
-0.043
-0.043
-0.043
-0.043
-0.043
-0.037
-0.031
-0.022
-0.011
0.002
0.009
0.018
0.024
0.026
0.025
0.024
0.018
0.007
-0.004
-0.017
-0.027
-0.034
-0.035
-0.034
-0.033
-0.034
-0.035
-0.033
-0.034
-0.033
-0.037
-0.042
-0.037
-0.019
0.01
0.102
0.205
0.3
0.374
0.423
0.397
0.297
0.18
0.072
-0.019
-0.089
-0.089
-0.076
-0.063
