-0.083
-0.1
-0.115
-0.125
-0.131
-0.134
-0.134
-0.133
-0.133
-0.132
-0.131
-0.129
-0.127
-0.125
-0.123
-0.122
-0.12
-0.119
-0.118
-0.118
-0.118
-0.117
-0.116
-0.115
-0.112
-0.111
-0.11
-0.108
-0.108
-0.108
-0.107
-0.107
-0.106
-0.105
-0.103
-0.103
-0.102
-0.102
-0.097
-0.096
-0.096
-0.094
-0.092
-0.095
-0.093
-0.093
-0.094
-0.094
-0.095
-0.093
-0.092
-0.09
-0.09
-0.088
-0.088
-0.087
-0.085
-0.084
-0.082
-0.078
-0.07
-0.059
-0.045
-0.027
-0.008
0.008
0.022
0.035
0.046
0.053
0.056
0.056
0.055
0.051
0.043
0.033
0.022
0.007
-0.01
-0.028
-0.043
-0.056
-0.066
-0.074
-0.078
-0.08
-0.081
-0.081
-0.08
-0.08
-0.079
-0.078
-0.078
-0.078
-0.077
-0.077
-0.077
-0.076
-0.075
-0.074
-0.073
-0.075
-0.083
-0.088
-0.072
-0.033
0.031
0.125
0.243
0.362
0.51
0.617
0.724
0.812
0.85
0.799
0.738
0.629
0.488
0.347
0.216
0.087
-0.036
-0.134
-0.195
-0.219
-0.211
-0.184
-0.16
-0.143
-0.136
-0.134
-0.133
-0.132
-0.131
-0.129
-0.127
-0.125
-0.124
-0.122
-0.129
-0.128
-0.126
-0.124
-0.122
-0.108
-0.1
-0.087
-0.07
-0.051
-0.032
-0.016
0.001
0.018
0.036
0.055
0.074
0.093
0.114
0.132
0.146
0.156
0.164
0.17
0.173
0.175
0.177
0.177
0.176
0.174
0.172
0.167
0.162
0.157
0.151
0.142
0.132
0.118
0.096
0.076
0.055
0.035
0.016
0.001
-0.016
-0.032
-0.048
-0.065
-0.083
-0.101
-0.116
-0.128
-0.134
-0.137
-0.138
-0.137
-0.135
-0.134
-0.133
-0.131
-0.129
-0.128
-0.127
-0.127
-0.126
-0.125
-0.123
-0.12
-0.118
-0.116
-0.114
-0.113
-0.113
-0.112
-0.111
-0.111
-0.109
-0.108
-0.106
-0.105
-0.104
-0.102
-0.1
-0.098
-0.097
-0.096
-0.095
-0.094
-0.094
-0.093
-0.091
-0.09
-0.088
-0.087
-0.085
-0.085
-0.085
-0.084
-0.084
-0.083
-0.082
-0.081
-0.08
-0.079
-0.078
-0.078
-0.077
-0.072
-0.063
-0.05
