-0.047
-0.047
-0.046
-0.047
-0.049
-0.049
-0.049
-0.05
-0.049
-0.047
-0.047
-0.046
-0.044
-0.043
-0.042
-0.037
-0.029
-0.022
-0.008
0.003
0.011
0.02
0.027
0.026
0.017
0.005
-0.01
-0.024
-0.035
-0.039
-0.042
-0.042
-0.042
-0.043
-0.045
-0.045
-0.046
-0.049
-0.049
-0.048
-0.048
-0.054
-0.006
0.052
0.122
0.207
0.307
0.359
0.344
0.301
0.233
0.14
0.029
-0.029
-0.06
-0.079
-0.085
-0.076
-0.063
-0.063
-0.063
-0.063
-0.065
-0.065
-0.064
-0.062
-0.052
-0.043
-0.034
-0.021
-0.005
0
0.02
0.036
0.05
0.062
0.077
0.078
0.081
0.083
0.082
0.081
0.081
0.079
0.065
0.053
0.039
0.024
0.01
0.006
-0.014
-0.03
-0.047
-0.063
-0.074
-0.072
-0.073
-0.071
-0.07
-0.07
-0.069
-0.067
-0.067
-0.067
-0.068
-0.068
-0.067
-0.064
-0.063
-0.062
-0.061
-0.061
-0.059
-0.057
-0.056
-0.055
-0.055
-0.055
-0.055
-0.054
-0.055
-0.055
-0.057
-0.058
-0.057
-0.055
-0.048
-0.041
-0.035
-0.028
-0.018
-0.011
-0.003
0.005
0.011
0.012
0.009
0.002
-0.012
-0.024
-0.034
-0.042
-0.047
-0.046
-0.048
-0.048
-0.047
-0.045
-0.043
-0.041
-0.044
-0.05
-0.05
-0.038
-0.013
0.025
0.122
0.224
0.203
0.165
0.122
0.023
-0.086
-0.077
-0.064
-0.053
-0.046
-0.042
-0.04
-0.039
-0.04
-0.041
-0.041
-0.039
-0.035
-0.03
-0.017
-0.003
0.012
0.03
0.048
0.059
0.072
0.084
0.094
0.103
0.11
0.11
0.107
0.102
0.099
0.097
0.092
0.087
0.071
0.054
0.038
0.022
0.007
-0.001
-0.014
-0.026
-0.036
-0.043
-0.046
-0.046
-0.046
-0.047
-0.047
-0.046
-0.044
-0.044
-0.041
-0.041
-0.04
-0.038
-0.035
-0.037
-0.038
-0.039
-0.04
-0.039
-0.038
-0.037
-0.035
-0.035
-0.035
-0.034
-0.034
-0.035
-0.035
-0.034
-0.032
-0.032
-0.018
-0.007
0.005
0.02
0.034
0.034
0.033
0.03
0.025
0.02
0.013
0.006
-0.003
-0.013
-0.022
-0.026
