0.092
0.084
0.073
0.059
0.045
0.035
0.018
0.002
-0.016
-0.034
-0.049
-0.055
-0.058
-0.059
-0.06
-0.061
-0.061
-0.06
-0.059
-0.057
-0.057
-0.058
-0.058
-0.058
-0.057
-0.056
-0.056
-0.057
-0.058
-0.057
-0.056
-0.055
-0.054
-0.055
-0.054
-0.053
-0.052
-0.051
-0.05
-0.052
-0.052
-0.052
-0.049
-0.046
-0.043
-0.038
-0.032
-0.024
-0.012
0
0.008
0.014
0.018
0.017
0.003
-0.007
-0.019
-0.033
-0.045
-0.045
-0.047
-0.046
-0.047
-0.048
-0.048
-0.048
-0.047
-0.046
-0.046
-0.048
-0.054
-0.057
-0.004
0.061
0.137
0.228
0.331
0.377
0.349
0.297
0.218
0.111
-0.007
-0.056
-0.08
-0.088
-0.083
-0.069
-0.059
-0.061
-0.061
-0.061
-0.053
-0.042
-0.03
-0.018
-0.005
0.003
0.021
0.039
0.055
0.069
0.081
0.084
0.086
0.088
0.088
0.085
0.082
0.078
0.069
0.059
0.047
0.031
0.014
0.003
-0.013
-0.027
-0.041
-0.055
-0.067
-0.069
-0.069
-0.066
-0.065
-0.065
-0.065
-0.065
-0.063
-0.061
-0.06
-0.06
-0.06
-0.06
-0.059
-0.057
-0.056
-0.058
-0.058
-0.058
-0.057
-0.055
-0.053
-0.053
-0.053
-0.053
-0.053
-0.051
-0.044
-0.038
-0.032
-0.025
-0.015
-0.007
0.003
0.011
0.016
0.017
0.015
0.01
-0.002
-0.014
-0.025
-0.038
-0.047
-0.048
-0.048
-0.046
-0.044
-0.045
-0.046
-0.046
-0.044
-0.043
-0.045
-0.05
-0.045
-0.028
0.048
0.141
0.244
0.338
0.411
0.409
0.332
0.232
0.118
0.011
-0.078
-0.095
-0.094
-0.081
-0.067
-0.06
-0.058
-0.058
-0.057
-0.055
-0.053
-0.052
-0.052
-0.049
-0.038
-0.022
-0.007
0.008
0.023
0.032
0.046
0.061
0.075
0.086
0.094
0.095
0.096
0.097
0.096
0.093
0.089
0.084
0.067
0.048
0.03
0.012
-0.007
-0.016
-0.026
-0.034
-0.043
-0.051
-0.057
-0.056
-0.056
-0.054
-0.052
-0.052
-0.053
-0.051
-0.052
-0.051
-0.049
-0.049
-0.05
-0.049
-0.049
-0.046
-0.045
-0.045
-0.046
-0.045
