0.083
0.144
0.219
0.277
0.304
0.306
0.282
0.231
0.158
0.09
0.036
-0.006
-0.035
-0.051
-0.051
-0.048
-0.047
-0.046
-0.046
-0.047
-0.047
-0.047
-0.042
-0.035
-0.012
0.01
0.034
0.057
0.081
0.087
0.093
0.098
0.099
0.1
0.1
0.1
0.089
0.082
0.071
0.059
0.045
0.041
0.019
0.003
-0.015
-0.033
-0.048
-0.048
-0.053
-0.054
-0.055
-0.054
-0.054
-0.053
-0.053
-0.052
-0.053
-0.053
-0.052
-0.05
-0.048
-0.046
-0.046
-0.047
-0.047
-0.047
-0.045
-0.044
-0.044
-0.046
-0.046
-0.045
-0.044
-0.041
-0.04
-0.041
-0.041
-0.043
-0.043
-0.042
-0.04
-0.037
-0.03
-0.022
-0.007
0.006
0.009
0.005
-0.003
-0.019
-0.032
-0.037
-0.039
-0.04
-0.04
-0.041
-0.042
-0.042
-0.04
-0.039
-0.039
-0.042
-0.045
-0.05
0.001
0.063
0.134
0.219
0.32
0.369
0.349
0.305
0.233
0.133
0.017
-0.039
-0.066
-0.08
-0.082
-0.073
-0.06
-0.061
-0.058
-0.055
-0.054
-0.056
-0.056
-0.058
-0.05
-0.04
-0.029
-0.018
-0.005
0.003
0.021
0.039
0.054
0.068
0.081
0.085
0.088
0.09
0.09
0.087
0.084
0.082
0.074
0.064
0.05
0.033
0.016
0.006
-0.01
-0.024
-0.039
-0.054
-0.068
-0.07
-0.07
-0.067
-0.066
-0.068
-0.069
-0.069
-0.069
-0.067
-0.067
-0.068
-0.068
-0.067
-0.066
-0.062
-0.06
-0.06
-0.06
-0.06
-0.059
-0.056
-0.055
-0.057
-0.057
-0.056
-0.055
-0.053
-0.051
-0.052
-0.053
-0.052
-0.048
-0.041
-0.034
-0.027
-0.018
-0.009
0.001
0.011
0.018
0.02
0.019
0.015
0.004
-0.007
-0.018
-0.031
-0.042
-0.044
-0.045
-0.044
-0.044
-0.046
-0.048
-0.048
-0.046
-0.044
-0.044
-0.049
-0.048
-0.034
0.038
0.126
0.226
0.325
0.404
0.411
0.342
0.25
0.136
0.023
-0.074
-0.097
-0.102
-0.09
-0.075
-0.066
-0.061
-0.061
-0.062
-0.062
-0.046
-0.032
-0.015
0
0.019
0.028
0.044
0.057
0.072
0.084
0.092
0.094
0.092
0.093
0.092
0.088
0.083
0.082
0.064
0.051
0.037
0.02
0.001
-0.003
-0.019
-0.032
-0.042
-0.053
-0.063
-0.062
-0.062
-0.061
-0.059
-0.059
-0.06
-0.059
-0.059
-0.056
-0.054
-0.053
-0.053
-0.052
-0.052
-0.05
-0.049
-0.049
-0.049
-0.048
-0.049
-0.047
-0.045
-0.045
-0.046
-0.045
-0.044
-0.042
-0.039
-0.039
-0.04
-0.04
-0.034
-0.025
-0.012
-0.002
0.005
0.005
0.002
-0.006
-0.014
-0.023
-0.031
-0.037
-0.039
-0.038
-0.036
-0.036
-0.037
-0.038
-0.037
-0.036
-0.034
-0.021
0.002
0.037
0.085
0.143
0.228
0.285
0.317
0.324
0.262
0.156
0.068
-0.003
-0.061
-0.056
-0.048
-0.046
-0.048
-0.049
-0.048
-0.047
-0.045
-0.043
-0.042
-0.039
-0.032
-0.023
-0.006
0.011
0.026
0.042
0.06
0.07
0.082
0.09
0.095
0.099
0.102
0.103
0.102
0.098
0.091
0.082
0.074
0.066
0.05
0.033
0.015
-0.004
-0.021
-0.029
-0.036
-0.044
-0.051
-0.056
-0.057
-0.056
-0.054
-0.053
-0.055
-0.056
-0.056
-0.056
-0.054
-0.053
-0.054
-0.055
-0.054
-0.054
-0.052
-0.051
-0.052
-0.053
-0.051
-0.051
-0.052
-0.051
-0.053
-0.054
-0.053
-0.049
-0.05
-0.049
-0.051
-0.051
-0.049
-0.042
-0.028
-0.014
-0.003
0.007
0.016
0.017
0.009
0.004
-0.006
-0.018
-0.029
-0.031
-0.039
-0.043
-0.048
-0.051
-0.051
-0.049
-0.048
-0.046
-0.047
-0.047
-0.046
-0.046
-0.021
0.014
0.059
0.116
0.187
0.243
0.281
0.291
0.274
0.23
0.166
0.098
0.036
-0.009
-0.044
-0.066
-0.073
-0.069
-0.069
-0.067
-0.066
-0.067
-0.063
-0.057
-0.052
-0.042
-0.03
-0.021
-0.003
0.015
0.03
0.045
0.061
0.068
0.078
0.086
0.09
0.09
0.091
0.088
0.083
0.075
0.065
0.051
0.038
0.027
0.011
-0.005
-0.022
-0.041
-0.056
-0.063
-0.066
-0.067
-0.068
-0.069
-0.069
-0.068
-0.066
-0.064
-0.065
-0.068
-0.069
-0.069
-0.067
-0.064
-0.062
-0.062
-0.062
-0.062
