-0.049
-0.05
-0.049
-0.049
-0.048
-0.046
-0.046
-0.046
-0.046
-0.046
-0.045
-0.043
-0.044
-0.045
-0.043
-0.038
-0.024
-0.009
0.004
0.012
0.02
0.02
0.015
0.009
-0.001
-0.013
-0.027
-0.034
-0.04
-0.043
-0.045
-0.047
-0.048
-0.047
-0.047
-0.046
-0.046
-0.048
-0.048
-0.048
-0.019
0.022
0.073
0.133
0.208
0.266
0.292
0.293
0.269
0.216
0.139
0.07
0.015
-0.024
-0.051
-0.065
-0.066
-0.064
-0.063
-0.061
-0.06
-0.062
-0.062
-0.062
-0.058
-0.051
-0.042
-0.035
-0.025
-0.015
0.002
0.02
0.037
0.053
0.067
0.075
0.082
0.087
0.089
0.088
0.086
0.083
0.078
0.071
0.063
0.05
0.036
0.025
0.009
-0.006
-0.022
-0.04
-0.056
-0.063
-0.068
-0.069
-0.068
-0.068
-0.068
-0.067
-0.066
-0.064
-0.062
-0.063
-0.063
-0.062
-0.061
-0.059
-0.057
-0.058
-0.059
-0.058
-0.057
-0.054
-0.052
-0.052
-0.052
-0.052
-0.051
-0.049
-0.048
-0.048
-0.049
-0.049
-0.048
-0.044
-0.039
-0.034
-0.029
-0.022
-0.009
0.002
0.012
0.018
0.022
0.02
0.01
0
-0.011
-0.024
-0.036
-0.04
-0.042
-0.042
-0.04
-0.041
-0.042
-0.042
-0.041
-0.04
-0.039
-0.041
-0.045
-0.049
0.001
0.063
0.138
0.225
0.325
0.375
0.325
0.25
0.154
0.043
-0.07
-0.089
-0.089
-0.077
-0.064
-0.058
-0.054
-0.053
-0.053
-0.051
-0.049
-0.048
-0.049
-0.048
-0.038
-0.027
-0.015
-0.003
0.01
0.016
0.034
0.051
0.069
0.086
0.102
0.103
0.105
0.107
0.106
0.101
0.098
0.097
0.082
0.071
0.059
0.045
0.027
0.022
0.002
-0.012
-0.025
-0.039
-0.051
-0.051
-0.053
-0.054
-0.053
-0.051
-0.05
-0.048
-0.046
-0.045
-0.046
-0.046
-0.045
-0.044
-0.043
-0.04
-0.04
-0.041
-0.043
-0.043
-0.043
-0.043
-0.043
-0.041
-0.039
-0.039
-0.037
-0.034
-0.033
-0.035
-0.035
-0.035
-0.029
-0.022
-0.012
0.002
0.016
0.023
0.029
0.033
0.031
0.026
0.021
0.014
