-0.037
-0.035
-0.034
-0.037
-0.042
-0.041
0.019
0.093
0.197
0.296
0.393
0.424
0.378
0.29
0.197
0.081
-0.031
-0.071
-0.088
-0.09
-0.077
-0.064
-0.056
-0.056
-0.055
-0.054
-0.052
-0.052
-0.053
-0.053
-0.045
-0.034
-0.021
-0.008
0.006
0.014
0.031
0.048
0.064
0.077
0.087
0.089
0.089
0.09
0.091
0.089
0.085
0.081
0.069
0.057
0.044
0.029
0.011
0.002
-0.015
-0.029
-0.041
-0.053
-0.065
-0.066
-0.066
-0.063
-0.061
-0.061
-0.061
-0.061
-0.063
-0.063
-0.061
-0.061
-0.063
-0.063
-0.064
-0.064
-0.062
-0.06
-0.06
-0.059
-0.06
-0.059
-0.058
-0.057
-0.058
-0.057
-0.056
-0.055
-0.053
-0.052
-0.054
-0.054
-0.051
-0.045
-0.036
-0.025
-0.012
-0.002
0.003
0.005
0.005
-0
-0.014
-0.025
-0.034
-0.043
-0.053
-0.053
-0.054
-0.054
-0.053
-0.051
-0.052
-0.052
-0.053
-0.054
-0.057
-0.054
-0.041
-0.015
0.07
0.171
0.273
0.355
0.409
0.391
0.295
0.179
0.069
-0.024
-0.102
-0.108
-0.099
-0.085
-0.074
-0.067
-0.065
-0.065
-0.066
-0.066
-0.064
-0.061
-0.06
-0.057
-0.045
-0.031
-0.014
0.003
0.02
0.029
0.041
0.054
0.067
0.077
0.085
0.086
0.084
0.083
0.082
0.081
0.076
0.071
0.056
0.04
0.025
0.01
-0.007
-0.016
-0.029
-0.041
-0.05
-0.058
-0.064
-0.066
-0.066
-0.066
-0.065
-0.062
-0.061
-0.059
-0.059
-0.061
-0.059
-0.056
-0.055
-0.053
-0.052
-0.054
-0.053
-0.053
-0.051
-0.049
-0.047
-0.049
-0.047
-0.048
-0.047
-0.045
-0.044
-0.046
-0.033
-0.025
-0.013
0.001
0.015
0.016
0.018
0.018
0.016
0.013
0.007
-0.001
-0.012
-0.023
-0.031
-0.037
-0.041
-0.039
-0.039
-0.04
-0.027
-0.026
-0.014
0.011
0.045
0.078
0.162
0.246
0.306
0.342
0.35
0.305
0.2
0.112
0.038
-0.021
-0.063
-0.057
-0.056
-0.053
-0.051
-0.053
-0.05
-0.046
-0.042
-0.037
-0.027
-0.018
-0
0.019
0.037
0.053
