0.008
-0.001
-0.013
-0.024
-0.036
-0.04
-0.044
-0.048
-0.05
-0.05
-0.049
-0.049
-0.048
-0.047
-0.046
-0.049
-0.053
-0.051
0.008
0.079
0.164
0.262
0.362
0.398
0.355
0.29
0.199
0.084
-0.03
-0.072
-0.092
-0.096
-0.086
-0.07
-0.06
-0.06
-0.061
-0.061
-0.052
-0.041
-0.027
-0.013
0.002
0.011
0.027
0.044
0.059
0.072
0.083
0.085
0.086
0.088
0.09
0.089
0.087
0.085
0.075
0.064
0.051
0.036
0.018
0.008
-0.012
-0.028
-0.041
-0.053
-0.065
-0.064
-0.064
-0.062
-0.06
-0.058
-0.058
-0.057
-0.057
-0.057
-0.056
-0.055
-0.055
-0.055
-0.055
-0.054
-0.052
-0.052
-0.052
-0.052
-0.052
-0.051
-0.048
-0.046
-0.045
-0.044
-0.045
-0.045
-0.044
-0.043
-0.043
-0.042
-0.038
-0.032
-0.023
-0.013
-0.003
0.005
0.011
0.017
0.022
0.023
0.02
0.015
0.002
-0.01
-0.021
-0.029
-0.038
-0.04
-0.04
-0.039
-0.037
-0.035
-0.035
-0.036
-0.04
-0.042
-0.046
-0.043
-0.032
-0.004
0.1
0.199
0.301
0.386
0.444
0.407
0.315
0.202
0.091
-0.004
-0.082
-0.089
-0.081
-0.067
-0.055
-0.048
-0.045
-0.045
-0.045
-0.045
-0.044
-0.043
-0.042
-0.04
-0.029
-0.016
0
0.017
0.033
0.042
0.056
0.069
0.082
0.094
0.102
0.103
0.101
0.1
0.099
0.097
0.092
0.088
0.072
0.055
0.039
0.023
0.004
-0.005
-0.021
-0.035
-0.045
-0.053
-0.06
-0.059
-0.059
-0.058
-0.058
-0.057
-0.057
-0.057
-0.057
-0.057
-0.055
-0.054
-0.053
-0.053
-0.053
-0.053
-0.051
-0.049
-0.048
-0.047
-0.048
-0.048
-0.048
-0.048
-0.047
-0.047
-0.048
-0.048
-0.047
-0.047
-0.047
-0.047
-0.041
-0.031
-0.019
-0.006
0.008
0.014
0.016
0.015
0.013
0.008
0.002
-0.005
-0.017
-0.027
-0.034
-0.04
-0.045
-0.046
-0.047
-0.048
-0.047
-0.046
-0.045
-0.045
-0.051
-0.052
-0.041
-0.017
0.018
0.069
0.17
0.256
0.317
0.353
0.364
0.304
0.19
0.093
0.014
-0.048
-0.096
-0.082
-0.071
-0.066
-0.065
-0.064
-0.065
-0.066
-0.065
-0.061
-0.055
-0.048
-0.033
-0.017
0.001
0.019
0.036
0.045
0.056
0.066
0.075
0.084
0.089
0.09
0.087
0.083
0.062
0.041
0.021
-0.001
-0.025
-0.034
-0.045
-0.055
-0.062
-0.065
-0.067
-0.067
-0.066
-0.067
-0.067
-0.065
-0.064
-0.064
-0.063
-0.063
-0.062
-0.061
-0.06
-0.06
-0.061
-0.063
-0.063
-0.062
-0.06
-0.059
-0.058
-0.058
-0.057
-0.056
-0.054
-0.054
-0.052
-0.051
-0.05
-0.048
-0.042
-0.036
-0.022
-0.011
0.002
0.013
0.02
0.018
0.014
0.009
0.002
-0.005
-0.014
-0.021
-0.029
-0.037
-0.042
-0.045
-0.045
-0.047
-0.046
-0.046
-0.046
-0.046
-0.045
-0.045
-0.011
0.011
0.046
0.092
0.149
0.181
0.219
0.256
0.268
0.256
0.219
0.177
0.103
0.038
-0.01
-0.043
-0.063
-0.063
-0.058
-0.056
-0.056
-0.056
-0.055
-0.055
-0.05
-0.047
-0.041
-0.032
-0.024
-0.019
0.003
0.019
0.035
0.053
0.071
0.074
0.086
0.093
0.099
0.104
0.108
0.104
0.097
0.089
0.08
0.071
0.061
0.053
0.033
0.013
-0.007
-0.028
-0.046
-0.05
-0.054
-0.056
-0.054
-0.054
-0.054
-0.053
-0.052
-0.051
-0.049
-0.048
-0.049
-0.049
-0.049
-0.048
-0.047
-0.045
-0.044
-0.044
-0.044
-0.043
-0.042
-0.042
-0.042
-0.041
-0.041
-0.041
-0.039
-0.039
-0.039
-0.038
-0.037
-0.034
-0.029
-0.024
-0.018
-0.01
0.001
0.012
0.021
0.028
0.03
0.028
0.017
0.005
-0.006
-0.017
-0.03
-0.033
-0.035
-0.036
-0.034
-0.034
-0.034
-0.033
-0.034
-0.034
-0.033
-0.035
-0.04
-0.041
0.014
0.08
0.161
0.255
0.356
0.397
0.361
0.301
0.217
0.108
0.005
-0.03
-0.053
-0.062
-0.057
-0.057
-0.056
-0.055
-0.054
-0.053
-0.054
-0.055
-0.043
-0.033
-0.021
-0.006
0.01
0.014
0.029
0.046
0.062
0.076
0.089
0.092
0.094
0.095
0.097
0.097
0.095
0.092
0.077
0.064
